Crime ID,Month,Reported by,Falls within,Longitude,Latitude,Location,LSOA code,LSOA name,Crime type,Last outcome category,Context
,2017-03,Sussex Police,Sussex Police,-0.228520,50.834398,On or near Sports/Recreation Area,E01031349,Adur 001A,Anti-social behaviour,,
d3baf7be6077a8c9b96b1d5e17f138316829a8c4914674c3519926efccf53fd5,2017-03,Sussex Police,Sussex Police,-0.227395,50.837493,On or near Springate Road,E01031349,Adur 001A,Violence and sexual offences,Offender given a caution,
b88b400bfc29678d35ef0353c49e8ab5649dae1a670645bb4223b3722d93cccf,2017-03,Sussex Police,Sussex Police,-0.231764,50.837253,On or near Milton Drive,E01031349,Adur 001A,Violence and sexual offences,Unable to prosecute suspect,
9a80c2657641c6a2f96ed6cf20d2a55d1d9ebf4e3b47e3e65b7190ad3865fc83,2017-03,Sussex Police,Sussex Police,-0.228651,50.841064,On or near Mile Oak Road,E01031350,Adur 001B,Drugs,Offender given penalty notice,
308ae1831cb8bcf074456f9bf3e21ee5c9b889b52fc30b7833cb40838ddf3826,2017-03,Sussex Police,Sussex Police,-0.226040,50.842877,On or near Mile Oak Gardens,E01031350,Adur 001B,Vehicle crime,Investigation complete; no suspect identified,
dae5d1ec4ac514726384d27ae12da0630f9a87265241b02c0eeb5e008ce70dce,2017-03,Sussex Police,Sussex Police,-0.226040,50.842877,On or near Mile Oak Gardens,E01031350,Adur 001B,Vehicle crime,Investigation complete; no suspect identified,
3c75e11a2e762306e3b19c5f986157097b571f64c15fe826710a448ba8b883bc,2017-03,Sussex Police,Sussex Police,-0.228609,50.840308,On or near Mile Oak Crescent,E01031350,Adur 001B,Violence and sexual offences,Awaiting court outcome,
0686eab20b6c7e9c04151a30f03d261368fc0ba44ee98bd2e264f54a2198aa09,2017-03,Sussex Police,Sussex Police,-0.225857,50.840959,On or near Prince Charles Close,E01031350,Adur 001B,Violence and sexual offences,Court result unavailable,
18c2518254de722a53e28222b51fa456500fe953ab7e8aed99bf26d40c4b8940,2017-03,Sussex Police,Sussex Police,-0.225857,50.840959,On or near Prince Charles Close,E01031350,Adur 001B,Violence and sexual offences,Status update unavailable,
f7f843d5098627ace765ccd8e6c5cf625a9d549c49b7650c4ea38b6b1f65e0a1,2017-03,Sussex Police,Sussex Police,-0.228609,50.840308,On or near Mile Oak Crescent,E01031350,Adur 001B,Violence and sexual offences,Awaiting court outcome,
a58a67f09da84fd6923da53148c455f7eaa32aea0e07f3ce1eb2a6bc206bc617,2017-03,Sussex Police,Sussex Police,-0.228609,50.840308,On or near Mile Oak Crescent,E01031350,Adur 001B,Violence and sexual offences,Unable to prosecute suspect,
fba2d394a5f2dfc19aec2c835a931d7bcf964c31afe10b093f90139c9261ba83,2017-03,Sussex Police,Sussex Police,-0.230931,50.843887,On or near Summersdeane,E01031350,Adur 001B,Violence and sexual offences,Status update unavailable,
a690f1047ca513b38472ef3dc5f5d93a632b35935d234bb3e0f264b27605d105,2017-03,Sussex Police,Sussex Police,-0.245960,50.841587,On or near Kingston Broadway,E01031351,Adur 001C,Criminal damage and arson,Offender given community sentence,
c48e2458d8d300a14822de8d1654626fcdbfce56df535754ad92662453710ca0,2017-03,Sussex Police,Sussex Police,-0.245882,50.845552,On or near Holmbush Close,E01031351,Adur 001C,Other theft,Unable to prosecute suspect,
f92240cff05363c722e951c6eb2222fd269226ad4ac339a0151f41383a70a8b9,2017-03,Sussex Police,Sussex Police,-0.245882,50.845552,On or near Holmbush Close,E01031351,Adur 001C,Other theft,Investigation complete; no suspect identified,
ce72337e01404e6f2b36b1d7b10dd3953693ef7d7f84a44aad299a66e9e93525,2017-03,Sussex Police,Sussex Police,-0.245882,50.845552,On or near Holmbush Close,E01031351,Adur 001C,Shoplifting,Defendant found not guilty,
ee27b0eafb55788dd8eda3336c3961c1df4a6fc5387caa107e8660295d1a1215,2017-03,Sussex Police,Sussex Police,-0.245882,50.845552,On or near Holmbush Close,E01031351,Adur 001C,Shoplifting,Unable to prosecute suspect,
d12ad94ea6b80787157d3b44f2eec45ab5f8b3dec1dd77c5c586df20da7f7504,2017-03,Sussex Police,Sussex Police,-0.239680,50.844658,On or near Oakapple Road,E01031351,Adur 001C,Violence and sexual offences,Investigation complete; no suspect identified,
7fb3329fe4daf0553aace570b17b1099ca47e856db85c4470b73f9b81099a518,2017-03,Sussex Police,Sussex Police,-0.245960,50.841587,On or near Kingston Broadway,E01031351,Adur 001C,Violence and sexual offences,Unable to prosecute suspect,
0a79ad11dcd4328859b5a23e7b0f73cbc49e279e22bce19009090ab464b7c3da,2017-03,Sussex Police,Sussex Police,-0.234776,50.845888,On or near Cromleigh Way,E01031351,Adur 001C,Violence and sexual offences,Investigation complete; no suspect identified,
ea05eaf34deb05f9bd6bbced7f0b25e3174b85d81a7dde73a7afdf9799175ec9,2017-03,Sussex Police,Sussex Police,-0.234776,50.845888,On or near Cromleigh Way,E01031351,Adur 001C,Violence and sexual offences,Unable to prosecute suspect,
137ea54d433dbb81d18482a0f76e3e61c93441b535c86d15922e8466470f1b03,2017-03,Sussex Police,Sussex Police,-0.234776,50.845888,On or near Cromleigh Way,E01031351,Adur 001C,Violence and sexual offences,Unable to prosecute suspect,
,2017-03,Sussex Police,Sussex Police,-0.240076,50.842820,On or near Kings Road,E01031352,Adur 001D,Anti-social behaviour,,
,2017-03,Sussex Police,Sussex Police,-0.239113,50.843876,On or near Holmbush Way,E01031352,Adur 001D,Anti-social behaviour,,
,2017-03,Sussex Police,Sussex Police,-0.237076,50.844789,On or near Whitelot Way,E01031352,Adur 001D,Anti-social behaviour,,
,2017-03,Sussex Police,Sussex Police,-0.235192,50.843142,On or near Overhill,E01031352,Adur 001D,Anti-social behaviour,,
,2017-03,Sussex Police,Sussex Police,-0.235192,50.843142,On or near Overhill,E01031352,Adur 001D,Anti-social behaviour,,
a275610b6c67b90b3e4b1cbfe156859f75860b392ca0d157ea236ec153f474a1,2017-03,Sussex Police,Sussex Police,-0.233258,50.840181,On or near Old Shoreham Road,E01031352,Adur 001D,Criminal damage and arson,Further investigation is not in the public interest,
968e5f0a883803819f75fe96da921f4be146861e66367b3b931d4a76349b033a,2017-03,Sussex Police,Sussex Police,-0.237076,50.844789,On or near Whitelot Way,E01031352,Adur 001D,Violence and sexual offences,Awaiting court outcome,
e03bd9259b8bbb0b1b268e4af1e9872cf8681ae3ccc8955799f4993cdfc90ace,2017-03,Sussex Police,Sussex Police,-0.230596,50.841463,On or near Greenways,E01031352,Adur 001D,Violence and sexual offences,Unable to prosecute suspect,
c74bee60d7ebcef98c3677fb01338c2694069ec4de584327d49dd1126b164118,2017-03,Sussex Police,Sussex Police,-0.237913,50.844802,On or near Whitelot Close,E01031352,Adur 001D,Violence and sexual offences,Further investigation is not in the public interest,
6419e3ee174e2111385ea2a394220f483c90ba290f26d814dce7e93b048cddba,2017-03,Sussex Police,Sussex Police,-0.237076,50.844789,On or near Whitelot Way,E01031352,Adur 001D,Violence and sexual offences,Awaiting court outcome,
0fb72c3cc033dad1396a1fcdcee26a6e9b0d847e3bf2d14f42940afaed744631,2017-03,Sussex Police,Sussex Police,-0.237076,50.844789,On or near Whitelot Way,E01031352,Adur 001D,Violence and sexual offences,Offender given a caution,
,2017-03,Sussex Police,Sussex Police,-0.250240,50.841093,On or near Supermarket,E01031370,Adur 001E,Anti-social behaviour,,
,2017-03,Sussex Police,Sussex Police,-0.246016,50.838961,On or near Montford Close,E01031370,Adur 001E,Anti-social behaviour,,
92a496948345990639126b77f90eb33cfd424925514ba993a886c237b1d6683a,2017-03,Sussex Police,Sussex Police,-0.250240,50.841093,On or near Supermarket,E01031370,Adur 001E,Shoplifting,Unable to prosecute suspect,
dc4b75dbeb5a6f9a73886a8e3c699979208ff131948c957c215ccb63950bf8fd,2017-03,Sussex Police,Sussex Police,-0.250240,50.841093,On or near Supermarket,E01031370,Adur 001E,Shoplifting,Offender sent to prison,
5eded9fe5ebc92b5f032c973e5a64ade97756190fcecbf929e4a947896907e7a,2017-03,Sussex Police,Sussex Police,-0.250240,50.841093,On or near Supermarket,E01031370,Adur 001E,Shoplifting,Investigation complete; no suspect identified,
3e9b3956b421f4ad47b9c35f339240e53a43a2afc51ac621c95a02a5141760a6,2017-03,Sussex Police,Sussex Police,-0.250240,50.841093,On or near Supermarket,E01031370,Adur 001E,Shoplifting,Investigation complete; no suspect identified,
a3cf4d7a6b7cfd0dc7329fd0c476854517e7dde24d6465ae2ef859cb3f0cdba7,2017-03,Sussex Police,Sussex Police,-0.250240,50.841093,On or near Supermarket,E01031370,Adur 001E,Violence and sexual offences,Investigation complete; no suspect identified,
4d973659418264cc9fe86f93f81ef909ca07bf750669196e8b1ae9aff8fc18d5,2017-03,Sussex Police,Sussex Police,-0.250240,50.841093,On or near Supermarket,E01031370,Adur 001E,Violence and sexual offences,Investigation complete; no suspect identified,
,2017-03,Sussex Police,Sussex Police,-0.242091,50.839847,On or near Cross Road Close,E01031374,Adur 001F,Anti-social behaviour,,
,2017-03,Sussex Police,Sussex Police,-0.237347,50.838732,On or near Southview Road,E01031374,Adur 001F,Anti-social behaviour,,
,2017-03,Sussex Police,Sussex Police,-0.242091,50.839847,On or near Cross Road Close,E01031374,Adur 001F,Anti-social behaviour,,
,2017-03,Sussex Police,Sussex Police,-0.242091,50.839847,On or near Cross Road Close,E01031374,Adur 001F,Anti-social behaviour,,
605e86634d7b027aa667cd1c49a8ac3b1a92a5d6822efa47ffe2d6f06a7524b1,2017-03,Sussex Police,Sussex Police,-0.234379,50.837581,On or near Southwick Street,E01031374,Adur 001F,Burglary,Investigation complete; no suspect identified,
7404c2c73aafb71b9d36f992b66bb7a8884869a1ae59865d1271262bb89df503,2017-03,Sussex Police,Sussex Police,-0.243705,50.837722,On or near Westmount Close,E01031374,Adur 001F,Criminal damage and arson,Investigation complete; no suspect identified,
7f610f4f2955551c505b95c6d47238abfafdd9364dbe3b1541ecbe17b2a4568e,2017-03,Sussex Police,Sussex Police,-0.239186,50.839281,On or near Underdown Road,E01031374,Adur 001F,Violence and sexual offences,Unable to prosecute suspect,
8bbd945ef2ed793179c9a080d0d0a30a70f4e28f1ce5018907b5a6dcb5f5a5f6,2017-03,Sussex Police,Sussex Police,-0.261599,50.840804,On or near Greenways Crescent,E01031338,Adur 002A,Criminal damage and arson,Investigation complete; no suspect identified,
d355e2c3ae1909e4e6b951b979b11b7b390f1938f2cd734d02603f94d768e63e,2017-03,Sussex Police,Sussex Police,-0.260357,50.841730,On or near Garden Close,E01031338,Adur 002A,Vehicle crime,Investigation complete; no suspect identified,
af275ec1f3c84e1549d77b5e97b13879cb6e0a80217b48a7b3ee41b248fb4ca2,2017-03,Sussex Police,Sussex Police,-0.261599,50.840804,On or near Greenways Crescent,E01031338,Adur 002A,Violence and sexual offences,Unable to prosecute suspect,
46f94421084354dc72c14b9cea393260d50440afd14954c094c12d051d29a276,2017-03,Sussex Police,Sussex Police,-0.275060,50.842461,On or near The Lynchette,E01031339,Adur 002B,Violence and sexual offences,Action to be taken by another organisation,
,2017-03,Sussex Police,Sussex Police,-0.264566,50.839715,On or near Eastern Avenue,E01031340,Adur 002C,Anti-social behaviour,,
,2017-03,Sussex Police,Sussex Police,-0.266348,50.842206,On or near Sports/Recreation Area,E01031340,Adur 002C,Anti-social behaviour,,
,2017-03,Sussex Police,Sussex Police,-0.264566,50.839715,On or near Eastern Avenue,E01031340,Adur 002C,Anti-social behaviour,,
,2017-03,Sussex Police,Sussex Police,-0.271234,50.839895,On or near Buckingham Road,E01031340,Adur 002C,Anti-social behaviour,,
,2017-03,Sussex Police,Sussex Police,-0.266348,50.842206,On or near Sports/Recreation Area,E01031340,Adur 002C,Anti-social behaviour,,
5749c6230d98b8c49b133025c3b90945685cc4efe216e3f36e4f6acf563e5735,2017-03,Sussex Police,Sussex Police,-0.264380,50.845091,On or near Slonk Hill Road,E01031340,Adur 002C,Criminal damage and arson,Status update unavailable,
7009cb231a48cfd52baedee24fc4b4e90e73acc4e91ec435483cbf45baa9ae85,2017-03,Sussex Police,Sussex Police,-0.264566,50.839715,On or near Eastern Avenue,E01031340,Adur 002C,Criminal damage and arson,Investigation complete; no suspect identified,
f268f9311da3f9b18b49883aac08f175cc87f681a5c468eac9fefd0a6d839133,2017-03,Sussex Police,Sussex Police,-0.264566,50.839715,On or near Eastern Avenue,E01031340,Adur 002C,Public order,Investigation complete; no suspect identified,
a2d050fcc656f04d42c3b993ccb10677a7dc09fee185986e90eb1f2b93321f96,2017-03,Sussex Police,Sussex Police,-0.264566,50.839715,On or near Eastern Avenue,E01031340,Adur 002C,Shoplifting,Investigation complete; no suspect identified,
6738c8393fd3262bc8c45c98fcb8442200375b3c28a006e87e1104b36e4137c1,2017-03,Sussex Police,Sussex Police,-0.272163,50.843219,On or near Edburton Gardens,E01031340,Adur 002C,Violence and sexual offences,Unable to prosecute suspect,
3e8600aa8a4925817104862f2aeba16a038de9bd86fc5b985acfdd0b4ac36260,2017-03,Sussex Police,Sussex Police,-0.284710,50.845409,On or near Steyning Road,E01031340,Adur 002C,Violence and sexual offences,Unable to prosecute suspect,
,2017-03,Sussex Police,Sussex Police,-0.260541,50.837560,On or near St Giles Close,E01031365,Adur 002D,Anti-social behaviour,,
,2017-03,Sussex Police,Sussex Police,-0.262035,50.839012,On or near Park Avenue,E01031365,Adur 002D,Anti-social behaviour,,
915cbf1822033f67d3b07b8f2990d8f219cbcfff87b4a678ee46be350a8983fa,2017-03,Sussex Police,Sussex Police,-0.262035,50.839012,On or near Park Avenue,E01031365,Adur 002D,Burglary,Investigation complete; no suspect identified,
e6606492680dfb56e2db446e367331ef2cf19a5ca2cf34e33cbe85b53b016889,2017-03,Sussex Police,Sussex Police,-0.269058,50.836158,On or near Rosslyn Court,E01031365,Adur 002D,Burglary,Investigation complete; no suspect identified,
79c8f81465b8d5c09e71b04abe34094361b5932cc8886b7e8882758e6be79ff6,2017-03,Sussex Police,Sussex Police,-0.263301,50.837053,On or near Sullington Way,E01031365,Adur 002D,Other theft,Unable to prosecute suspect,
12cea68a4c830982fee8e5d92e64b82c787d71150843e7c2ff911ffb5cbc38fe,2017-03,Sussex Police,Sussex Police,-0.269058,50.836158,On or near Rosslyn Court,E01031365,Adur 002D,Other theft,Investigation complete; no suspect identified,
c47674b7e20325e7a39bcf7412ee0c76522d0daf48999b9d4cb5f3885a06461b,2017-03,Sussex Police,Sussex Police,-0.272090,50.834413,On or near Pedestrian Subway,E01031365,Adur 002D,Violence and sexual offences,Investigation complete; no suspect identified,
0764b29ce4f475f0d28d888b810b58003884489fab7587aa9e4322d57bfc67be,2017-03,Sussex Police,Sussex Police,-0.272090,50.834413,On or near Pedestrian Subway,E01031365,Adur 002D,Violence and sexual offences,Unable to prosecute suspect,
dd9b038ee36bcffa2e20018602d0ff8aaf9eccf59c76dee9bf56a5559902e3e1,2017-03,Sussex Police,Sussex Police,-0.275416,50.838959,On or near Northbourne Close,E01031367,Adur 002E,Criminal damage and arson,Local resolution,
,2017-03,Sussex Police,Sussex Police,-0.331739,50.843501,On or near Parking Area,E01031345,Adur 003A,Anti-social behaviour,,
,2017-03,Sussex Police,Sussex Police,-0.333836,50.840069,On or near Halewick Lane,E01031345,Adur 003A,Anti-social behaviour,,
,2017-03,Sussex Police,Sussex Police,-0.333836,50.840069,On or near Halewick Lane,E01031345,Adur 003A,Anti-social behaviour,,
7a4946159e852f4b0bc6f383512fd105c7b395407f0bf69ccf078585bc471e38,2017-03,Sussex Police,Sussex Police,-0.334227,50.841441,On or near Sedbury Road,E01031345,Adur 003A,Other theft,Investigation complete; no suspect identified,
b275114627f8798384256518da5e86c8d363c1b5f6e74f8dd4b39a230036bc78,2017-03,Sussex Police,Sussex Police,-0.331812,50.841847,On or near Hillbarn Avenue,E01031345,Adur 003A,Violence and sexual offences,Court case unable to proceed,
f9a3a6e688d27f4890dfb350ba90a5a9759e22d039107b680f5592e17c94d54d,2017-03,Sussex Police,Sussex Police,-0.331812,50.841847,On or near Hillbarn Avenue,E01031345,Adur 003A,Other crime,Status update unavailable,
269547852fc2f035df0666567b376ae9863d10891df97ff73c99660d01b9ed68,2017-03,Sussex Police,Sussex Police,-0.318417,50.839119,On or near The Street,E01031353,Adur 003B,Criminal damage and arson,Investigation complete; no suspect identified,
ec692c7591f46cfab67d9f4dd271dd6c8bc39659e7a9e52b372f39c03a5615a2,2017-03,Sussex Police,Sussex Police,-0.314428,50.837865,On or near Parking Area,E01031353,Adur 003B,Violence and sexual offences,Status update unavailable,
,2017-03,Sussex Police,Sussex Police,-0.320487,50.836460,On or near Upper Brighton Road,E01031354,Adur 003C,Anti-social behaviour,,
09add48a1bda651c2a889d6f278673f4058870a491fe36f9bfeadf1237b9adb1,2017-03,Sussex Police,Sussex Police,-0.320487,50.836460,On or near Upper Brighton Road,E01031354,Adur 003C,Criminal damage and arson,Unable to prosecute suspect,
58961cdaf92288022cade95e3fef4b76602ecdc21c0091196f8ea42e18b9e4ee,2017-03,Sussex Police,Sussex Police,-0.328509,50.837717,On or near Petrol Station,E01031354,Adur 003C,Violence and sexual offences,Action to be taken by another organisation,
,2017-03,Sussex Police,Sussex Police,-0.329840,50.833842,On or near Hamilton Road,E01031355,Adur 003D,Anti-social behaviour,,
,2017-03,Sussex Police,Sussex Police,-0.329840,50.833842,On or near Hamilton Road,E01031355,Adur 003D,Anti-social behaviour,,
,2017-03,Sussex Police,Sussex Police,-0.329840,50.833842,On or near Hamilton Road,E01031355,Adur 003D,Anti-social behaviour,,
,2017-03,Sussex Police,Sussex Police,-0.328186,50.831642,On or near Lancing Close,E01031355,Adur 003D,Anti-social behaviour,,
,2017-03,Sussex Police,Sussex Police,-0.328984,50.837121,On or near Pende Close,E01031355,Adur 003D,Anti-social behaviour,,
66116fe87fca1ea2b5069b10faf919feffc1b0749f7044a34cef116ab6305bf5,2017-03,Sussex Police,Sussex Police,-0.328504,50.836656,On or near Boundstone Close,E01031355,Adur 003D,Public order,Investigation complete; no suspect identified,
b3484b056bcd389c275e10a161d7883886c89c1bc3c9afbb56bd7f519ccea94d,2017-03,Sussex Police,Sussex Police,-0.328186,50.831642,On or near Lancing Close,E01031355,Adur 003D,Theft from the person,Status update unavailable,
94bfb0e3470f0a276e1e0de559b7e1e7a271c366e1f69c37c423c96e945d9137,2017-03,Sussex Police,Sussex Police,-0.328186,50.831642,On or near Lancing Close,E01031355,Adur 003D,Violence and sexual offences,Further investigation is not in the public interest,
59e25a5d28f63027aa99803bd2ecdd2da6450f1b1713ba8e0fc7cda3de209272,2017-03,Sussex Police,Sussex Police,-0.328504,50.836656,On or near Boundstone Close,E01031355,Adur 003D,Violence and sexual offences,Unable to prosecute suspect,
2d35e913a0c1ce3386027f69dee9c8f935c3cb40595e2b57b3cb86960ddd4ae3,2017-03,Sussex Police,Sussex Police,-0.328504,50.836656,On or near Boundstone Close,E01031355,Adur 003D,Violence and sexual offences,Offender given conditional discharge,
,2017-03,Sussex Police,Sussex Police,-0.317711,50.836645,On or near A27,E01031359,Adur 003E,Anti-social behaviour,,
,2017-03,Sussex Police,Sussex Police,-0.317529,50.830626,On or near Monks Avenue,E01031359,Adur 003E,Anti-social behaviour,,
,2017-03,Sussex Police,Sussex Police,-0.319732,50.833355,On or near Orchard Avenue,E01031359,Adur 003E,Anti-social behaviour,,
19872b5411108f7458ec9702f2486d5868addc8bd92fdc7a0f9071e4182ba99e,2017-03,Sussex Police,Sussex Police,-0.317529,50.830626,On or near Monks Avenue,E01031359,Adur 003E,Burglary,Investigation complete; no suspect identified,
e5a6901a7c32f93602facc1e83a96b3448818bb1290868a55d7e599970612e39,2017-03,Sussex Police,Sussex Police,-0.319732,50.833355,On or near Orchard Avenue,E01031359,Adur 003E,Other theft,Investigation complete; no suspect identified,
08d8c002e9235f8b43476c296bcdd35bc299773d33b784cc474e10aa9c23cc50,2017-03,Sussex Police,Sussex Police,-0.319732,50.833355,On or near Orchard Avenue,E01031359,Adur 003E,Vehicle crime,Investigation complete; no suspect identified,
810df65132bb4d6d3d832705db89eb34c89450d42a7b6bbcb0f0d3f773bfe376,2017-03,Sussex Police,Sussex Police,-0.317529,50.830626,On or near Monks Avenue,E01031359,Adur 003E,Violence and sexual offences,Status update unavailable,
,2017-03,Sussex Police,Sussex Police,-0.237175,50.831975,On or near Butts Road,E01031347,Adur 004A,Anti-social behaviour,,
,2017-03,Sussex Police,Sussex Police,-0.234377,50.831240,On or near Riverside,E01031347,Adur 004A,Anti-social behaviour,,
,2017-03,Sussex Police,Sussex Police,-0.233313,50.832340,On or near Whiterock Place,E01031347,Adur 004A,Anti-social behaviour,,
,2017-03,Sussex Police,Sussex Police,-0.232490,50.831949,On or near Colebrook Road,E01031347,Adur 004A,Anti-social behaviour,,
,2017-03,Sussex Police,Sussex Police,-0.228466,50.832464,On or near The Gardens,E01031347,Adur 004A,Anti-social behaviour,,
,2017-03,Sussex Police,Sussex Police,-0.237175,50.831975,On or near Butts Road,E01031347,Adur 004A,Anti-social behaviour,,
52b1d144d044d042ce50f19457aa7acad8ac341457959dd92e2e557be2d26771,2017-03,Sussex Police,Sussex Police,-0.238672,50.832196,On or near Grange Road,E01031347,Adur 004A,Bicycle theft,Investigation complete; no suspect identified,
77ec533f3b2a4c6886f72769d34cf5bdcca84059b5f8daebb7e6d5ee5cc5846f,2017-03,Sussex Police,Sussex Police,-0.238672,50.832196,On or near Grange Road,E01031347,Adur 004A,Criminal damage and arson,Investigation complete; no suspect identified,
c09779c7d50f9a88973c49159c7790d7cf8ba4fd4626761b6e973db3f5675a9f,2017-03,Sussex Police,Sussex Police,-0.234377,50.831240,On or near Riverside,E01031347,Adur 004A,Public order,Investigation complete; no suspect identified,
d135e871ba38b168b188cef6417683346ec73b1df0626746bc4336a5219d0fc8,2017-03,Sussex Police,Sussex Police,-0.232490,50.831949,On or near Colebrook Road,E01031347,Adur 004A,Violence and sexual offences,Unable to prosecute suspect,
a26a8b816a1bac7c9065d06e042f31542476643fa771796749153cd98ca0059b,2017-03,Sussex Police,Sussex Police,-0.237175,50.831975,On or near Butts Road,E01031347,Adur 004A,Violence and sexual offences,Unable to prosecute suspect,
,2017-03,Sussex Police,Sussex Police,-0.225993,50.835142,On or near Parking Area,E01031348,Adur 004B,Anti-social behaviour,,
,2017-03,Sussex Police,Sussex Police,-0.226376,50.834402,On or near Sports/Recreation Area,E01031348,Adur 004B,Anti-social behaviour,,
,2017-03,Sussex Police,Sussex Police,-0.226376,50.834402,On or near Sports/Recreation Area,E01031348,Adur 004B,Anti-social behaviour,,
ef1965827f57338ae80b773d09f2a94058cbf6379161261c7a4d1457af9abd63,2017-03,Sussex Police,Sussex Police,-0.220024,50.833001,On or near St Aubyn'S Road,E01031348,Adur 004B,Burglary,Investigation complete; no suspect identified,
5f3b7234bcb532526de1445db11283722116b05c7b2aaa32a12049cad24cb6c3,2017-03,Sussex Police,Sussex Police,-0.219245,50.833313,On or near Summer Close,E01031348,Adur 004B,Criminal damage and arson,Investigation complete; no suspect identified,
4f50fe7c6e1ce2cd1bb7ec1ec2ae4f7a46a70fc2ba65a685e7a85e52c26e6184,2017-03,Sussex Police,Sussex Police,-0.225821,50.834411,On or near Sports/Recreation Area,E01031348,Adur 004B,Criminal damage and arson,Investigation complete; no suspect identified,
b7beea2d0e78235b211990235099929ca14f72aedc90d633cd7ecc9ff1dcb35c,2017-03,Sussex Police,Sussex Police,-0.220024,50.833001,On or near St Aubyn'S Road,E01031348,Adur 004B,Criminal damage and arson,Action to be taken by another organisation,
43f0c9ed823b96b3e428dcebc7ea1e02c03bee4a1fee6f8e0b9a801de0932e81,2017-03,Sussex Police,Sussex Police,-0.223585,50.834953,On or near Old Barn Way,E01031348,Adur 004B,Theft from the person,Investigation complete; no suspect identified,
60910b29c2899fea2f178403827a20c488d80f0769d5cd12d2edea4b42027080,2017-03,Sussex Police,Sussex Police,-0.222509,50.833381,On or near Gardner Road,E01031348,Adur 004B,Violence and sexual offences,Status update unavailable,
00d4d636f1dc4f81c163e411a93d15ac37e2387d500f0ac0804a5824132ba552,2017-03,Sussex Police,Sussex Police,-0.225821,50.834411,On or near Sports/Recreation Area,E01031348,Adur 004B,Violence and sexual offences,Investigation complete; no suspect identified,
2379a67209be8c4f99e1429dece05fb28e6b47b369a94df64dfb4860bf239203,2017-03,Sussex Police,Sussex Police,-0.219245,50.833313,On or near Summer Close,E01031348,Adur 004B,Violence and sexual offences,Status update unavailable,
8c83352e2f75753c741f5d1238f3e0d2e5aff2685bf7fd2d3ead508fc93c360f,2017-03,Sussex Police,Sussex Police,-0.219245,50.833313,On or near Summer Close,E01031348,Adur 004B,Violence and sexual offences,Unable to prosecute suspect,
,2017-03,Sussex Police,Sussex Police,-0.264785,50.834179,On or near Eastern Avenue,E01031366,Adur 004C,Anti-social behaviour,,
,2017-03,Sussex Police,Sussex Police,-0.264785,50.834179,On or near Eastern Avenue,E01031366,Adur 004C,Anti-social behaviour,,
72f6cb78faca83de932a2d97447630417687a013eec4b1e6bd5d7270655b67c0,2017-03,Sussex Police,Sussex Police,-0.261830,50.833820,On or near Corbyn Crescent,E01031366,Adur 004C,Public order,Investigation complete; no suspect identified,
6109433fa51c6d25f962446298083271bb89ef0f6db647916002e3ebd3f052f9,2017-03,Sussex Police,Sussex Police,-0.264785,50.834179,On or near Eastern Avenue,E01031366,Adur 004C,Public order,Offender sent to prison,
c2cc4c74ee804cae094913140bb18ef7825108f9d6553b8cfb255787887482bb,2017-03,Sussex Police,Sussex Police,-0.264203,50.834566,On or near Eastern Close,E01031366,Adur 004C,Shoplifting,Investigation complete; no suspect identified,
2e6f10fe8b87357ca475a5bcc336fd6c39e31190e3da2b195696364a2712871b,2017-03,Sussex Police,Sussex Police,-0.258103,50.833612,On or near Evershed Way,E01031366,Adur 004C,Shoplifting,Investigation complete; no suspect identified,
f2aa58d5876bd3fcb7461d560e1976f114c95e42c7992f346fc548bdd9b348a2,2017-03,Sussex Police,Sussex Police,-0.266992,50.835165,On or near Rosslyn Avenue,E01031366,Adur 004C,Violence and sexual offences,Unable to prosecute suspect,
f63ea19c9f487c6007f9827d1415be9699633263061c685ecdee939115478694,2017-03,Sussex Police,Sussex Police,-0.264203,50.834566,On or near Eastern Close,E01031366,Adur 004C,Violence and sexual offences,Unable to prosecute suspect,
f86c2cbd3e09455aadbff5f484cb112719718344842ecfd0a45634dc504d79cd,2017-03,Sussex Police,Sussex Police,-0.260107,50.837005,On or near Glebelands Close,E01031366,Adur 004C,Violence and sexual offences,Unable to prosecute suspect,
f2ee6f8cfbb4a9f6bece32bca233ecd0707bd322c4d2693e985059210ada2ccc,2017-03,Sussex Police,Sussex Police,-0.258103,50.833612,On or near Evershed Way,E01031366,Adur 004C,Violence and sexual offences,Offender given a caution,
,2017-03,Sussex Police,Sussex Police,-0.255768,50.838730,On or near Hammy Lane,E01031371,Adur 004D,Anti-social behaviour,,
,2017-03,Sussex Police,Sussex Police,-0.248932,50.838079,On or near Stoney Lane,E01031371,Adur 004D,Anti-social behaviour,,
,2017-03,Sussex Police,Sussex Police,-0.249611,50.837010,On or near Pebble Way,E01031371,Adur 004D,Anti-social behaviour,,
b0c894507335991488f3a187dadcebcbb39d15bff8208dc0697af057d677e73c,2017-03,Sussex Police,Sussex Police,-0.255331,50.837869,On or near Lennox Road,E01031371,Adur 004D,Burglary,Investigation complete; no suspect identified,
a0d1c152085cb0a7431a7351c447641793307016d42ecd93e8f77de264c61223,2017-03,Sussex Police,Sussex Police,-0.252265,50.835926,On or near Southview Close,E01031371,Adur 004D,Drugs,Offender given a caution,
45236e48a561d55876157f40d1917f52c1f5199fd50af9b845c66111edb73c50,2017-03,Sussex Police,Sussex Police,-0.255331,50.837869,On or near Lennox Road,E01031371,Adur 004D,Other theft,Unable to prosecute suspect,
639004dd4ca3e955976ad86f7635b9a4b6df9962cc78a361f9e182e0b48c3b77,2017-03,Sussex Police,Sussex Police,-0.255768,50.838730,On or near Hammy Lane,E01031371,Adur 004D,Vehicle crime,Investigation complete; no suspect identified,
0549249f424c631c671579a6cf3c3d87a4968852309d575a41e94a6e0da2a780,2017-03,Sussex Police,Sussex Police,-0.255768,50.838730,On or near Hammy Lane,E01031371,Adur 004D,Vehicle crime,Investigation complete; no suspect identified,
f0ae89ae8a37c082bdd946a3ff018c4023b9b06756655da6c96f4d0e6d0c505f,2017-03,Sussex Police,Sussex Police,-0.256663,50.838339,On or near Hammy Way,E01031371,Adur 004D,Violence and sexual offences,Court result unavailable,
2d87014104a91f4d6f30d3e1d3b2fb10bad32667b72646a3ed8baa161e4b0233,2017-03,Sussex Police,Sussex Police,-0.252265,50.835926,On or near Southview Close,E01031371,Adur 004D,Violence and sexual offences,Unable to prosecute suspect,
,2017-03,Sussex Police,Sussex Police,-0.254188,50.834641,On or near Kingsland Close,E01031372,Adur 004E,Anti-social behaviour,,
,2017-03,Sussex Police,Sussex Police,-0.254809,50.837771,On or near Mansell Road,E01031372,Adur 004E,Anti-social behaviour,,
,2017-03,Sussex Police,Sussex Police,-0.254188,50.834641,On or near Kingsland Close,E01031372,Adur 004E,Anti-social behaviour,,
7ba7af80ce5e4b5f1b6c154af0f20f4a825a08f95947d72eea474d0313a0c1f7,2017-03,Sussex Police,Sussex Police,-0.255885,50.835593,On or near Middle Road,E01031372,Adur 004E,Public order,Offender given absolute discharge,
31bc55fc59840fd94bf03b247a2bfd6aafb63b19d0a306b70e6115316dbe9101,2017-03,Sussex Police,Sussex Police,-0.254188,50.834641,On or near Kingsland Close,E01031372,Adur 004E,Public order,Unable to prosecute suspect,
029fc2b46c1edc76cba501a7dafa8f59f6d1124c9b8f887410ad3f9e3e501a57,2017-03,Sussex Police,Sussex Police,-0.258498,50.837880,On or near Crown Road,E01031372,Adur 004E,Violence and sexual offences,Unable to prosecute suspect,
a7ef5adb90dd8ab70887b1732cd31b92064804c93cc2722e30c09109b1d3ab18,2017-03,Sussex Police,Sussex Police,-0.254188,50.834641,On or near Kingsland Close,E01031372,Adur 004E,Violence and sexual offences,Unable to prosecute suspect,
a0787ccb4a1acc3e475dc165f9525210c04aa4ce104392fe79d53bb227d02513,2017-03,Sussex Police,Sussex Police,-0.249539,50.833627,On or near Church Green,E01031373,Adur 004F,Criminal damage and arson,Further investigation is not in the public interest,
0de52a7d239ee2f38015f662d7842b1d33e78958693698584b81c109d1190607,2017-03,Sussex Police,Sussex Police,-0.249366,50.831035,On or near Brighton Road,E01031373,Adur 004F,Public order,Status update unavailable,
31140c410bb75f6cccd088f45da9bc4fa8e64e483d435f7158fc51dcb0b72cc7,2017-03,Sussex Police,Sussex Police,-0.243818,50.833577,On or near Spinnals Grove,E01031373,Adur 004F,Public order,Status update unavailable,
ba34a92e7ec26e2f4ffa15c3af262ca67abb4baac8cab552fd96fdec5cae6cf6,2017-03,Sussex Police,Sussex Police,-0.250150,50.836281,On or near Chiltern Close,E01031373,Adur 004F,Robbery,Unable to prosecute suspect,
a73007509415ad62d8bf44b554cfbe989a2ab5e7d716292b8a5efd15f2e579c5,2017-03,Sussex Police,Sussex Police,-0.249539,50.833627,On or near Church Green,E01031373,Adur 004F,Violence and sexual offences,Unable to prosecute suspect,
7fbb946082d39a273e9561c92e74e4e17b42dd24e6a02e90c51e4bb49908417e,2017-03,Sussex Police,Sussex Police,-0.249539,50.833627,On or near Church Green,E01031373,Adur 004F,Violence and sexual offences,Offender given a caution,
c84375c05773b1aa48310acec7c3c06de9693f76fa6918ad7027068ee2cb8f77,2017-03,Sussex Police,Sussex Police,-0.249539,50.833627,On or near Church Green,E01031373,Adur 004F,Violence and sexual offences,Unable to prosecute suspect,
1a9174d667da2125de0f5a26aeef190ddab660232de0cece4bfa649968ababf2,2017-03,Sussex Police,Sussex Police,-0.249539,50.833627,On or near Church Green,E01031373,Adur 004F,Violence and sexual offences,Investigation complete; no suspect identified,
,2017-03,Sussex Police,Sussex Police,-0.239548,50.832704,On or near Waterdyke Avenue,E01031375,Adur 004G,Anti-social behaviour,,
,2017-03,Sussex Police,Sussex Police,-0.242462,50.831497,On or near Parking Area,E01031375,Adur 004G,Anti-social behaviour,,
,2017-03,Sussex Police,Sussex Police,-0.239548,50.832704,On or near Waterdyke Avenue,E01031375,Adur 004G,Anti-social behaviour,,
,2017-03,Sussex Police,Sussex Police,-0.236506,50.834276,On or near Southwick Square,E01031375,Adur 004G,Anti-social behaviour,,
,2017-03,Sussex Police,Sussex Police,-0.242462,50.831497,On or near Parking Area,E01031375,Adur 004G,Anti-social behaviour,,
,2017-03,Sussex Police,Sussex Police,-0.239044,50.835529,On or near The Cotswolds,E01031375,Adur 004G,Anti-social behaviour,,
,2017-03,Sussex Police,Sussex Police,-0.242462,50.831497,On or near Parking Area,E01031375,Adur 004G,Anti-social behaviour,,
,2017-03,Sussex Police,Sussex Police,-0.237716,50.836831,On or near B2167,E01031375,Adur 004G,Anti-social behaviour,,
,2017-03,Sussex Police,Sussex Police,-0.235698,50.834624,On or near Supermarket,E01031375,Adur 004G,Anti-social behaviour,,
,2017-03,Sussex Police,Sussex Police,-0.236506,50.834276,On or near Southwick Square,E01031375,Adur 004G,Anti-social behaviour,,
,2017-03,Sussex Police,Sussex Police,-0.236506,50.834276,On or near Southwick Square,E01031375,Adur 004G,Anti-social behaviour,,
,2017-03,Sussex Police,Sussex Police,-0.238756,50.832611,On or near Grange Road,E01031375,Adur 004G,Anti-social behaviour,,
4a1b33e6a6aa717be34a90c87545d51e1441e8ebe3dcfc367c1c26c8e550511d,2017-03,Sussex Police,Sussex Police,-0.246727,50.834772,On or near Montague Close,E01031375,Adur 004G,Burglary,Investigation complete; no suspect identified,
dacf8ebfffdf1ab9a16f9af9a108b9b2485a2ef05bbcdae22b884063fb583ce8,2017-03,Sussex Police,Sussex Police,-0.238181,50.832782,On or near Green Close,E01031375,Adur 004G,Burglary,Status update unavailable,
28f4c26243b46330913e83f81711b0111cb480ea41ce15b32f9841d0ae3b81ab,2017-03,Sussex Police,Sussex Police,-0.236506,50.834276,On or near Southwick Square,E01031375,Adur 004G,Criminal damage and arson,Investigation complete; no suspect identified,
da33a47925c99ba82eafeffc1983dd5440a38198b73c174268e3bfc411d60258,2017-03,Sussex Police,Sussex Police,-0.242687,50.837230,On or near Meadway Court,E01031375,Adur 004G,Criminal damage and arson,Investigation complete; no suspect identified,
0748207ee3b76b9378015dc3097e4650d63263ad9ef678251244155b6c4e5d4e,2017-03,Sussex Police,Sussex Police,-0.235698,50.834624,On or near Supermarket,E01031375,Adur 004G,Criminal damage and arson,Investigation complete; no suspect identified,
6b78defcd9d762043d35ae808e100793a4c347e91fe96b5ae1412a9e186c1957,2017-03,Sussex Police,Sussex Police,-0.236506,50.834276,On or near Southwick Square,E01031375,Adur 004G,Criminal damage and arson,Investigation complete; no suspect identified,
ac4149e66829777f96655e5566ab21bc74234a4285382b73786cef10288649e0,2017-03,Sussex Police,Sussex Police,-0.235698,50.834624,On or near Supermarket,E01031375,Adur 004G,Other theft,Court result unavailable,
1abe8f239926c08d74d5fb74c94c46512fa549148e4e8f29a29f2b7b00801dd0,2017-03,Sussex Police,Sussex Police,-0.236506,50.834276,On or near Southwick Square,E01031375,Adur 004G,Other theft,Investigation complete; no suspect identified,
7686e8623a8f5be6804793c0a3bc5132376131221a1d7fa29dce1e03b72d4206,2017-03,Sussex Police,Sussex Police,-0.242462,50.831497,On or near Parking Area,E01031375,Adur 004G,Other theft,Investigation complete; no suspect identified,
eb5c2e0be0628955b12c1a0923608b36c949e3654b5cae6a7febbcd436ab3ee0,2017-03,Sussex Police,Sussex Police,-0.235698,50.834624,On or near Supermarket,E01031375,Adur 004G,Possession of weapons,Status update unavailable,
c6dc7daa260a925548d0774d171dfd943fa1346509f6dcf6cb25d288be4673ff,2017-03,Sussex Police,Sussex Police,-0.240684,50.834951,On or near Albert Road,E01031375,Adur 004G,Possession of weapons,Court result unavailable,
073212037b5eaa4d9eaa3bbd58ea9c18ef0b245d53cd6f8a605299d2423833a9,2017-03,Sussex Police,Sussex Police,-0.239044,50.835529,On or near The Cotswolds,E01031375,Adur 004G,Public order,Investigation complete; no suspect identified,
a2d8f604098535b262a2368e1de3203540a13e899dccab32f95876eac162fa02,2017-03,Sussex Police,Sussex Police,-0.244301,50.835842,On or near Kingston Lane,E01031375,Adur 004G,Public order,Investigation complete; no suspect identified,
71b3f283798deb74761540d24d7747847fc8c5000f20d79c0c4627440ecc7d2c,2017-03,Sussex Police,Sussex Police,-0.235698,50.834624,On or near Supermarket,E01031375,Adur 004G,Shoplifting,Investigation complete; no suspect identified,
a7e181551c6c604ff6840fe2b6a5446a09d7cfadfb420f8148f1c96687a420f2,2017-03,Sussex Police,Sussex Police,-0.235698,50.834624,On or near Supermarket,E01031375,Adur 004G,Shoplifting,Further investigation is not in the public interest,
a57cbc054b34d9038ed7fcca38e40f25c14a0871fbcaa763cf5ad96ec4549c91,2017-03,Sussex Police,Sussex Police,-0.236506,50.834276,On or near Southwick Square,E01031375,Adur 004G,Violence and sexual offences,Investigation complete; no suspect identified,
a79765b3afb01e60844072f5dfdf2243748e39193fb5d7c13e40828e7bb0ba4a,2017-03,Sussex Police,Sussex Police,-0.242462,50.831497,On or near Parking Area,E01031375,Adur 004G,Violence and sexual offences,Unable to prosecute suspect,
048a5cec818110ef0970597de5674b5b8ad6d895bbce374bea811382b19e2dbe,2017-03,Sussex Police,Sussex Police,-0.242462,50.831497,On or near Parking Area,E01031375,Adur 004G,Violence and sexual offences,Status update unavailable,
d9924318813e56e79a8ce89b060ff9917038957a88141b04a9f1a71998b4667e,2017-03,Sussex Police,Sussex Police,-0.242462,50.831497,On or near Parking Area,E01031375,Adur 004G,Violence and sexual offences,Investigation complete; no suspect identified,
90bb37eddeff86e1bf2c688d136c33d1569c53ec19b4b8e1e0d4c3c31964b5b2,2017-03,Sussex Police,Sussex Police,-0.236674,50.833587,On or near The Twitten,E01031375,Adur 004G,Violence and sexual offences,Offender given a caution,
d7f133424b4e5e3cd26423936acfa4b8072e766f068c8261e237dbb75a7ace39,2017-03,Sussex Police,Sussex Police,-0.245166,50.835864,On or near Ashcroft Close,E01031375,Adur 004G,Violence and sexual offences,Unable to prosecute suspect,
,2017-03,Sussex Police,Sussex Police,-0.265806,50.828861,On or near Shingle Road,E01031356,Adur 005A,Anti-social behaviour,,
,2017-03,Sussex Police,Sussex Police,-0.265806,50.828861,On or near Shingle Road,E01031356,Adur 005A,Anti-social behaviour,,
,2017-03,Sussex Police,Sussex Police,-0.268755,50.828608,On or near The Meadway,E01031356,Adur 005A,Anti-social behaviour,,
b3ff28b192e5b0ae104044e1ec3524e9f37b8591f0649425bc758b29a2cfacdd,2017-03,Sussex Police,Sussex Police,-0.265806,50.828861,On or near Shingle Road,E01031356,Adur 005A,Criminal damage and arson,Investigation complete; no suspect identified,
899d8572c593bf2ad50295780eaaa3b89878495374489c3fb8b4e9b33b259053,2017-03,Sussex Police,Sussex Police,-0.268755,50.828608,On or near The Meadway,E01031356,Adur 005A,Vehicle crime,Investigation complete; no suspect identified,
,2017-03,Sussex Police,Sussex Police,-0.280935,50.828689,On or near Parking Area,E01031357,Adur 005B,Anti-social behaviour,,
,2017-03,Sussex Police,Sussex Police,-0.287151,50.828394,On or near Petrol Station,E01031357,Adur 005B,Anti-social behaviour,,
,2017-03,Sussex Police,Sussex Police,-0.272033,50.828666,On or near Ferry Road,E01031357,Adur 005B,Anti-social behaviour,,
b55215477d9f3f0cb198f8d5854aeee1e46cee3020c7af8276da550fa024f902,2017-03,Sussex Police,Sussex Police,-0.276035,50.828338,On or near Raleigh Close,E01031357,Adur 005B,Criminal damage and arson,Offender given a caution,
d36c9bb0b055f54e7bf78920e431ecc2978ff7247360189c17e0e5cfb89377c7,2017-03,Sussex Police,Sussex Police,-0.288376,50.825957,On or near West Beach Road,E01031357,Adur 005B,Other theft,Investigation complete; no suspect identified,
ed5d449809246e3bc8fd6edb9e8d3c960a81701ec1fd74a4efd67390643c71b3,2017-03,Sussex Police,Sussex Police,-0.290298,50.826614,On or near Seahaven Gardens,E01031357,Adur 005B,Other theft,Status update unavailable,
711811db65454200b655128daa7a9139533e991468c43808e43739a2ec0d0b89,2017-03,Sussex Police,Sussex Police,-0.287151,50.828394,On or near Petrol Station,E01031357,Adur 005B,Other theft,Investigation complete; no suspect identified,
0a83710717d3ff9870f8d4c1d2ad1acd9b70cb6176daef386f5c35113b4c4537,2017-03,Sussex Police,Sussex Police,-0.272033,50.828666,On or near Ferry Road,E01031357,Adur 005B,Other theft,Investigation complete; no suspect identified,
dc62886f9cf2714539bcf3aa3121dc89602f41292d5cf07d31528d13f5fc3454,2017-03,Sussex Police,Sussex Police,-0.272033,50.828666,On or near Ferry Road,E01031357,Adur 005B,Shoplifting,Investigation complete; no suspect identified,
d18c8ee6eb2c16af4df093e221113a39c307eb6b88ad73521be400f517a5a8b5,2017-03,Sussex Police,Sussex Police,-0.272033,50.828666,On or near Ferry Road,E01031357,Adur 005B,Shoplifting,Offender given a caution,
9c16c1d5fb303bac167fb6ca3cd69e63035cee165bb05a7a161d3b86262d67de,2017-03,Sussex Police,Sussex Police,-0.288323,50.827404,On or near Kings Drive,E01031357,Adur 005B,Vehicle crime,Investigation complete; no suspect identified,
3392f05067587651f28d29a86b8dc05fe521e5ce826ceb28271941ff0e787a66,2017-03,Sussex Police,Sussex Police,-0.263017,50.830555,On or near Anchor Close,E01031357,Adur 005B,Violence and sexual offences,Status update unavailable,
c34d15ff122530db7b48186dea8e431c5a0032dc5556d2ebfbebf3eed6693287,2017-03,Sussex Police,Sussex Police,-0.280935,50.828689,On or near Parking Area,E01031357,Adur 005B,Violence and sexual offences,Further investigation is not in the public interest,
a7161175da0a80feb3314af7ae8673328267731a7df1447720887212cd6fd4e4,2017-03,Sussex Police,Sussex Police,-0.280935,50.828689,On or near Parking Area,E01031357,Adur 005B,Violence and sexual offences,Investigation complete; no suspect identified,
,2017-03,Sussex Police,Sussex Police,-0.269913,50.833751,On or near Ham Road,E01031364,Adur 005C,Anti-social behaviour,,
,2017-03,Sussex Police,Sussex Police,-0.278325,50.834020,On or near Victoria Road,E01031364,Adur 005C,Anti-social behaviour,,
,2017-03,Sussex Police,Sussex Police,-0.270626,50.833303,On or near Parking Area,E01031364,Adur 005C,Anti-social behaviour,,
,2017-03,Sussex Police,Sussex Police,-0.269990,50.833213,On or near Surry Street,E01031364,Adur 005C,Anti-social behaviour,,
,2017-03,Sussex Police,Sussex Police,-0.275094,50.832677,On or near Church Street,E01031364,Adur 005C,Anti-social behaviour,,
,2017-03,Sussex Police,Sussex Police,-0.272026,50.834232,On or near Buckingham Road,E01031364,Adur 005C,Anti-social behaviour,,
,2017-03,Sussex Police,Sussex Police,-0.269990,50.833213,On or near Surry Street,E01031364,Adur 005C,Anti-social behaviour,,
,2017-03,Sussex Police,Sussex Police,-0.279248,50.832864,On or near Parking Area,E01031364,Adur 005C,Anti-social behaviour,,
,2017-03,Sussex Police,Sussex Police,-0.272026,50.834232,On or near Buckingham Road,E01031364,Adur 005C,Anti-social behaviour,,
,2017-03,Sussex Police,Sussex Police,-0.269913,50.833751,On or near Ham Road,E01031364,Adur 005C,Anti-social behaviour,,
,2017-03,Sussex Police,Sussex Police,-0.278968,50.833921,On or near Old Shoreham Road,E01031364,Adur 005C,Anti-social behaviour,,
,2017-03,Sussex Police,Sussex Police,-0.275647,50.831921,On or near Supermarket,E01031364,Adur 005C,Anti-social behaviour,,
,2017-03,Sussex Police,Sussex Police,-0.276752,50.832009,On or near High Street,E01031364,Adur 005C,Anti-social behaviour,,
943ec13ec9859b7a95d78638967fb57ac7a571ba67ae048f286b7502ffb7e5fb,2017-03,Sussex Police,Sussex Police,-0.279766,50.833825,On or near Ropetackle,E01031364,Adur 005C,Bicycle theft,Investigation complete; no suspect identified,
899d321b785eb01cfb0871e7654cd7c67efa818dc62c282d771eaf8d806a9b23,2017-03,Sussex Police,Sussex Police,-0.269650,50.832434,On or near Brighton Road,E01031364,Adur 005C,Burglary,Investigation complete; no suspect identified,
20b61142a205cc712e7aab07baea0e4c58aec5067e8427b273a8dab66b051b63,2017-03,Sussex Police,Sussex Police,-0.276106,50.832575,On or near Parking Area,E01031364,Adur 005C,Burglary,Unable to prosecute suspect,
6dd68144fd1589682442f5b9b361331f9adfb6e601aa83f7c356ea2046a694ee,2017-03,Sussex Police,Sussex Police,-0.276106,50.832575,On or near Parking Area,E01031364,Adur 005C,Criminal damage and arson,Local resolution,
91e761c655b099615d28723589fafb318ed179b0479d67ba8ba6576f90affd62,2017-03,Sussex Police,Sussex Police,-0.267245,50.832570,On or near Humphrey'S Gap,E01031364,Adur 005C,Other theft,Investigation complete; no suspect identified,
88f67608b182f7d2024b31cfd5105eeae87414dcf6dba28f7715cea2079460b1,2017-03,Sussex Police,Sussex Police,-0.269650,50.832434,On or near Brighton Road,E01031364,Adur 005C,Other theft,Investigation complete; no suspect identified,
c0f086ed9a6e0964675b2d7d2afd852eaf5f34d702fd8cd7141a526456916fd9,2017-03,Sussex Police,Sussex Police,-0.273951,50.832084,On or near Petrol Station,E01031364,Adur 005C,Other theft,Status update unavailable,
2a0070dc4505a3867886f8f386191e9edee50b3ca70c730f5c007127a28503b0,2017-03,Sussex Police,Sussex Police,-0.279766,50.833825,On or near Ropetackle,E01031364,Adur 005C,Public order,Unable to prosecute suspect,
f0bce6505c032e092032bcfc70f200dcf1141de5d39f76051a699f4571267ac6,2017-03,Sussex Police,Sussex Police,-0.273951,50.832084,On or near Petrol Station,E01031364,Adur 005C,Public order,Formal action is not in the public interest,
a1fb34c373363ea36a998a3f1d2954ff39c561d7062ce4b32eaa2954eab7726a,2017-03,Sussex Police,Sussex Police,-0.274193,50.832475,On or near Parking Area,E01031364,Adur 005C,Shoplifting,Investigation complete; no suspect identified,
820bcb2a53bd75bf27c361b6da14d4f728e994bfc870a1343e533ba5d9cc6466,2017-03,Sussex Police,Sussex Police,-0.276752,50.832009,On or near High Street,E01031364,Adur 005C,Shoplifting,Offender given community sentence,
1d9db24b9959c83714d25b4decd7c61b396276597fb2a56ebf43871d03571c86,2017-03,Sussex Police,Sussex Police,-0.274193,50.832475,On or near Parking Area,E01031364,Adur 005C,Shoplifting,Investigation complete; no suspect identified,
15454a71b4b317d1b0d50593b23fce560239a1363b5517534356718177069324,2017-03,Sussex Police,Sussex Police,-0.270626,50.833303,On or near Parking Area,E01031364,Adur 005C,Shoplifting,Offender fined,
fe9725ef4d543d9977a206029ff4f70810433f9ab150017267dc1b5e651f89ff,2017-03,Sussex Police,Sussex Police,-0.271948,50.832495,On or near New Road,E01031364,Adur 005C,Violence and sexual offences,Further investigation is not in the public interest,
358c36fcc39b188336ddb6feb224bcb32e33fdcb75a36676d6ce0b506b815d41,2017-03,Sussex Police,Sussex Police,-0.269913,50.833751,On or near Ham Road,E01031364,Adur 005C,Violence and sexual offences,Further investigation is not in the public interest,
98f676e00765fef5aabad053bbe5a2f6882d7c2353417b10262bac24d759a62c,2017-03,Sussex Police,Sussex Police,-0.269913,50.833751,On or near Ham Road,E01031364,Adur 005C,Violence and sexual offences,Investigation complete; no suspect identified,
0857ceb2f3040b6346dd678be319dec4b6e0e069de4357cd7c807474ac507c5c,2017-03,Sussex Police,Sussex Police,-0.274126,50.834272,On or near Western Road,E01031364,Adur 005C,Violence and sexual offences,Unable to prosecute suspect,
5c75cf16e1d34d49433db4222e3828876056d371d3d08a9598956f21e3fbd0af,2017-03,Sussex Police,Sussex Police,-0.276106,50.832575,On or near Parking Area,E01031364,Adur 005C,Violence and sexual offences,Unable to prosecute suspect,
3a0d85d826b4cb5208b521289f730f45ab2dce039d10f3e2b282cc2b8f921516,2017-03,Sussex Police,Sussex Police,-0.278731,50.833009,On or near High Street,E01031364,Adur 005C,Violence and sexual offences,Status update unavailable,
772b4ee667e0dafcb4996aba97424512506110031ef2b9883de23234d6e99356,2017-03,Sussex Police,Sussex Police,-0.276910,50.831939,On or near Town Quay,E01031364,Adur 005C,Violence and sexual offences,Unable to prosecute suspect,
718569f0d916a923bbcc6ed7120c7a91724cd984c5e64f0508b08785da034b64,2017-03,Sussex Police,Sussex Police,-0.279766,50.833825,On or near Ropetackle,E01031364,Adur 005C,Violence and sexual offences,Unable to prosecute suspect,
,2017-03,Sussex Police,Sussex Police,-0.280270,50.835973,On or near Freehold Street,E01031368,Adur 005D,Anti-social behaviour,,
,2017-03,Sussex Police,Sussex Police,-0.279794,50.835013,On or near Buckingham Street,E01031368,Adur 005D,Anti-social behaviour,,
0b5b06916b104bf2a64d5d4b6bb2e86729272b0ac855df505f68fe5a2d11fd5e,2017-03,Sussex Police,Sussex Police,-0.280270,50.835973,On or near Freehold Street,E01031368,Adur 005D,Bicycle theft,Investigation complete; no suspect identified,
a2717379541059f676543c9f36aeb8e210643131975edbd6e688a19d46b347ca,2017-03,Sussex Police,Sussex Police,-0.280270,50.835973,On or near Freehold Street,E01031368,Adur 005D,Criminal damage and arson,Investigation complete; no suspect identified,
f82cff9525574c3c172f95ae27c6de2a1072bcd826fbd905fbe5caf72855177d,2017-03,Sussex Police,Sussex Police,-0.280270,50.835973,On or near Freehold Street,E01031368,Adur 005D,Other theft,Status update unavailable,
26e6b583a51e175829f0ad6c5e5c0258d43b742a37d1874ea6d2ae26874a3cd5,2017-03,Sussex Police,Sussex Police,-0.280270,50.835973,On or near Freehold Street,E01031368,Adur 005D,Public order,Unable to prosecute suspect,
bbb97fde83e04fa495a81c458f687b504076bb1d1b49e52ab685c3f32caa74c7,2017-03,Sussex Police,Sussex Police,-0.280270,50.835973,On or near Freehold Street,E01031368,Adur 005D,Public order,Status update unavailable,
2cac456449e814c91a5249642877d96f8974f5389919823dce59dc3d92c28b4f,2017-03,Sussex Police,Sussex Police,-0.285716,50.840433,On or near St Nicolas Lane,E01031368,Adur 005D,Vehicle crime,Investigation complete; no suspect identified,
02b16d7b0fb94bfeb473be707418949e1c7544d285c8b7fdc1627f94ef27696d,2017-03,Sussex Police,Sussex Police,-0.284701,50.840238,On or near The Street,E01031368,Adur 005D,Violence and sexual offences,Investigation complete; no suspect identified,
,2017-03,Sussex Police,Sussex Police,-0.274216,50.835677,On or near Raven'S Road,E01031369,Adur 005E,Anti-social behaviour,,
,2017-03,Sussex Police,Sussex Police,-0.275903,50.836169,On or near Southdown Road,E01031369,Adur 005E,Anti-social behaviour,,
7cd9ca2332bf80c73c02f76d25a22ac0768bfd8475127631372280a0c55b3d8e,2017-03,Sussex Police,Sussex Police,-0.275326,50.837555,On or near Mill Lane,E01031369,Adur 005E,Criminal damage and arson,Investigation complete; no suspect identified,
d78ffc6637bb4e97036e1a0d4692fccc161f8085df657ea321bce993788b14ef,2017-03,Sussex Police,Sussex Police,-0.271818,50.835245,On or near Parking Area,E01031369,Adur 005E,Criminal damage and arson,Unable to prosecute suspect,
62160d9b20ea11a3df8a00e8f227257ad6f91343aeb43513dd95eb508de9d438,2017-03,Sussex Police,Sussex Police,-0.275326,50.837555,On or near Mill Lane,E01031369,Adur 005E,Vehicle crime,Unable to prosecute suspect,
,2017-03,Sussex Police,Sussex Police,-0.337957,50.836017,On or near Millfield,E01031344,Adur 006A,Anti-social behaviour,,
,2017-03,Sussex Police,Sussex Police,-0.337014,50.835779,On or near Busticle Lane,E01031344,Adur 006A,Anti-social behaviour,,
,2017-03,Sussex Police,Sussex Police,-0.337957,50.836017,On or near Millfield,E01031344,Adur 006A,Anti-social behaviour,,
f36081b0c1b8dd942238cc3f116378f111f247b89ad9129c13ce7e60c0c30f9d,2017-03,Sussex Police,Sussex Police,-0.337957,50.836017,On or near Millfield,E01031344,Adur 006A,Violence and sexual offences,Unable to prosecute suspect,
931567a8e91381e640fa481d666a0e5f5c8e5066b9f08567e5c571ac83185fd5,2017-03,Sussex Police,Sussex Police,-0.337014,50.835779,On or near Busticle Lane,E01031344,Adur 006A,Violence and sexual offences,Investigation complete; no suspect identified,
3ea54287c040268836d27db8366e83e0aa30f6b666268dc1640c0ff385001fef,2017-03,Sussex Police,Sussex Police,-0.337957,50.836017,On or near Millfield,E01031344,Adur 006A,Violence and sexual offences,Further investigation is not in the public interest,
b644f961d8f37bf7466200fa80022ec623144c24c647132cc8114c9e4be8303a,2017-03,Sussex Police,Sussex Police,-0.329856,50.838159,On or near Beeding Close,E01031344,Adur 006A,Violence and sexual offences,Formal action is not in the public interest,
,2017-03,Sussex Police,Sussex Police,-0.334553,50.831499,On or near The Deneway,E01031346,Adur 006B,Anti-social behaviour,,
,2017-03,Sussex Police,Sussex Police,-0.340766,50.832100,On or near Test Road,E01031346,Adur 006B,Anti-social behaviour,,
,2017-03,Sussex Police,Sussex Police,-0.336173,50.829868,On or near Cokeham Gardens,E01031346,Adur 006B,Anti-social behaviour,,
a0ba3929fde1edde77b7190ab9bb2564c394703529d2dc814b2db0b12fc66889,2017-03,Sussex Police,Sussex Police,-0.337570,50.832523,On or near Osborne Drive,E01031346,Adur 006B,Criminal damage and arson,Investigation complete; no suspect identified,
45dbf5038e5e453ce9146c9d83ea90c104219eddf4d98eca7bda21030884c188,2017-03,Sussex Police,Sussex Police,-0.334052,50.833615,On or near Abbey Road,E01031346,Adur 006B,Other theft,Investigation complete; no suspect identified,
a6227c49c811264ca0c864bd4242d3b0d8a54882d45603384c8145830f1a945a,2017-03,Sussex Police,Sussex Police,-0.335734,50.830635,On or near Garden Close,E01031346,Adur 006B,Public order,Investigation complete; no suspect identified,
f8d800e68a9a6cde2ed8de1aac3eec42421cbdff5622a40eca9f3c3f8cf7c4c8,2017-03,Sussex Police,Sussex Police,-0.337570,50.832523,On or near Osborne Drive,E01031346,Adur 006B,Shoplifting,Investigation complete; no suspect identified,
4c38cd4e8499a522244e5175e403517a43646aba74a66d2ec4e909c0ba5401fc,2017-03,Sussex Police,Sussex Police,-0.336767,50.829543,On or near Cokeham Lane,E01031346,Adur 006B,Theft from the person,Investigation complete; no suspect identified,
b494f9b45f7c83eafdf9b2cce0997f4c1ffde28e5445d7f45762752c05cad6be,2017-03,Sussex Police,Sussex Police,-0.335238,50.832606,On or near Cokeham Road,E01031346,Adur 006B,Violence and sexual offences,Unable to prosecute suspect,
,2017-03,Sussex Police,Sussex Police,-0.341508,50.832803,On or near Blacksmiths Crescent,E01031361,Adur 006C,Anti-social behaviour,,
9b04d4c8c2344ffed631e102405646fe78cef1ec997ff275efcad6330a6a06d2,2017-03,Sussex Police,Sussex Police,-0.346309,50.833168,On or near Tristram Close,E01031361,Adur 006C,Criminal damage and arson,Investigation complete; no suspect identified,
46e24c00b6057825447ac973674b9581769dc4c819a2c6456dfc8606519d0741,2017-03,Sussex Police,Sussex Police,-0.344695,50.830627,On or near Sylvan Road,E01031361,Adur 006C,Criminal damage and arson,Investigation complete; no suspect identified,
b1eec7f2a1e7ede7fe8785ba53223137e00375d258fea2693cd1e0c26386c1cb,2017-03,Sussex Police,Sussex Police,-0.346847,50.831593,On or near Peveril Close,E01031361,Adur 006C,Criminal damage and arson,Investigation complete; no suspect identified,
be5e2b5127582fcef2d703b6bf28b4dc28b6fd6efa7ff4c0ff7950d502a231c7,2017-03,Sussex Police,Sussex Police,-0.346803,50.832438,On or near Peveril Drive,E01031361,Adur 006C,Criminal damage and arson,Unable to prosecute suspect,
58afb819981f4f5107379085e572c260eb040c8706cf4e8651501c7dfd6c908a,2017-03,Sussex Police,Sussex Police,-0.341508,50.832803,On or near Blacksmiths Crescent,E01031361,Adur 006C,Public order,Further investigation is not in the public interest,
349d04f299bb34a93a497ed4ae0f61d6ead6771b856553aa48d9b975ca330a6f,2017-03,Sussex Police,Sussex Police,-0.344695,50.830627,On or near Sylvan Road,E01031361,Adur 006C,Vehicle crime,Investigation complete; no suspect identified,
127e510b4ae77c5e446c2afbe704e08fbb13e32ddb147b50485b956006a61ce4,2017-03,Sussex Police,Sussex Police,-0.349709,50.838630,On or near Sports/Recreation Area,E01031362,Adur 006D,Burglary,Investigation complete; no suspect identified,
c96b1b1661a687af8834f153ed51e613939a97828137ca54c997b1c6bd428512,2017-03,Sussex Police,Sussex Police,-0.344545,50.834852,On or near Malthouse Close,E01031362,Adur 006D,Other theft,Investigation complete; no suspect identified,
19c270da2df0e1d9161809c29aaf6857dac7e0a816421abb25c14d49ed4841e0,2017-03,Sussex Police,Sussex Police,-0.349709,50.838630,On or near Sports/Recreation Area,E01031362,Adur 006D,Vehicle crime,Investigation complete; no suspect identified,
858f9f16d6e6845047808b7f263fcfc4603528bb3c9e26e903d03ed7d9777316,2017-03,Sussex Police,Sussex Police,-0.334758,50.828930,On or near Grafton Drive,E01031363,Adur 006E,Burglary,Investigation complete; no suspect identified,
33aa5d5021409e6efa040dc59fff7424328107df93b9d375cfdac9dc6d797639,2017-03,Sussex Police,Sussex Police,-0.337253,50.828633,On or near Coniston Close,E01031363,Adur 006E,Criminal damage and arson,Investigation complete; no suspect identified,
c0219255ace443bd92b47b0c3653245ece7ac99969bd13b125e76f4cd0612225,2017-03,Sussex Police,Sussex Police,-0.340805,50.826192,On or near Western Road,E01031363,Adur 006E,Criminal damage and arson,Investigation complete; no suspect identified,
f90b30dec11bc9fc2235cd929abe51c7369e4fe949b4802e731c70dbdaea942c,2017-03,Sussex Police,Sussex Police,-0.338813,50.828691,On or near Ambleside Road,E01031363,Adur 006E,Possession of weapons,Unable to prosecute suspect,
,2017-03,Sussex Police,Sussex Police,-0.290611,50.833571,On or near Airport/Airfield,E01031358,Adur 007A,Anti-social behaviour,,
,2017-03,Sussex Police,Sussex Police,-0.314766,50.834399,On or near Woodard Road,E01031358,Adur 007A,Anti-social behaviour,,
,2017-03,Sussex Police,Sussex Police,-0.291307,50.832808,On or near Shoreham Airport,E01031358,Adur 007A,Anti-social behaviour,,
,2017-03,Sussex Police,Sussex Police,-0.314766,50.834399,On or near Woodard Road,E01031358,Adur 007A,Anti-social behaviour,,
,2017-03,Sussex Police,Sussex Police,-0.314766,50.834399,On or near Woodard Road,E01031358,Adur 007A,Anti-social behaviour,,
265a557c90cdf635dc846c5b280eafcebd33c5982650f57a8e53286d94864036,2017-03,Sussex Police,Sussex Police,-0.316929,50.834673,On or near Curvins Way,E01031358,Adur 007A,Burglary,Investigation complete; no suspect identified,
896f3b8c22a7a8ee87a5f6d97a2176fe4357694cf628e95fcd7ee1a0e0d6ac37,2017-03,Sussex Police,Sussex Police,-0.314766,50.834399,On or near Woodard Road,E01031358,Adur 007A,Burglary,Investigation complete; no suspect identified,
4ff5b48e079d92351b883536a95d36ed07eff743d65639c965fd40c371e8e15b,2017-03,Sussex Police,Sussex Police,-0.314766,50.834399,On or near Woodard Road,E01031358,Adur 007A,Criminal damage and arson,Investigation complete; no suspect identified,
62a90cf3ee26216ff6628b7f10e995fd2a8998d6b22aac4bce6c65c2a6c157a8,2017-03,Sussex Police,Sussex Police,-0.314256,50.835174,On or near Lisher Road,E01031358,Adur 007A,Criminal damage and arson,Investigation complete; no suspect identified,
b02a97e5068af387a2236fda0d01a90a45d866b9663f505a6d00fa5187c6badd,2017-03,Sussex Police,Sussex Police,-0.314766,50.834399,On or near Woodard Road,E01031358,Adur 007A,Criminal damage and arson,Investigation complete; no suspect identified,
4d82934890f55aab7c9dfaa80ec05cf0c7eccbed86f4ec864c35455b87cfa910,2017-03,Sussex Police,Sussex Police,-0.314766,50.834399,On or near Woodard Road,E01031358,Adur 007A,Criminal damage and arson,Investigation complete; no suspect identified,
876bbe73e5b7722e3d996b829faa908c7e42094a4a8839faca9c642b3eb6f984,2017-03,Sussex Police,Sussex Police,-0.314256,50.835174,On or near Lisher Road,E01031358,Adur 007A,Criminal damage and arson,Investigation complete; no suspect identified,
858c711bbc8b3372586ef71eaffab44766447d0205e3f04b3a715994a3bd6a4a,2017-03,Sussex Police,Sussex Police,-0.314766,50.834399,On or near Woodard Road,E01031358,Adur 007A,Criminal damage and arson,Investigation complete; no suspect identified,
5c7852e2ab00e550a97bb51be45909be963f7c9650adcb2bdd689f48b9da6a1c,2017-03,Sussex Police,Sussex Police,-0.313515,50.832861,On or near Daniel Close,E01031358,Adur 007A,Criminal damage and arson,Investigation complete; no suspect identified,
29f09ea0cac7a2187ad6e3d13d8ad67f00029f89bd586416b00b32475c6cfe4f,2017-03,Sussex Police,Sussex Police,-0.314766,50.834399,On or near Woodard Road,E01031358,Adur 007A,Criminal damage and arson,Investigation complete; no suspect identified,
0a97f8d8b12105cdbedcef460b4418b0729eff3460dc752e406e5750102ad853,2017-03,Sussex Police,Sussex Police,-0.314256,50.835174,On or near Lisher Road,E01031358,Adur 007A,Criminal damage and arson,Investigation complete; no suspect identified,
3a850c0e6fa05641d166f22459e200015d4e87ad91883b3031b3e0b005dba342,2017-03,Sussex Police,Sussex Police,-0.314256,50.835174,On or near Lisher Road,E01031358,Adur 007A,Violence and sexual offences,Further investigation is not in the public interest,
47846f42d8551a94b3aa56781ffdf8faaad1e42c8c71839c18190e99623bdde1,2017-03,Sussex Police,Sussex Police,-0.315981,50.836566,On or near Manor Way,E01031358,Adur 007A,Violence and sexual offences,Offender given a caution,
0fef09c97995fbb05b9ee19f801fde24535a434edfb125f968fe98a395410c21,2017-03,Sussex Police,Sussex Police,-0.316105,50.834697,On or near Hayley Road,E01031358,Adur 007A,Violence and sexual offences,Unable to prosecute suspect,
317a0e1fc9db88c5872105f78bd2f32cc7cd7003ee76563dd8fd553d2e2245e9,2017-03,Sussex Police,Sussex Police,-0.314256,50.835174,On or near Lisher Road,E01031358,Adur 007A,Violence and sexual offences,Unable to prosecute suspect,
7d84bd411900673a09fc114963fb0ec4c149b2364f52a9f2518738cc17f6585b,2017-03,Sussex Police,Sussex Police,-0.313882,50.836859,On or near Manor Close,E01031358,Adur 007A,Violence and sexual offences,Defendant found not guilty,
12b4e31711e8d2d7a490bd57c83c3b79b1a5cf92766b650d44d7319f27c6e695,2017-03,Sussex Police,Sussex Police,-0.314256,50.835174,On or near Lisher Road,E01031358,Adur 007A,Violence and sexual offences,Unable to prosecute suspect,
,2017-03,Sussex Police,Sussex Police,-0.323911,50.829269,On or near Parking Area,E01031360,Adur 007B,Anti-social behaviour,,
,2017-03,Sussex Police,Sussex Police,-0.323406,50.829100,On or near Culver Road,E01031360,Adur 007B,Anti-social behaviour,,
,2017-03,Sussex Police,Sussex Police,-0.320781,50.830636,On or near Burley Close,E01031360,Adur 007B,Anti-social behaviour,,
,2017-03,Sussex Police,Sussex Police,-0.320142,50.831023,On or near Grinstead Avenue,E01031360,Adur 007B,Anti-social behaviour,,
,2017-03,Sussex Police,Sussex Police,-0.322273,50.829812,On or near Supermarket,E01031360,Adur 007B,Anti-social behaviour,,
,2017-03,Sussex Police,Sussex Police,-0.320781,50.830636,On or near Burley Close,E01031360,Adur 007B,Anti-social behaviour,,
,2017-03,Sussex Police,Sussex Police,-0.320506,50.829589,On or near Parking Area,E01031360,Adur 007B,Anti-social behaviour,,
,2017-03,Sussex Police,Sussex Police,-0.318351,50.829109,On or near North Farm Road,E01031360,Adur 007B,Anti-social behaviour,,
,2017-03,Sussex Police,Sussex Police,-0.321856,50.829555,On or near North Road,E01031360,Adur 007B,Anti-social behaviour,,
,2017-03,Sussex Police,Sussex Police,-0.321856,50.829555,On or near North Road,E01031360,Adur 007B,Anti-social behaviour,,
,2017-03,Sussex Police,Sussex Police,-0.322196,50.827590,On or near Meadow Lane,E01031360,Adur 007B,Anti-social behaviour,,
,2017-03,Sussex Police,Sussex Police,-0.322196,50.827590,On or near Meadow Lane,E01031360,Adur 007B,Anti-social behaviour,,
9308dc4520db92ca7a12798636705e1b14c8fc1f1311e6b55e8b20db4ffb6a40,2017-03,Sussex Police,Sussex Police,-0.322196,50.827590,On or near Meadow Lane,E01031360,Adur 007B,Burglary,Investigation complete; no suspect identified,
524a2bd13d52292b8b375c3939db7d8b2864f2aba3acb7256aa70c54e9d8025c,2017-03,Sussex Police,Sussex Police,-0.321320,50.828675,On or near Parking Area,E01031360,Adur 007B,Criminal damage and arson,Unable to prosecute suspect,
28a039df44b5cb002c696900322f31f428cf3629864371f6631902ce27e3b764,2017-03,Sussex Police,Sussex Police,-0.320506,50.829589,On or near Parking Area,E01031360,Adur 007B,Criminal damage and arson,Investigation complete; no suspect identified,
53b259a38b1e8c1b6a765c0b331fe3f92a24459661ecda9f23c94bd5a2941a80,2017-03,Sussex Police,Sussex Police,-0.320781,50.830636,On or near Burley Close,E01031360,Adur 007B,Criminal damage and arson,Investigation complete; no suspect identified,
0af91df405aaf13a0ffe27ad2262d657b57339a332514e8d7f2cb3f598d68d5a,2017-03,Sussex Police,Sussex Police,-0.322273,50.829812,On or near Supermarket,E01031360,Adur 007B,Shoplifting,Investigation complete; no suspect identified,
36131305de7edad261a946e5f35f5138bf88df7bbae86bedc023bdf5b45fe64c,2017-03,Sussex Police,Sussex Police,-0.321320,50.828675,On or near Parking Area,E01031360,Adur 007B,Shoplifting,Investigation complete; no suspect identified,
93c52c18b07fca79cd5d0708981893f2135ba1e4de9fb35d85d73db7b07db0f9,2017-03,Sussex Police,Sussex Police,-0.320061,50.830518,On or near Robinson Close,E01031360,Adur 007B,Vehicle crime,Investigation complete; no suspect identified,
ce1b6ebb258c5bde13d9937fea0eacba07b372b4f29ea9796d841cfcaf9ec835,2017-03,Sussex Police,Sussex Police,-0.322196,50.827590,On or near Meadow Lane,E01031360,Adur 007B,Violence and sexual offences,Investigation complete; no suspect identified,
dc9d3db39412394484d964a70fbb89fc6f629517a8b4ea8f733b57f7bc664f1a,2017-03,Sussex Police,Sussex Police,-0.322196,50.827590,On or near Meadow Lane,E01031360,Adur 007B,Violence and sexual offences,Unable to prosecute suspect,
705ce9e4017f9e8c0bcdd7a1e79d20c2d339c97a71b454f213f2ff150456bc06,2017-03,Sussex Police,Sussex Police,-0.321856,50.829555,On or near North Road,E01031360,Adur 007B,Violence and sexual offences,Investigation complete; no suspect identified,
fa4a70080c1dfe2085ab02eb88a021e3ed3cae1ed472f14d5d342e5304ea72ba,2017-03,Sussex Police,Sussex Police,-0.321320,50.828675,On or near Parking Area,E01031360,Adur 007B,Violence and sexual offences,Unable to prosecute suspect,
145e459d0aae2ddc9b5fe13b3b480250b083b6811b1f7561b0c9aab2939f2b9b,2017-03,Sussex Police,Sussex Police,-0.321033,50.830343,On or near Fereday Close,E01031360,Adur 007B,Violence and sexual offences,Unable to prosecute suspect,
0c5d450380cc43005a00594b0098162de701d875b239144fe431567de5f2c30b,2017-03,Sussex Police,Sussex Police,-0.314933,50.823079,On or near The Close,E01031376,Adur 007C,Violence and sexual offences,Court result unavailable,
d55abda98402dd64a1c15da3be20509d11045ba165370e67bdc93f5bd4bab9cc,2017-03,Sussex Police,Sussex Police,-0.314933,50.823079,On or near The Close,E01031376,Adur 007C,Violence and sexual offences,Unable to prosecute suspect,
70eb525ca83764db12528b2d689072ace681fb42a082318815a762917ec93768,2017-03,Sussex Police,Sussex Police,-0.314933,50.823079,On or near The Close,E01031376,Adur 007C,Violence and sexual offences,Court case unable to proceed,
,2017-03,Sussex Police,Sussex Police,-0.292229,50.830114,On or near New Salts Farm Road,E01031378,Adur 007D,Anti-social behaviour,,
,2017-03,Sussex Police,Sussex Police,-0.302556,50.825309,On or near West Way,E01031378,Adur 007D,Anti-social behaviour,,
52a314f794a4b90beeb82701958e9095ff3fec14eba05001de43c433c16633ae,2017-03,Sussex Police,Sussex Police,-0.295920,50.826247,On or near Widewater Close,E01031378,Adur 007D,Burglary,Investigation complete; no suspect identified,
19b448fb8be4cbc4ed06adbe6daaaa49742f3767c309a17519f34087bd090296,2017-03,Sussex Police,Sussex Police,-0.295920,50.826247,On or near Widewater Close,E01031378,Adur 007D,Criminal damage and arson,Investigation complete; no suspect identified,
deae03b6c1d304a61af09002cec1f8cb6acf05c0f86a3c275cfa00c1fe23666b,2017-03,Sussex Police,Sussex Police,-0.300256,50.826859,On or near Bristol Avenue,E01031378,Adur 007D,Violence and sexual offences,Further investigation is not in the public interest,
e4ccc3bd16ee02cf7d13156716531dc4943933ed2c26874de14c798b0818dd97,2017-03,Sussex Police,Sussex Police,-0.293159,50.826800,On or near Wenceling Cottages,E01031378,Adur 007D,Violence and sexual offences,Unable to prosecute suspect,
fa357bcc1054253bb367ead62c3bdf8283d23a1a5278c84eeb21f49f383c4dee,2017-03,Sussex Police,Sussex Police,-0.302556,50.825309,On or near West Way,E01031378,Adur 007D,Violence and sexual offences,Unable to prosecute suspect,
,2017-03,Sussex Police,Sussex Police,-0.330060,50.827685,On or near Croshaw Close,E01031341,Adur 008A,Anti-social behaviour,,
,2017-03,Sussex Police,Sussex Police,-0.330060,50.827685,On or near Croshaw Close,E01031341,Adur 008A,Anti-social behaviour,,
,2017-03,Sussex Police,Sussex Police,-0.332503,50.827657,On or near Middle Road,E01031341,Adur 008A,Anti-social behaviour,,
a9f0f69e489f26477d90a1ca1c6db4766ebae3942a7f24562ff7940d3ed918cf,2017-03,Sussex Police,Sussex Police,-0.332159,50.824963,On or near Spencer Road,E01031341,Adur 008A,Burglary,Investigation complete; no suspect identified,
38e9da5cbf7e295502d8ee9e195459eabda1ae3139bbb14a382bfbe043d88031,2017-03,Sussex Police,Sussex Police,-0.332159,50.824963,On or near Spencer Road,E01031341,Adur 008A,Burglary,Investigation complete; no suspect identified,
ed18375ba2266151c07d7f90381e1590ccc5d2e11fd07995c28aedcc355d101b,2017-03,Sussex Police,Sussex Police,-0.332989,50.825973,On or near Hurstfield,E01031341,Adur 008A,Criminal damage and arson,Investigation complete; no suspect identified,
e870c5f0294746824e7f74a578a98b7df39dc338eb256e19df05c3719f2b856c,2017-03,Sussex Police,Sussex Police,-0.332989,50.825973,On or near Hurstfield,E01031341,Adur 008A,Criminal damage and arson,Unable to prosecute suspect,
499bf35d1e87ed433887a89118450690d00d5fc71da0cd98b72f6c6d289d1e28,2017-03,Sussex Police,Sussex Police,-0.324103,50.826700,On or near Supermarket,E01031341,Adur 008A,Other theft,Investigation complete; no suspect identified,
9ecf817dd5adbc75b5d4e6e11fab9020e0605f911cad981bb819dfd965b9c89b,2017-03,Sussex Police,Sussex Police,-0.324103,50.826700,On or near Supermarket,E01031341,Adur 008A,Public order,Investigation complete; no suspect identified,
cc01df4733d71a19ce3608e4d435c5f6248b29cc7f3748b4c952d6639cf251bf,2017-03,Sussex Police,Sussex Police,-0.332989,50.825973,On or near Hurstfield,E01031341,Adur 008A,Public order,Unable to prosecute suspect,
973ef02ce6eaa65341ca63b478129c9a12ba2b3c61cbbbc4bd94a3bea20704c2,2017-03,Sussex Police,Sussex Police,-0.324103,50.826700,On or near Supermarket,E01031341,Adur 008A,Shoplifting,Investigation complete; no suspect identified,
b7aab00609424b5683fdf053c80c6b5063afac871911622708902a3a9a630ddc,2017-03,Sussex Police,Sussex Police,-0.324103,50.826700,On or near Supermarket,E01031341,Adur 008A,Shoplifting,Status update unavailable,
33668611192abca4bb6b3da8ff5db620fcf83f56f18d30d08eb67a2c8d77247a,2017-03,Sussex Police,Sussex Police,-0.324103,50.826700,On or near Supermarket,E01031341,Adur 008A,Shoplifting,Investigation complete; no suspect identified,
6658a16cb3910e355fc9288f34b6e51825cab23eeb410a5fb81b7f7239ad669a,2017-03,Sussex Police,Sussex Police,-0.324103,50.826700,On or near Supermarket,E01031341,Adur 008A,Shoplifting,Investigation complete; no suspect identified,
667b814c9e660166ec9ad0fb7776ca3ed54ecf16578add77c1e1796d77d0e914,2017-03,Sussex Police,Sussex Police,-0.324103,50.826700,On or near Supermarket,E01031341,Adur 008A,Shoplifting,Investigation complete; no suspect identified,
f9adc3835314dfb523945de3bc495a7755a5998885b1e89c3f83d711b1121b74,2017-03,Sussex Police,Sussex Police,-0.324103,50.826700,On or near Supermarket,E01031341,Adur 008A,Shoplifting,Investigation complete; no suspect identified,
1234a3028145f7fabf7ee31216106be81c33ef8aa2ed54b761075e19d2d55309,2017-03,Sussex Police,Sussex Police,-0.324103,50.826700,On or near Supermarket,E01031341,Adur 008A,Shoplifting,Unable to prosecute suspect,
a89c77e0ec655d594f8d13d076e9b5518919d1cbe55d134108e5da5af6565b0b,2017-03,Sussex Police,Sussex Police,-0.332989,50.825973,On or near Hurstfield,E01031341,Adur 008A,Violence and sexual offences,Unable to prosecute suspect,
3451f6548f860a02d658c4d3500584dc7ab00b556025a28cf0a8cfda63c84117,2017-03,Sussex Police,Sussex Police,-0.330731,50.826390,On or near Tower Road,E01031341,Adur 008A,Violence and sexual offences,Investigation complete; no suspect identified,
4a3af16890c950dae25325ab77898015b46e7649b651a7a735085241a46e915a,2017-03,Sussex Police,Sussex Police,-0.324103,50.826700,On or near Supermarket,E01031341,Adur 008A,Other crime,Investigation complete; no suspect identified,
,2017-03,Sussex Police,Sussex Police,-0.329988,50.819734,On or near Lancing Park,E01031342,Adur 008B,Anti-social behaviour,,
,2017-03,Sussex Police,Sussex Police,-0.328307,50.820708,On or near Parking Area,E01031342,Adur 008B,Anti-social behaviour,,
,2017-03,Sussex Police,Sussex Police,-0.330977,50.821061,On or near Blenheim Road,E01031342,Adur 008B,Anti-social behaviour,,
50f31555f90793491805721e4efa229006e69e44b6198d7ef88263b07a196fd8,2017-03,Sussex Police,Sussex Police,-0.323665,50.827413,On or near St Bernards Court,E01031342,Adur 008B,Shoplifting,Status update unavailable,
ae3626d18984d0980292286c5efe6327a0458f7e1724809d869dab6a96f553cb,2017-03,Sussex Police,Sussex Police,-0.333233,50.819501,On or near Winston Road,E01031342,Adur 008B,Other crime,Court result unavailable,
,2017-03,Sussex Police,Sussex Police,-0.328941,50.829584,On or near Freshfields Close,E01031343,Adur 008C,Anti-social behaviour,,
,2017-03,Sussex Police,Sussex Police,-0.332462,50.829203,On or near Belvedere Avenue,E01031343,Adur 008C,Anti-social behaviour,,
,2017-03,Sussex Police,Sussex Police,-0.326718,50.828995,On or near Penstone Close,E01031343,Adur 008C,Anti-social behaviour,,
,2017-03,Sussex Police,Sussex Police,-0.327977,50.827961,On or near Sompting Road,E01031343,Adur 008C,Anti-social behaviour,,
,2017-03,Sussex Police,Sussex Police,-0.327977,50.827961,On or near Sompting Road,E01031343,Adur 008C,Anti-social behaviour,,
f5a730a81031042fecb438ea140d5ac67298887df1a17212a1f278c07cf54f58,2017-03,Sussex Police,Sussex Police,-0.328941,50.829584,On or near Freshfields Close,E01031343,Adur 008C,Criminal damage and arson,Investigation complete; no suspect identified,
a9b2e36203c0fb093838d37558d93ab552fdf95e719af4d116ffd37df922e01d,2017-03,Sussex Police,Sussex Police,-0.327977,50.827961,On or near Sompting Road,E01031343,Adur 008C,Criminal damage and arson,Investigation complete; no suspect identified,
f74c1cadf5d6d24573a389255627bff5b3240bdf1aaf64da9ff99f44cde2f265,2017-03,Sussex Police,Sussex Police,-0.333415,50.828749,On or near Grafton Drive,E01031343,Adur 008C,Criminal damage and arson,Investigation complete; no suspect identified,
b2e22d5184db59db8bb67fe37e88549c1aef4eaec687ac6d747f3814e92beb30,2017-03,Sussex Police,Sussex Police,-0.327977,50.827961,On or near Sompting Road,E01031343,Adur 008C,Violence and sexual offences,Investigation complete; no suspect identified,
5107cd0861f9c827319ef2a228ffd34ce1dd3ab7b1895dec4d9440d048c49b67,2017-03,Sussex Police,Sussex Police,-0.331276,50.829807,On or near Vincent Close,E01031343,Adur 008C,Violence and sexual offences,Investigation complete; no suspect identified,
4a1600f6a23f5d921abcb731ff735f996a60b72bedfcccda3178db6194a8eb41,2017-03,Sussex Police,Sussex Police,-0.327977,50.827961,On or near Sompting Road,E01031343,Adur 008C,Violence and sexual offences,Unable to prosecute suspect,
936d40905bdfbf5b554e81de913eda7685435e4b019f1a0fdb8a238dee7456e9,2017-03,Sussex Police,Sussex Police,-0.327977,50.827961,On or near Sompting Road,E01031343,Adur 008C,Violence and sexual offences,Unable to prosecute suspect,
,2017-03,Sussex Police,Sussex Police,-0.320730,50.820977,On or near Sports/Recreation Area,E01031377,Adur 008D,Anti-social behaviour,,
,2017-03,Sussex Police,Sussex Police,-0.322977,50.826414,On or near South Street,E01031377,Adur 008D,Anti-social behaviour,,
,2017-03,Sussex Police,Sussex Police,-0.322977,50.826414,On or near South Street,E01031377,Adur 008D,Anti-social behaviour,,
,2017-03,Sussex Police,Sussex Police,-0.322977,50.826414,On or near South Street,E01031377,Adur 008D,Anti-social behaviour,,
,2017-03,Sussex Police,Sussex Police,-0.322977,50.826414,On or near South Street,E01031377,Adur 008D,Anti-social behaviour,,
,2017-03,Sussex Police,Sussex Police,-0.322977,50.826414,On or near South Street,E01031377,Adur 008D,Anti-social behaviour,,
f40bb22bc0d3c5eb54ee98853130f6c5a2aba7dd8a47079a40bed51dfa5d0761,2017-03,Sussex Police,Sussex Police,-0.322743,50.823434,On or near Parking Area,E01031377,Adur 008D,Burglary,Unable to prosecute suspect,
4df0156457d6be4823901cc5c13fc0f9504f3ed73b2b6de1935a9a22f76d1da8,2017-03,Sussex Police,Sussex Police,-0.322977,50.826414,On or near South Street,E01031377,Adur 008D,Criminal damage and arson,Unable to prosecute suspect,
4da9db06d68eca77eb11458af38934e8a8f9b8ced7117be0e21fa32997a504d5,2017-03,Sussex Police,Sussex Police,-0.323640,50.821765,On or near East Street,E01031377,Adur 008D,Other theft,Unable to prosecute suspect,
037bab6b9e8dad526fef4258d4d0ff13a837e3b2fa76a9165c3538004a8afece,2017-03,Sussex Police,Sussex Police,-0.323831,50.823198,On or near South Street,E01031377,Adur 008D,Other theft,Investigation complete; no suspect identified,
6306eae57d313118eeec6854c06f099555a2e7818aebd0a5376c4f32400b0a2a,2017-03,Sussex Police,Sussex Police,-0.318920,50.822740,On or near Beachcroft Place,E01031377,Adur 008D,Vehicle crime,Investigation complete; no suspect identified,
572190c29af322e148d2a2eae17ad4bb4436481a59063146b042ae515c2f3786,2017-03,Sussex Police,Sussex Police,-0.323831,50.823198,On or near South Street,E01031377,Adur 008D,Vehicle crime,Investigation complete; no suspect identified,
c64256e8afba65f2046f196ba89f93ef247fda21324501b1e53e8a13aef030f7,2017-03,Sussex Police,Sussex Police,-0.323831,50.823198,On or near South Street,E01031377,Adur 008D,Violence and sexual offences,Further investigation is not in the public interest,
,2017-03,Sussex Police,Sussex Police,-0.312322,50.826566,On or near Larkfield Close,E01031379,Adur 008E,Anti-social behaviour,,
551da5215c5db51493e40165c3c966aeb1b3f998533f7d7bcd38dd305bf3b24a,2017-03,Sussex Police,Sussex Police,-0.568238,50.853234,On or near Hill Terrace,E01031390,Arun 001A,Other theft,Unable to prosecute suspect,
e9be7368f73fa1a7d60c80c245f5ea23b581b54492b2748d16fe5250447ede6b,2017-03,Sussex Police,Sussex Police,-0.569622,50.853485,On or near Ellis Close,E01031390,Arun 001A,Public order,Unable to prosecute suspect,
ec169d1a0a0be63830ada632a5b611bbfe6e42d3e3a6df9e702e4d7e14ff39da,2017-03,Sussex Police,Sussex Police,-0.569176,50.852742,On or near Pearson Road,E01031390,Arun 001A,Violence and sexual offences,Unable to prosecute suspect,
,2017-03,Sussex Police,Sussex Police,-0.556285,50.850164,On or near Arundel By-Pass,E01031391,Arun 001B,Anti-social behaviour,,
a3282870aa5dd145f90cb289cb0ba1b1db8d7b66cda9e000428db58313ce0bc5,2017-03,Sussex Police,Sussex Police,-0.554689,50.853993,On or near Parking Area,E01031391,Arun 001B,Burglary,Investigation complete; no suspect identified,
065c7d2db9e4bfd7932c5f08c166549a8dd4e661c86cc167219db38daaa3050f,2017-03,Sussex Police,Sussex Police,-0.558852,50.852615,On or near Surrey Wharf,E01031391,Arun 001B,Violence and sexual offences,Unable to prosecute suspect,
e8bf2b213df685a9c7b438015536b7196e691e7311c621b88088998ae516902f,2017-03,Sussex Police,Sussex Police,-0.556786,50.853741,On or near Tarrant Street,E01031391,Arun 001B,Violence and sexual offences,Unable to prosecute suspect,
09938f4c9ef60a2be5cfff31e35a9549ccf04c881291e96818709054ca479b10,2017-03,Sussex Police,Sussex Police,-0.554689,50.853993,On or near Parking Area,E01031391,Arun 001B,Other crime,Investigation complete; no suspect identified,
,2017-03,Sussex Police,Sussex Police,-0.525161,50.850126,On or near Clay Lane,E01031392,Arun 001C,Anti-social behaviour,,
,2017-03,Sussex Police,Sussex Police,-0.551592,50.857202,On or near Mill Road,E01031392,Arun 001C,Anti-social behaviour,,
,2017-03,Sussex Police,Sussex Police,-0.510943,50.873696,On or near Coombe Lane,E01031392,Arun 001C,Anti-social behaviour,,
,2017-03,Sussex Police,Sussex Police,-0.541395,50.866634,On or near Parking Area,E01031392,Arun 001C,Anti-social behaviour,,
,2017-03,Sussex Police,Sussex Police,-0.525161,50.850126,On or near Clay Lane,E01031392,Arun 001C,Anti-social behaviour,,
,2017-03,Sussex Police,Sussex Police,-0.558291,50.854668,On or near Parson'S Hill,E01031392,Arun 001C,Anti-social behaviour,,
6d27e97983dab2cc1bc6af417f25fa889016f1984033feadd5a6b92d2605e983,2017-03,Sussex Police,Sussex Police,-0.553286,50.854363,On or near Mill Lane,E01031392,Arun 001C,Burglary,Investigation complete; no suspect identified,
a850e30b36a3adf48cc0b8b7c66b018a9d660dd13d2f902b705c1f55d11cdbe8,2017-03,Sussex Police,Sussex Police,-0.553286,50.854363,On or near Mill Lane,E01031392,Arun 001C,Burglary,Investigation complete; no suspect identified,
765564a8f5f8661360c66d06ead33ffac07cbbe6242aeb1858224feedfbdca17,2017-03,Sussex Police,Sussex Police,-0.540254,50.837168,On or near Lyminster Road,E01031392,Arun 001C,Burglary,Investigation complete; no suspect identified,
f6e180c2b027fe3769b33719096d729d0aaed5c26fdaa9fb126764cef4b08f49,2017-03,Sussex Police,Sussex Police,-0.554327,50.854681,On or near High Street,E01031392,Arun 001C,Burglary,Investigation complete; no suspect identified,
995adfceb2da48cf77a6b6e36913247a6d05a995bc3a1c2c5dda27cab06de85c,2017-03,Sussex Police,Sussex Police,-0.525161,50.850126,On or near Clay Lane,E01031392,Arun 001C,Criminal damage and arson,Action to be taken by another organisation,
b46d7bd000c34dabac9f936a9d9c46cbd5e4a4ef1a9c7b611e14b980dbc5b324,2017-03,Sussex Police,Sussex Police,-0.551592,50.857202,On or near Mill Road,E01031392,Arun 001C,Drugs,Offender fined,
55e6dc9b4a2ec807ee261a9e39da3e55980762f5a068add76a32398660a35793,2017-03,Sussex Police,Sussex Police,-0.554327,50.854681,On or near High Street,E01031392,Arun 001C,Other theft,Investigation complete; no suspect identified,
dfd1782249d285997874a722a70f3693f71b9bdde27d0d6f9123564f9cce5008,2017-03,Sussex Police,Sussex Police,-0.556547,50.855473,On or near Theatre/Concert Hall,E01031392,Arun 001C,Possession of weapons,Offender given a caution,
439426a139d5f46678798aaecf3a2e2065f531b5222b64853b181499b36e86c0,2017-03,Sussex Police,Sussex Police,-0.554327,50.854681,On or near High Street,E01031392,Arun 001C,Public order,Unable to prosecute suspect,
a73f4103b502de23e211c7c621006462bbb8efa87308d6fbbb0585702fb3e242,2017-03,Sussex Police,Sussex Police,-0.552293,50.852921,On or near Supermarket,E01031392,Arun 001C,Shoplifting,Offender fined,
88bf07719306a1e751b9f5d970804d7a882634ff34192fbb3476ebf163d9e76b,2017-03,Sussex Police,Sussex Police,-0.556547,50.855473,On or near Theatre/Concert Hall,E01031392,Arun 001C,Violence and sexual offences,Unable to prosecute suspect,
f7fec1aaacb115fce48b901ee3dad107f764f7d092c1eab8f5821db577afd0ab,2017-03,Sussex Police,Sussex Police,-0.525161,50.850126,On or near Clay Lane,E01031392,Arun 001C,Violence and sexual offences,Unable to prosecute suspect,
9f46596625da219052445968aa56c5ccdf7226dd4cde0417e06611753cc9f1ab,2017-03,Sussex Police,Sussex Police,-0.556547,50.855473,On or near Theatre/Concert Hall,E01031392,Arun 001C,Violence and sexual offences,Unable to prosecute suspect,
,2017-03,Sussex Police,Sussex Police,-0.647768,50.855676,On or near London Road,E01031465,Arun 001D,Anti-social behaviour,,
,2017-03,Sussex Police,Sussex Police,-0.627483,50.859450,On or near Sports/Recreation Area,E01031465,Arun 001D,Anti-social behaviour,,
a06340d9c866bdd9a4ae002e0560480af94641c8dfadef7db8d05c05b3303a04,2017-03,Sussex Police,Sussex Police,-0.632314,50.853616,On or near Copse Lane,E01031465,Arun 001D,Burglary,Investigation complete; no suspect identified,
11a564a6374952877b5ee0b3d5d5d7e07cb31d68a82736954da9ddd38be22b5b,2017-03,Sussex Police,Sussex Police,-0.628849,50.862775,On or near Mead Sway,E01031465,Arun 001D,Other theft,Investigation complete; no suspect identified,
3dd650f04008ca0dcee4f2b1f66b3fe5e9fe8ae3983f8291b6eaa9280d72adfe,2017-03,Sussex Police,Sussex Police,-0.645542,50.856027,On or near Orchard Way,E01031465,Arun 001D,Other theft,Investigation complete; no suspect identified,
a187bdeedae38b9ced14186adcb7934600cf76ef36fe89f183983f6f24deef75,2017-03,Sussex Police,Sussex Police,-0.647768,50.855676,On or near London Road,E01031465,Arun 001D,Other theft,Investigation complete; no suspect identified,
b89238fdff4bca769f592e18d3e69cfd6068bcbdf7d55c014921033b749fe50e,2017-03,Sussex Police,Sussex Police,-0.638170,50.866670,On or near Sports/Recreation Area,E01031465,Arun 001D,Possession of weapons,Formal action is not in the public interest,
d19a9683d8341d6fc1185352374603d292ff70e2be00c2ba1b31ed215e27fc56,2017-03,Sussex Police,Sussex Police,-0.649624,50.857334,On or near Dukes Road,E01031465,Arun 001D,Vehicle crime,Investigation complete; no suspect identified,
,2017-03,Sussex Police,Sussex Police,-0.487632,50.835077,On or near Decoy Drive,E01031386,Arun 002A,Anti-social behaviour,,
ce0fb15ccdc0b954a02fc247950c4e8f9d9793d94e6779f13d0a5db1672a641e,2017-03,Sussex Police,Sussex Police,-0.515441,50.837700,On or near Poling Street,E01031386,Arun 002A,Burglary,Awaiting court outcome,
799f6bb863f68ddd75ba4edf81d9db5ac7b1fd7d5ec3f095bd8442077190226c,2017-03,Sussex Police,Sussex Police,-0.515441,50.837700,On or near Poling Street,E01031386,Arun 002A,Burglary,Awaiting court outcome,
991f74908a35495544efab020348729538c01b8d9681c14fa657366aacaf0888,2017-03,Sussex Police,Sussex Police,-0.514834,50.844275,On or near Blakehurst Lane,E01031386,Arun 002A,Criminal damage and arson,Investigation complete; no suspect identified,
4bf859c7b9c307471f2b66ed3c10f607c7d99174b1ac8d6de922e61308f8f6eb,2017-03,Sussex Police,Sussex Police,-0.487632,50.835077,On or near Decoy Drive,E01031386,Arun 002A,Other theft,Investigation complete; no suspect identified,
8f65b5482ef5a7076176e59c1a14e0348b9ad6e48fc8c0adc8fe05cdb8d93831,2017-03,Sussex Police,Sussex Police,-0.487632,50.835077,On or near Decoy Drive,E01031386,Arun 002A,Other theft,Investigation complete; no suspect identified,
ea2371d8472dfbdc00d7e3e4c39c15fd7b1bf948e71384fbb345985ac0cae59b,2017-03,Sussex Police,Sussex Police,-0.515441,50.837700,On or near Poling Street,E01031386,Arun 002A,Other theft,Investigation complete; no suspect identified,
ba1267868c7603d23f6768d43b6c8a65c6aa4db22d0e97f0139226a0c6269bd0,2017-03,Sussex Police,Sussex Police,-0.484632,50.834768,On or near Furzefield Close,E01031386,Arun 002A,Public order,Investigation complete; no suspect identified,
17781c664cfa1f2e288defd1966617119ffac8e052fc69efb9f7fb05c7d1c512,2017-03,Sussex Police,Sussex Police,-0.479189,50.832251,On or near Merryfield Crescent,E01031386,Arun 002A,Vehicle crime,Investigation complete; no suspect identified,
8049dac7c56644b23e3c2c00a2379d4c6d83f5f53c7e022e394a924cff13fa69,2017-03,Sussex Police,Sussex Police,-0.479189,50.832251,On or near Merryfield Crescent,E01031386,Arun 002A,Vehicle crime,Investigation complete; no suspect identified,
9a65c9094d507d1f7d58a4dfc25a739dfe3abe42ae3e47a394a54d053f58d6cd,2017-03,Sussex Police,Sussex Police,-0.514834,50.844275,On or near Blakehurst Lane,E01031386,Arun 002A,Vehicle crime,Investigation complete; no suspect identified,
56e57afe1e66e8df25b3dfa42aa3cdb2498ed00bfab90a6591f3fbd528a712eb,2017-03,Sussex Police,Sussex Police,-0.487632,50.835077,On or near Decoy Drive,E01031386,Arun 002A,Violence and sexual offences,Further investigation is not in the public interest,
56c40c08039764b614484031a131f40b4e52913d7ff308d71e9776879d4f5271,2017-03,Sussex Police,Sussex Police,-0.495557,50.844334,On or near Dover Lane,E01031386,Arun 002A,Violence and sexual offences,Unable to prosecute suspect,
db26da4635500c57fc3d9a55b0f9cc306ec7dd04ffb205aabbd63e56ee7f085d,2017-03,Sussex Police,Sussex Police,-0.484632,50.834768,On or near Furzefield Close,E01031386,Arun 002A,Violence and sexual offences,Further investigation is not in the public interest,
c1cda1805cd857a531e673731ba5b292455e418427bce0d2720c29a3bf9392a1,2017-03,Sussex Police,Sussex Police,-0.484632,50.834768,On or near Furzefield Close,E01031386,Arun 002A,Violence and sexual offences,Formal action is not in the public interest,
cbc700e3fb6af4d414b1af7aaa5c103fde81f613b116649921d55d45cfa31cd9,2017-03,Sussex Police,Sussex Police,-0.479267,50.842531,On or near Swillage Lane,E01031386,Arun 002A,Violence and sexual offences,Unable to prosecute suspect,
,2017-03,Sussex Police,Sussex Police,-0.486737,50.832025,On or near Older Way,E01031387,Arun 002B,Anti-social behaviour,,
,2017-03,Sussex Police,Sussex Police,-0.484038,50.833798,On or near Lloyd Goring Close,E01031387,Arun 002B,Anti-social behaviour,,
b9d15f95ee5c0ad249a10828de14ea9914a42edf7898d23976e92879aa84fb05,2017-03,Sussex Police,Sussex Police,-0.486737,50.832025,On or near Older Way,E01031387,Arun 002B,Criminal damage and arson,Investigation complete; no suspect identified,
7ef9e0f2d8e88253a5b5e372147a3865897684413588e94c156c75d4baefe2b0,2017-03,Sussex Police,Sussex Police,-0.480801,50.829826,On or near Highfield Close,E01031387,Arun 002B,Vehicle crime,Investigation complete; no suspect identified,
,2017-03,Sussex Police,Sussex Police,-0.402536,50.862964,On or near Nepfield Close,E01031425,Arun 002C,Anti-social behaviour,,
fb955ff98e1cdfcbf0d4f24aab0a39a94da8af78e140d730a98bbadb69b2e774,2017-03,Sussex Police,Sussex Police,-0.403850,50.859438,On or near The Quadrangle,E01031425,Arun 002C,Criminal damage and arson,Local resolution,
81e2304213a90e41e90db8812abb4cceb33ccef8400edde10b24f91de19e37c0,2017-03,Sussex Police,Sussex Police,-0.402919,50.868805,On or near Kilmore Close,E01031425,Arun 002C,Violence and sexual offences,Offender given community sentence,
,2017-03,Sussex Police,Sussex Police,-0.448430,50.860084,On or near Longfurlong Lane,E01031426,Arun 002D,Anti-social behaviour,,
,2017-03,Sussex Police,Sussex Police,-0.450282,50.841089,On or near Clapham Common,E01031426,Arun 002D,Anti-social behaviour,,
,2017-03,Sussex Police,Sussex Police,-0.407097,50.872550,On or near Nightingales,E01031426,Arun 002D,Anti-social behaviour,,
,2017-03,Sussex Police,Sussex Police,-0.408222,50.868734,On or near School Hill,E01031426,Arun 002D,Anti-social behaviour,,
c5e7e875a2905e65cb9dddb6fcb048b2fe625cdf8b582bd1e6ac915b79995712,2017-03,Sussex Police,Sussex Police,-0.455436,50.848891,On or near The Street,E01031426,Arun 002D,Criminal damage and arson,Investigation complete; no suspect identified,
f37980f7e35beddcc9994e3521eded1220a76a79f631d36757976d298208f038,2017-03,Sussex Police,Sussex Police,-0.408049,50.870081,On or near Homewood,E01031426,Arun 002D,Other theft,Investigation complete; no suspect identified,
20dd40fb01470d8aeed9e1a840b5b73616b2064ada492b2544948d670f09e655,2017-03,Sussex Police,Sussex Police,-0.408222,50.868734,On or near School Hill,E01031426,Arun 002D,Public order,Unable to prosecute suspect,
ac8120cce633913500ec409365d99c84958845c9bc5cdb81f5cac42a81bbe728,2017-03,Sussex Police,Sussex Police,-0.450108,50.838613,On or near A27,E01031426,Arun 002D,Violence and sexual offences,Unable to prosecute suspect,
affba48ac3bdc9ebeed4c2eb2232e868d595c00a982161dc4239b1f2f5b9554e,2017-03,Sussex Police,Sussex Police,-0.407097,50.872550,On or near Nightingales,E01031426,Arun 002D,Other crime,Awaiting court outcome,
,2017-03,Sussex Police,Sussex Police,-0.636838,50.829496,On or near Greenbank,E01031393,Arun 003A,Anti-social behaviour,,
,2017-03,Sussex Police,Sussex Police,-0.645184,50.836482,On or near Drovers Way,E01031393,Arun 003A,Anti-social behaviour,,
,2017-03,Sussex Police,Sussex Police,-0.634797,50.829391,On or near Scholar'S Row,E01031393,Arun 003A,Anti-social behaviour,,
,2017-03,Sussex Police,Sussex Police,-0.636838,50.829496,On or near Greenbank,E01031393,Arun 003A,Anti-social behaviour,,
,2017-03,Sussex Police,Sussex Police,-0.634797,50.829391,On or near Scholar'S Row,E01031393,Arun 003A,Anti-social behaviour,,
e9db0a0a95c9eb2a6482a6f67f4782c665687f699f942482795d427a85b66832,2017-03,Sussex Police,Sussex Police,-0.633913,50.832411,On or near Halliford Drive,E01031393,Arun 003A,Bicycle theft,Investigation complete; no suspect identified,
27b4109bbc773fac21da6e8ef6c1785fe4895b709f325f30323feac309bd03a4,2017-03,Sussex Police,Sussex Police,-0.630829,50.833949,On or near Lake Lane,E01031393,Arun 003A,Burglary,Awaiting court outcome,
3723b1366902a5a3b23f6e500f7858955a7e40f29d05e0465533b234c42ec2db,2017-03,Sussex Police,Sussex Police,-0.646430,50.834661,On or near Elm Grove South,E01031393,Arun 003A,Criminal damage and arson,Investigation complete; no suspect identified,
bbadb9515a4d7e5a642e0c515adc24b63f4b085eda66fe40356943bb8fc5f857,2017-03,Sussex Police,Sussex Police,-0.638601,50.836270,On or near Spinney Walk,E01031393,Arun 003A,Criminal damage and arson,Unable to prosecute suspect,
df32787d867c11ad3e82cd13c36179265ee1a6872805022c51441968c730ddb4,2017-03,Sussex Police,Sussex Police,-0.645184,50.836482,On or near Drovers Way,E01031393,Arun 003A,Criminal damage and arson,Investigation complete; no suspect identified,
bfd3b49ded5dc54579959e5813f2d0bbec08485595f1fb981a4b97007f821662,2017-03,Sussex Police,Sussex Police,-0.636744,50.825439,On or near Hill Lane,E01031393,Arun 003A,Criminal damage and arson,Investigation complete; no suspect identified,
05f695f75f35e27a621d0f1b6fa9986033d7e9ed5f5abb4a6c3a06d750ada68c,2017-03,Sussex Police,Sussex Police,-0.643441,50.831956,On or near Gospond Road,E01031393,Arun 003A,Drugs,Court result unavailable,
f56886e7d4f6eacabbb2adfbd5d3c509917386ae7d26bc5b2ec75ad8803756f9,2017-03,Sussex Police,Sussex Police,-0.636838,50.829496,On or near Greenbank,E01031393,Arun 003A,Possession of weapons,Offender given a caution,
509fb30fef875f642477daa7688746bc06c359db479fb6ab28e679bb2303fddd,2017-03,Sussex Police,Sussex Police,-0.645184,50.836482,On or near Drovers Way,E01031393,Arun 003A,Public order,Unable to prosecute suspect,
6d2e6f25484b669921ec2b728ac94267726927ffd04e4012e38f48078a472f75,2017-03,Sussex Police,Sussex Police,-0.640681,50.826735,On or near Church Lane,E01031393,Arun 003A,Vehicle crime,Investigation complete; no suspect identified,
0a5c87ad4445419c1e981661d224140b08246d0941aedd06f5bd73980cd70a04,2017-03,Sussex Police,Sussex Police,-0.645184,50.836482,On or near Drovers Way,E01031393,Arun 003A,Vehicle crime,Investigation complete; no suspect identified,
4ad1e97e354c0c507b0dfc349255983d3c713e203e68b61518b26248be6bdda7,2017-03,Sussex Police,Sussex Police,-0.641537,50.833453,On or near The Cedars,E01031393,Arun 003A,Vehicle crime,Investigation complete; no suspect identified,
1bfad9b2e2983b4db9f20b366570c54ca977e6407ab1301bd75b92babb275f8d,2017-03,Sussex Police,Sussex Police,-0.633913,50.832411,On or near Halliford Drive,E01031393,Arun 003A,Violence and sexual offences,Offender given community sentence,
92ec3a04d64952d3cf149b0fd7e641bd596b9dd1aee1c7edbcbd51d53f225fb3,2017-03,Sussex Police,Sussex Police,-0.643441,50.831956,On or near Gospond Road,E01031393,Arun 003A,Violence and sexual offences,Unable to prosecute suspect,
0fe62a7a4ee29c5644669c167476d4577b6808e915d3d2134b53bf1132197ce9,2017-03,Sussex Police,Sussex Police,-0.646430,50.834661,On or near Elm Grove South,E01031393,Arun 003A,Violence and sexual offences,Status update unavailable,
7f79ddabca31e4b64c8020eaf4a6a34e6100e7fe518e7d5280906097721b3ba0,2017-03,Sussex Police,Sussex Police,-0.626682,50.834476,On or near Park Road,E01031393,Arun 003A,Violence and sexual offences,Unable to prosecute suspect,
543f1637632a21389fd6d2d821c17612c00a69fc3c3f05f4a3b8db0f647a1290,2017-03,Sussex Police,Sussex Police,-0.636838,50.829496,On or near Greenbank,E01031393,Arun 003A,Violence and sexual offences,Investigation complete; no suspect identified,
8c33a720373ee821be60dd846e26aa50b2f38fcc7478e48fdbfefa53977c7d04,2017-03,Sussex Police,Sussex Police,-0.636838,50.829496,On or near Greenbank,E01031393,Arun 003A,Violence and sexual offences,Unable to prosecute suspect,
798b3ac760460661b84f2aad7ce1f039bd6c9fafae552b881134df8bda73a4ff,2017-03,Sussex Police,Sussex Police,-0.636838,50.829496,On or near Greenbank,E01031393,Arun 003A,Violence and sexual offences,Unable to prosecute suspect,
f433def5818593a2384adc3ef561e795ea81f0efb058ab66564e640808c960a9,2017-03,Sussex Police,Sussex Police,-0.626682,50.834476,On or near Park Road,E01031393,Arun 003A,Violence and sexual offences,Unable to prosecute suspect,
,2017-03,Sussex Police,Sussex Police,-0.635708,50.831254,On or near Goodacres,E01031394,Arun 003B,Anti-social behaviour,,
,2017-03,Sussex Police,Sussex Police,-0.635708,50.831254,On or near Goodacres,E01031394,Arun 003B,Anti-social behaviour,,
,2017-03,Sussex Police,Sussex Police,-0.638357,50.832454,On or near Warren Way,E01031394,Arun 003B,Anti-social behaviour,,
,2017-03,Sussex Police,Sussex Police,-0.635708,50.831254,On or near Goodacres,E01031394,Arun 003B,Anti-social behaviour,,
,2017-03,Sussex Police,Sussex Police,-0.635708,50.831254,On or near Goodacres,E01031394,Arun 003B,Anti-social behaviour,,
,2017-03,Sussex Police,Sussex Police,-0.635504,50.829966,On or near Garden Crescent,E01031394,Arun 003B,Anti-social behaviour,,
,2017-03,Sussex Police,Sussex Police,-0.635708,50.831254,On or near Goodacres,E01031394,Arun 003B,Anti-social behaviour,,
,2017-03,Sussex Police,Sussex Police,-0.639124,50.833911,On or near Nursery Close,E01031394,Arun 003B,Anti-social behaviour,,
43c1a8da04d50fab0f641cc0e9f1adcf021415317aa7219e9bb404d5d08eed7e,2017-03,Sussex Police,Sussex Police,-0.636348,50.833177,On or near Foxes Croft,E01031394,Arun 003B,Drugs,Defendant found not guilty,
5ac180a1e6122d4fcfe1054d9de2f18d8f5419b51a5919d00da362c662b3ad0c,2017-03,Sussex Police,Sussex Police,-0.636348,50.833177,On or near Foxes Croft,E01031394,Arun 003B,Violence and sexual offences,Unable to prosecute suspect,
,2017-03,Sussex Police,Sussex Police,-0.668070,50.829263,On or near Woodgate Close,E01031395,Arun 003C,Anti-social behaviour,,
,2017-03,Sussex Police,Sussex Police,-0.669328,50.837461,On or near The Cornfields,E01031395,Arun 003C,Anti-social behaviour,,
f49697ab706416b898072fbcf54f8695c430d25e3d9144024f172edd836eafdf,2017-03,Sussex Police,Sussex Police,-0.671518,50.831344,On or near Cohen Close,E01031395,Arun 003C,Criminal damage and arson,Investigation complete; no suspect identified,
ec81a74cf337cba922e37a78a5f782b7d0532f890a41f00043d685b047488d78,2017-03,Sussex Police,Sussex Police,-0.668070,50.829263,On or near Woodgate Close,E01031395,Arun 003C,Criminal damage and arson,Investigation complete; no suspect identified,
6a9f2350988fe424da7d06c0f21ace0ed44b8d89e0fdce48ce6d4306175fbabd,2017-03,Sussex Police,Sussex Police,-0.668568,50.836706,On or near Westergate Street,E01031395,Arun 003C,Other theft,Investigation complete; no suspect identified,
f5884b7486073b869eacbd38b7f37e9f3ff6d50b3c1aa99bb3f30273a44f4c95,2017-03,Sussex Police,Sussex Police,-0.668070,50.829263,On or near Woodgate Close,E01031395,Arun 003C,Other theft,Investigation complete; no suspect identified,
f2638390a5c27b1847a03aa8549208dfdafcbb9c237f8c093be6bdb1f11d818e,2017-03,Sussex Police,Sussex Police,-0.669270,50.838494,On or near Olivers Meadow,E01031395,Arun 003C,Public order,Unable to prosecute suspect,
1ea13d17eddff779507bde2b7d2c66c908775b1c757d1b5ce80db7504b696d9e,2017-03,Sussex Police,Sussex Police,-0.668176,50.833014,On or near Woodgate Park,E01031395,Arun 003C,Public order,Investigation complete; no suspect identified,
0a9ad045740fed69094af7a4a89ebeccc3e7890ef43d4a152835a1e5aba171e7,2017-03,Sussex Police,Sussex Police,-0.668070,50.829263,On or near Woodgate Close,E01031395,Arun 003C,Vehicle crime,Investigation complete; no suspect identified,
ed18706e3705d98992e49c2401008679c91d94c3846b78fc899cca408726cac3,2017-03,Sussex Police,Sussex Police,-0.668070,50.829263,On or near Woodgate Close,E01031395,Arun 003C,Vehicle crime,Investigation complete; no suspect identified,
,2017-03,Sussex Police,Sussex Police,-0.670023,50.834501,On or near Lamorna Gardens,E01031396,Arun 003D,Anti-social behaviour,,
,2017-03,Sussex Police,Sussex Police,-0.658210,50.844303,On or near Fontwell Avenue,E01031396,Arun 003D,Anti-social behaviour,,
,2017-03,Sussex Police,Sussex Police,-0.666727,50.839526,On or near Watson Way,E01031396,Arun 003D,Anti-social behaviour,,
8e7782405c7847d2180cfad98edda667417cf197ac115664596d7b22a21823e7,2017-03,Sussex Police,Sussex Police,-0.665413,50.842263,On or near Petrol Station,E01031396,Arun 003D,Drugs,Court result unavailable,
ce4d5d154886f49385c6e08cd0fe626a002e071c2ed02bd580813194d3d24d51,2017-03,Sussex Police,Sussex Police,-0.665312,50.840841,On or near Lime Avenue,E01031396,Arun 003D,Other theft,Investigation complete; no suspect identified,
9b56eaea1615bb6484ad4c590c278ab1e7af508b3a71f17760a3efda72fd2dc3,2017-03,Sussex Police,Sussex Police,-0.666448,50.838858,On or near Ivy Lane,E01031396,Arun 003D,Other theft,Unable to prosecute suspect,
a2f351d2f3c26a4a66b408b0834581c5368aba30cb6e8ffa601c3fa0150c3271,2017-03,Sussex Police,Sussex Police,-0.667035,50.840186,On or near Ivy Close,E01031396,Arun 003D,Public order,Offender given a caution,
9d1c9b7a1ac289b4e818c15c7c511157ba2324ca4654bc2d8725337b435534a4,2017-03,Sussex Police,Sussex Police,-0.685711,50.835146,On or near Park Lane,E01031396,Arun 003D,Violence and sexual offences,Further investigation is not in the public interest,
,2017-03,Sussex Police,Sussex Police,-0.655719,50.839535,On or near Critchmere Drive,E01031397,Arun 003E,Anti-social behaviour,,
,2017-03,Sussex Police,Sussex Police,-0.669826,50.855911,On or near Arundel Road,E01031397,Arun 003E,Anti-social behaviour,,
,2017-03,Sussex Police,Sussex Police,-0.648535,50.837492,On or near Barnham Road,E01031397,Arun 003E,Anti-social behaviour,,
,2017-03,Sussex Police,Sussex Police,-0.648535,50.837492,On or near Barnham Road,E01031397,Arun 003E,Anti-social behaviour,,
0fd41afa21152e844277e3c39883cc3a17a82bb9ce67aec2009ebae383748e91,2017-03,Sussex Police,Sussex Police,-0.658145,50.842117,On or near Cherry Tree Drive,E01031397,Arun 003E,Bicycle theft,Investigation complete; no suspect identified,
5fd85fad97ce2a0a53d97586d1288c1398f67a2486a660efc8fba73c8c87eb9a,2017-03,Sussex Police,Sussex Police,-0.648535,50.837492,On or near Barnham Road,E01031397,Arun 003E,Bicycle theft,Investigation complete; no suspect identified,
ede9dd74a44cd8eb5d534e8fbd3bc75bc3dca8b69158d4f8cd1d85f862355a84,2017-03,Sussex Police,Sussex Police,-0.655719,50.839535,On or near Critchmere Drive,E01031397,Arun 003E,Criminal damage and arson,Investigation complete; no suspect identified,
edabbe9472f511c8801abf2c341575f5b7305746e22aece7b95f640776ce4634,2017-03,Sussex Police,Sussex Police,-0.648535,50.837492,On or near Barnham Road,E01031397,Arun 003E,Criminal damage and arson,Investigation complete; no suspect identified,
9905b5dbac0cdbc8292cd2254fb51ac530cda62bbefde8d719035d1a9783b65f,2017-03,Sussex Police,Sussex Police,-0.648535,50.837492,On or near Barnham Road,E01031397,Arun 003E,Other theft,Investigation complete; no suspect identified,
d811cc49aeed3f5f693d19ec66fd653735651916de746b82b433428dca72ca40,2017-03,Sussex Police,Sussex Police,-0.657057,50.840432,On or near Highview Road,E01031397,Arun 003E,Public order,Investigation complete; no suspect identified,
cc97da5600c2e22f8ca2c5b95c0fb4eafaa4562b9f46de2fe9b19375e8dd006f,2017-03,Sussex Police,Sussex Police,-0.652750,50.856839,On or near Days Lane,E01031397,Arun 003E,Vehicle crime,Investigation complete; no suspect identified,
e0e220af059bd56734a4649005cd3341a0f907d066514b3c90baa8883bbfcf7f,2017-03,Sussex Police,Sussex Police,-0.648535,50.837492,On or near Barnham Road,E01031397,Arun 003E,Violence and sexual offences,Unable to prosecute suspect,
2313ee8c66cd664d0c43b370a10e8988fd04c0dbc831c91b2a246b693beb5176,2017-03,Sussex Police,Sussex Police,-0.664565,50.853063,On or near Level Mare Lane,E01031397,Arun 003E,Violence and sexual offences,Status update unavailable,
ab5f561cda7b64b81c0e278de5ec9011409961b7e9c55ad2bebb69345239490b,2017-03,Sussex Police,Sussex Police,-0.635854,50.846688,On or near Eastergate Lane,E01031466,Arun 003F,Criminal damage and arson,Unable to prosecute suspect,
c122b5fb885e8762a022b8fab0d39432c33ea478fad0837054bcec794ac08b25,2017-03,Sussex Police,Sussex Police,-0.645524,50.852205,On or near Wandleys Lane,E01031466,Arun 003F,Criminal damage and arson,Unable to prosecute suspect,
1da518e40b9fb09424a28b25ecb0daacd5c4968fc9976e12c9724d1bf9809acc,2017-03,Sussex Police,Sussex Police,-0.623811,50.844694,On or near The Meadows,E01031466,Arun 003F,Other theft,Status update unavailable,
a5a1f67afd525d30e1813b2eaea0282c39039f190e9072466301e62b8a27c0ee,2017-03,Sussex Police,Sussex Police,-0.635531,50.849993,On or near West Walberton Lane,E01031466,Arun 003F,Public order,Investigation complete; no suspect identified,
b1cb073cfca8b199723a47276d59aa1dd7263133fe73331aa79d82a2c43495b4,2017-03,Sussex Police,Sussex Police,-0.630270,50.849680,On or near Copse Lane,E01031466,Arun 003F,Vehicle crime,Investigation complete; no suspect identified,
75fece9801a9421f617b5f1b0c60da584cf83d36584fc8b856bb42f4cbbbd1d5,2017-03,Sussex Police,Sussex Police,-0.630270,50.849680,On or near Copse Lane,E01031466,Arun 003F,Vehicle crime,Investigation complete; no suspect identified,
c286920ba01b63635957f0bc14565b7e8cbd73dd013182989bbe99f01586d597,2017-03,Sussex Police,Sussex Police,-0.614176,50.841954,On or near Yapton Lane,E01031466,Arun 003F,Violence and sexual offences,Unable to prosecute suspect,
0e866b5bc9c036a42141f7f7b6bc04cfa945cbc510c5f5d6403cdb6d45499493,2017-03,Sussex Police,Sussex Police,-0.626879,50.846628,On or near Field Close,E01031466,Arun 003F,Violence and sexual offences,Status update unavailable,
656332f43dc20d235b73fec6e49bdd7388e19be7475857c932a0044583990cb0,2017-03,Sussex Police,Sussex Police,-0.626879,50.846628,On or near Field Close,E01031466,Arun 003F,Violence and sexual offences,Status update unavailable,
82c2ce1584d4893754c3e660d36eb67c11492a8285bb85990916c0f504fec3f2,2017-03,Sussex Police,Sussex Police,-0.626879,50.846628,On or near Field Close,E01031466,Arun 003F,Violence and sexual offences,Status update unavailable,
db4ceca0091e4bf1b85a3b1e718953a226ddb918e7e87ecd5d8ab0a904bfa8ea,2017-03,Sussex Police,Sussex Police,-0.624780,50.845551,On or near Dairy Lane,E01031466,Arun 003F,Other crime,Unable to prosecute suspect,
c14ef25e9413599ddf32d6978bba1ea00ff1f0a9dbd83c4936bdfed8a47494c4,2017-03,Sussex Police,Sussex Police,-0.624780,50.845551,On or near Dairy Lane,E01031466,Arun 003F,Other crime,Unable to prosecute suspect,
,2017-03,Sussex Police,Sussex Police,-0.558470,50.816593,On or near Petrol Station,E01031427,Arun 004A,Anti-social behaviour,,
,2017-03,Sussex Police,Sussex Police,-0.552747,50.816208,On or near Osborn Close,E01031427,Arun 004A,Anti-social behaviour,,
,2017-03,Sussex Police,Sussex Police,-0.546962,50.817835,On or near Westway,E01031427,Arun 004A,Anti-social behaviour,,
,2017-03,Sussex Police,Sussex Police,-0.546962,50.817835,On or near Westway,E01031427,Arun 004A,Anti-social behaviour,,
,2017-03,Sussex Police,Sussex Police,-0.557148,50.815282,On or near Shopping Area,E01031427,Arun 004A,Anti-social behaviour,,
,2017-03,Sussex Police,Sussex Police,-0.548028,50.815492,On or near Roman Acre,E01031427,Arun 004A,Anti-social behaviour,,
,2017-03,Sussex Police,Sussex Police,-0.548028,50.815492,On or near Roman Acre,E01031427,Arun 004A,Anti-social behaviour,,
1b69e9e08df028738d83b36f493a17cb7392c0baba1c758e0ad4a37a9d7ee490,2017-03,Sussex Police,Sussex Police,-0.547745,50.815930,On or near Wick Farm Road,E01031427,Arun 004A,Burglary,Offender sent to prison,
33a54906e4c03e0ea87e1a7b5c107703edfbf0e34dad25c51d977ef9ce408342,2017-03,Sussex Police,Sussex Police,-0.551685,50.817031,On or near Helyer'S Green,E01031427,Arun 004A,Criminal damage and arson,Offender given a caution,
8fd04354882d4212486c541b9794a6013c949bb3a7c50d0c93302c1b6e712d28,2017-03,Sussex Police,Sussex Police,-0.546571,50.818055,On or near Dean Close,E01031427,Arun 004A,Criminal damage and arson,Investigation complete; no suspect identified,
0bf2d7b21a4a6bdd6dc22af9f9ae891fdc66f4f373b323f0c878dc1680feb8fe,2017-03,Sussex Police,Sussex Police,-0.551878,50.818157,On or near Belloc Road,E01031427,Arun 004A,Criminal damage and arson,Investigation complete; no suspect identified,
75ff406a01f1c12b9127a3a6718a7857652c00db746148078a23a6aa173027f1,2017-03,Sussex Police,Sussex Police,-0.558470,50.816593,On or near Petrol Station,E01031427,Arun 004A,Drugs,Court result unavailable,
1fed97b3f6eed6b165b910430a7e429aa52965f59c5a7fc8e2ebf2288ccb4ac9,2017-03,Sussex Police,Sussex Police,-0.548028,50.815492,On or near Roman Acre,E01031427,Arun 004A,Drugs,Further investigation is not in the public interest,
9ba485ad9f89311667a03068ec4fecf9e55437111655468a744661345caf3e93,2017-03,Sussex Police,Sussex Police,-0.548028,50.815492,On or near Roman Acre,E01031427,Arun 004A,Other theft,Investigation complete; no suspect identified,
1fd8059ae2668502e7041befe3c4f6027d999ccb5730d67b3e0aba1f6c845d96,2017-03,Sussex Police,Sussex Police,-0.557148,50.815282,On or near Shopping Area,E01031427,Arun 004A,Other theft,Investigation complete; no suspect identified,
b3ed12301b0b4511e1fdbfa6d7485a24d93aa9317c377357080c2b4348214f8f,2017-03,Sussex Police,Sussex Police,-0.548853,50.814531,On or near Chapel Close,E01031427,Arun 004A,Public order,Unable to prosecute suspect,
2490630a863c20377e11a86db84d0703e8b2f2889ec25c367bfccff7f598eee0,2017-03,Sussex Police,Sussex Police,-0.546962,50.817835,On or near Westway,E01031427,Arun 004A,Public order,Status update unavailable,
49b9b929aada5fc31978ba78b0e15f3aef47172f94c8a1c1778a2e1ebe0fd5b0,2017-03,Sussex Police,Sussex Police,-0.547745,50.815930,On or near Wick Farm Road,E01031427,Arun 004A,Robbery,Unable to prosecute suspect,
f99da5cb6fa1ae4fa67fe50b1d3dac76f5078f0de7a80e1d5662faaac317236d,2017-03,Sussex Police,Sussex Police,-0.558470,50.816593,On or near Petrol Station,E01031427,Arun 004A,Shoplifting,Court result unavailable,
4f134483be983182a93b4cb6d8989850ce01f506b8c83a38f8b1cd0b5ee9130a,2017-03,Sussex Police,Sussex Police,-0.546962,50.817835,On or near Westway,E01031427,Arun 004A,Vehicle crime,Unable to prosecute suspect,
afc98d84447aa6d32000b2af5495eeb79f7f19128aaf860be84030f661d6cb99,2017-03,Sussex Police,Sussex Police,-0.545198,50.817013,On or near Whitelea Road,E01031427,Arun 004A,Violence and sexual offences,Status update unavailable,
9431649a432dd6383914b3abdce96b2a213c2eb34ceb2afaca28eda4d8af4df0,2017-03,Sussex Police,Sussex Police,-0.548638,50.812280,On or near Linden Park,E01031427,Arun 004A,Violence and sexual offences,Unable to prosecute suspect,
ba05d1b21f97375f5d2ba974f306352b308b551aeaec025200b8a59e690c95ed,2017-03,Sussex Police,Sussex Police,-0.545198,50.817013,On or near Whitelea Road,E01031427,Arun 004A,Violence and sexual offences,Unable to prosecute suspect,
c7d9719490968d669eda3b2162aea46e055da1fee5d1f6193bc989a3f4cb966b,2017-03,Sussex Police,Sussex Police,-0.548746,50.811095,On or near Gloucester Road,E01031427,Arun 004A,Violence and sexual offences,Unable to prosecute suspect,
de639173a0d80e40ca43b4b9430f43804e1a8a19ba3340eb646f0d53ea88a404,2017-03,Sussex Police,Sussex Police,-0.547745,50.815930,On or near Wick Farm Road,E01031427,Arun 004A,Violence and sexual offences,Court result unavailable,
dcc14f635fc3869113f1811582682655b5df0ca2e70d4219a1b168509a12a882,2017-03,Sussex Police,Sussex Police,-0.551685,50.817031,On or near Helyer'S Green,E01031427,Arun 004A,Violence and sexual offences,Unable to prosecute suspect,
ab61f70b3f089c3dd208ffc6a2c23f47f44200276a4ecbff2b0252fe09313fd3,2017-03,Sussex Police,Sussex Police,-0.546172,50.815370,On or near Belyngham Crescent,E01031427,Arun 004A,Violence and sexual offences,Offender given conditional discharge,
19bfe177e3317c76cdd35a6688c8c96b308e6241bc11858cead68a9f6d31808d,2017-03,Sussex Police,Sussex Police,-0.548746,50.811095,On or near Gloucester Road,E01031427,Arun 004A,Violence and sexual offences,Unable to prosecute suspect,
73e57e1c3d91a5da836027372d9a848305b9266b0d7ef9a6bdfa51310d2187d3,2017-03,Sussex Police,Sussex Police,-0.558470,50.816593,On or near Petrol Station,E01031427,Arun 004A,Violence and sexual offences,Court result unavailable,
1a0cad742394d4af99b07c369e22f041cd84cb845021d47b912b8bf46cdf7c58,2017-03,Sussex Police,Sussex Police,-0.547745,50.815930,On or near Wick Farm Road,E01031427,Arun 004A,Violence and sexual offences,Unable to prosecute suspect,
cf2ca72fd3403ba04447089b33243685bf073f4af083f57c00c888c65e06e075,2017-03,Sussex Police,Sussex Police,-0.558470,50.816593,On or near Petrol Station,E01031427,Arun 004A,Other crime,Investigation complete; no suspect identified,
,2017-03,Sussex Police,Sussex Police,-0.555674,50.819355,On or near Highfield,E01031429,Arun 004B,Anti-social behaviour,,
,2017-03,Sussex Police,Sussex Police,-0.550976,50.819324,On or near Potters Mead,E01031429,Arun 004B,Anti-social behaviour,,
,2017-03,Sussex Police,Sussex Police,-0.550976,50.819324,On or near Potters Mead,E01031429,Arun 004B,Anti-social behaviour,,
,2017-03,Sussex Police,Sussex Police,-0.555674,50.819355,On or near Highfield,E01031429,Arun 004B,Anti-social behaviour,,
,2017-03,Sussex Police,Sussex Police,-0.553706,50.820545,On or near Greenfields,E01031429,Arun 004B,Anti-social behaviour,,
,2017-03,Sussex Police,Sussex Police,-0.553706,50.820545,On or near Greenfields,E01031429,Arun 004B,Anti-social behaviour,,
,2017-03,Sussex Police,Sussex Police,-0.550538,50.821063,On or near Joyce Close,E01031429,Arun 004B,Anti-social behaviour,,
,2017-03,Sussex Police,Sussex Police,-0.550976,50.819324,On or near Potters Mead,E01031429,Arun 004B,Anti-social behaviour,,
a8188dc0307b2a9ee19a38af14f759813dda508520a16460f40a0e0bcc9631e9,2017-03,Sussex Police,Sussex Police,-0.555726,50.819050,On or near Phoenix Close,E01031429,Arun 004B,Burglary,Unable to prosecute suspect,
ec56ba6892c1e2fe75d6096a4479cbebe59ec3f9b9329112d1a865ab3d7d1ca5,2017-03,Sussex Police,Sussex Police,-0.553706,50.820545,On or near Greenfields,E01031429,Arun 004B,Criminal damage and arson,Investigation complete; no suspect identified,
4290d5c42fa1266da2a4a33f32453b495fa717aef420e8e51f6b64b43363b6f7,2017-03,Sussex Police,Sussex Police,-0.555797,50.817657,On or near Eldon Way,E01031429,Arun 004B,Drugs,Offender given a drugs possession warning,
e42bd0b9f8785af91f8dee7ecb9286764a3573eddd1be2d733f2eded3c6b0a05,2017-03,Sussex Police,Sussex Police,-0.555674,50.819355,On or near Highfield,E01031429,Arun 004B,Possession of weapons,Court result unavailable,
8809cde44765e91b9fa6e6c0ac27e8fe2b0549df4dcde85a035a28e02b3bf9b0,2017-03,Sussex Police,Sussex Police,-0.550538,50.821063,On or near Joyce Close,E01031429,Arun 004B,Public order,Investigation complete; no suspect identified,
ead47c7c9bc5904a975ebeeb37e451ea64fd246903e16b758440b75a5e7d85d7,2017-03,Sussex Police,Sussex Police,-0.550976,50.819324,On or near Potters Mead,E01031429,Arun 004B,Public order,Action to be taken by another organisation,
98b34e6072b1aea481c2dfe7932125ae8a9862d540a087b6806db3553fcd344e,2017-03,Sussex Police,Sussex Police,-0.553706,50.820545,On or near Greenfields,E01031429,Arun 004B,Public order,Action to be taken by another organisation,
622a9941145a665f83c62a6be7394fb98659904a05c3281c1a3e2d778c8b4157,2017-03,Sussex Police,Sussex Police,-0.556619,50.818153,On or near Thorgate Road,E01031429,Arun 004B,Vehicle crime,Investigation complete; no suspect identified,
0b1b3ed96520e24e1a700fd64577ef584dcd77bd1e07975295584e69d791e0aa,2017-03,Sussex Police,Sussex Police,-0.553706,50.820545,On or near Greenfields,E01031429,Arun 004B,Violence and sexual offences,Status update unavailable,
3965ca5053449387c0b0c900b75a28b0351790ee2e20f6daf85aad7e52cc81e7,2017-03,Sussex Police,Sussex Police,-0.553706,50.820545,On or near Greenfields,E01031429,Arun 004B,Violence and sexual offences,Further investigation is not in the public interest,
701dbc2d3e1882ef0e1b54cb17e265b8dbb0d93b96b3d43bd73f9f199616e534,2017-03,Sussex Police,Sussex Police,-0.550538,50.821063,On or near Joyce Close,E01031429,Arun 004B,Violence and sexual offences,Unable to prosecute suspect,
843277ca67e0d2ff2bb1432754584bbbee9795f699f917b6195839d8cba416f5,2017-03,Sussex Police,Sussex Police,-0.550976,50.819324,On or near Potters Mead,E01031429,Arun 004B,Violence and sexual offences,Action to be taken by another organisation,
f76e065be38d7fb7160cdb46011922110118b2202047b0d46735352b62004ab6,2017-03,Sussex Police,Sussex Police,-0.555797,50.817657,On or near Eldon Way,E01031429,Arun 004B,Other crime,Further investigation is not in the public interest,
,2017-03,Sussex Police,Sussex Police,-0.544809,50.819041,On or near Supermarket,E01031430,Arun 004C,Anti-social behaviour,,
,2017-03,Sussex Police,Sussex Police,-0.549653,50.818031,On or near Manning Road,E01031430,Arun 004C,Anti-social behaviour,,
,2017-03,Sussex Police,Sussex Police,-0.549653,50.818031,On or near Manning Road,E01031430,Arun 004C,Anti-social behaviour,,
,2017-03,Sussex Police,Sussex Police,-0.544063,50.820659,On or near Parking Area,E01031430,Arun 004C,Anti-social behaviour,,
,2017-03,Sussex Police,Sussex Police,-0.544809,50.819041,On or near Supermarket,E01031430,Arun 004C,Anti-social behaviour,,
,2017-03,Sussex Police,Sussex Police,-0.544809,50.819041,On or near Supermarket,E01031430,Arun 004C,Anti-social behaviour,,
,2017-03,Sussex Police,Sussex Police,-0.545811,50.821041,On or near Colebrook Road,E01031430,Arun 004C,Anti-social behaviour,,
,2017-03,Sussex Police,Sussex Police,-0.545811,50.821041,On or near Colebrook Road,E01031430,Arun 004C,Anti-social behaviour,,
,2017-03,Sussex Police,Sussex Police,-0.545811,50.821041,On or near Colebrook Road,E01031430,Arun 004C,Anti-social behaviour,,
,2017-03,Sussex Police,Sussex Police,-0.545811,50.821041,On or near Colebrook Road,E01031430,Arun 004C,Anti-social behaviour,,
3c8586374e8538aa8f4d59238b5b7e7ba38acd1e1b4a0e557c623c30737a61b1,2017-03,Sussex Police,Sussex Police,-0.550345,50.820431,On or near Wheatcroft,E01031430,Arun 004C,Criminal damage and arson,Status update unavailable,
31b0d62b76314f433a4a1d52faa012996f93c904018aeb93d88a25be2a747b81,2017-03,Sussex Police,Sussex Police,-0.550345,50.820431,On or near Wheatcroft,E01031430,Arun 004C,Criminal damage and arson,Further investigation is not in the public interest,
23af515b8b4338fd9156140106d51beb7b5b2529b7f17a485db756ba45bcb1dc,2017-03,Sussex Police,Sussex Police,-0.545811,50.821041,On or near Colebrook Road,E01031430,Arun 004C,Drugs,Formal action is not in the public interest,
26448200dcee3275f5800f7c0f2e5984685b4e49063c00bb09999174bf8e0c95,2017-03,Sussex Police,Sussex Police,-0.549653,50.818031,On or near Manning Road,E01031430,Arun 004C,Drugs,Offender fined,
3992fb2ba2b73f3b32ae4748a3c57dba050ec5f8760a7a7833e1261cf136ce4b,2017-03,Sussex Police,Sussex Police,-0.547752,50.819815,On or near Courtwick Road,E01031430,Arun 004C,Other theft,Investigation complete; no suspect identified,
cdd3ec6293e86ec876c9ed53b9afd7081750abb2f0ee83c64d970cb20b09e54a,2017-03,Sussex Police,Sussex Police,-0.549653,50.818031,On or near Manning Road,E01031430,Arun 004C,Vehicle crime,Investigation complete; no suspect identified,
47231c35baaf3bdf206074d2bfc4c0e5380804b9e9c9a55c4a10279b168cb811,2017-03,Sussex Police,Sussex Police,-0.548266,50.819254,On or near The Crossways,E01031430,Arun 004C,Violence and sexual offences,Offender given community sentence,
d503cb9f5fefc1f40f5746c78d98439cf5d24f0ef917803c8bc383cd07076992,2017-03,Sussex Police,Sussex Police,-0.544809,50.819041,On or near Supermarket,E01031430,Arun 004C,Violence and sexual offences,Further investigation is not in the public interest,
ee163ec4f282480f5883b8b7f3b018157933608c8427791a11c363a38ec8ba28,2017-03,Sussex Police,Sussex Police,-0.545806,50.820753,On or near Cherry Croft,E01031430,Arun 004C,Violence and sexual offences,Unable to prosecute suspect,
b8fa7b9daef6a30105b70cbfe451cf287756f6276860aa0cdd785b592bf26e2a,2017-03,Sussex Police,Sussex Police,-0.550345,50.820431,On or near Wheatcroft,E01031430,Arun 004C,Violence and sexual offences,Status update unavailable,
da9a6caecab9f65843d7fb83470f0601092c7e9dbc9c5c0110d62ab4ca95d092,2017-03,Sussex Police,Sussex Police,-0.544809,50.819041,On or near Supermarket,E01031430,Arun 004C,Violence and sexual offences,Further investigation is not in the public interest,
ec28d44d9e8c072fd56ab5b9ad1293ef7a9d12c9ad0128871e8361505b7fd049,2017-03,Sussex Police,Sussex Police,-0.545811,50.821041,On or near Colebrook Road,E01031430,Arun 004C,Violence and sexual offences,Investigation complete; no suspect identified,
,2017-03,Sussex Police,Sussex Police,-0.548183,50.824218,On or near Goldcrest Avenue,E01031467,Arun 004D,Anti-social behaviour,,
,2017-03,Sussex Police,Sussex Police,-0.545640,50.829294,On or near Penarth Gardens,E01031467,Arun 004D,Anti-social behaviour,,
,2017-03,Sussex Police,Sussex Police,-0.549112,50.824040,On or near Finches Close,E01031467,Arun 004D,Anti-social behaviour,,
,2017-03,Sussex Police,Sussex Police,-0.545640,50.829294,On or near Penarth Gardens,E01031467,Arun 004D,Anti-social behaviour,,
,2017-03,Sussex Police,Sussex Police,-0.551100,50.824470,On or near Kingfisher Drive,E01031467,Arun 004D,Anti-social behaviour,,
5101eda27e66ac939e270086497a8b131ecb6f4f703f9451758523b1c5caf0c9,2017-03,Sussex Police,Sussex Police,-0.547727,50.828394,On or near Old Mead Road,E01031467,Arun 004D,Criminal damage and arson,Court result unavailable,
32533ad1861fb819d067f7dce76ec5fdce558672bd703e65c38f6f1cdf418177,2017-03,Sussex Police,Sussex Police,-0.551291,50.823816,On or near Courtwick Lane,E01031467,Arun 004D,Other theft,Unable to prosecute suspect,
63679ff1efe35671d72416c88bb5463d4ff74f696e99a67f9357919132237694,2017-03,Sussex Police,Sussex Police,-0.545155,50.823883,On or near Seaton Park,E01031467,Arun 004D,Vehicle crime,Unable to prosecute suspect,
85126dc958fa0b057857ee50f25ba14182dd2006b827b827c311925d82dcd4d1,2017-03,Sussex Police,Sussex Police,-0.542483,50.825801,On or near Lyminster Road,E01031467,Arun 004D,Violence and sexual offences,Further investigation is not in the public interest,
f50703d92d16499bed506b3326f19c417c443a1fa3316afdf76ef78f4bbe6856,2017-03,Sussex Police,Sussex Police,-0.547727,50.828394,On or near Old Mead Road,E01031467,Arun 004D,Violence and sexual offences,Unable to prosecute suspect,
644f029354717128f5b575b14dfbeb66c688ae512f96d0f5b5354a69f97195ff,2017-03,Sussex Police,Sussex Police,-0.545640,50.829294,On or near Penarth Gardens,E01031467,Arun 004D,Violence and sexual offences,Unable to prosecute suspect,
6a8eb814394d2f367aff46e690b3dbb3b63c8508dd7d73aa6aa7d6bd5961a388,2017-03,Sussex Police,Sussex Police,-0.532435,50.821592,On or near Olliver Acre,E01031468,Arun 004E,Bicycle theft,Investigation complete; no suspect identified,
301ce5c4bbc48c575ea9ae6bfa424d82e2d792bb40bd36e3cc9f1682c7faeefa,2017-03,Sussex Police,Sussex Police,-0.543842,50.821358,On or near A259,E01031468,Arun 004E,Other theft,Investigation complete; no suspect identified,
2b066bdea114ab7068515a3e10a5ebf7abb995312587ae236a8f60e615933be6,2017-03,Sussex Police,Sussex Police,-0.543842,50.821358,On or near A259,E01031468,Arun 004E,Other theft,Investigation complete; no suspect identified,
ce6cc5c1fb92a5d04c489a77a9799eb1f71663bcd8a7d18364c289a6764ec639,2017-03,Sussex Police,Sussex Police,-0.525621,50.821552,On or near Norway Lane,E01031468,Arun 004E,Other theft,Further investigation is not in the public interest,
e11608e7ab877069e9167b28bc020586f123e6b1748dd940375ab512b64f5850,2017-03,Sussex Police,Sussex Police,-0.543842,50.821358,On or near A259,E01031468,Arun 004E,Other theft,Investigation complete; no suspect identified,
ebcc731df942a31fb3a5163a3614cb3aa0e227ba008d96c0ecc689856d0f6ad9,2017-03,Sussex Police,Sussex Police,-0.543842,50.821358,On or near A259,E01031468,Arun 004E,Other theft,Investigation complete; no suspect identified,
2495f5be9dcacbcdeaf0d9f1861607d4d00bbad2f1891ece5606db121ac94ef2,2017-03,Sussex Police,Sussex Police,-0.532677,50.823367,On or near Steele Crescent,E01031468,Arun 004E,Violence and sexual offences,Unable to prosecute suspect,
b5aa98d3094d6144baf806a3d3251ed2a6533055052dca15a77c2f9e1192f196,2017-03,Sussex Police,Sussex Police,-0.532677,50.823367,On or near Steele Crescent,E01031468,Arun 004E,Violence and sexual offences,Unable to prosecute suspect,
5f0d164e23cc1ceccd7203f7d5eb6e4477fe928fd0afdd3e872bf6a7ea677ea9,2017-03,Sussex Police,Sussex Police,-0.531971,50.821425,On or near Faulkner Gardens,E01031468,Arun 004E,Violence and sexual offences,Unable to prosecute suspect,
,2017-03,Sussex Police,Sussex Police,-0.476398,50.817232,On or near Roundstone Lane,E01031388,Arun 005A,Anti-social behaviour,,
,2017-03,Sussex Police,Sussex Police,-0.474846,50.817787,On or near Mayfield,E01031388,Arun 005A,Anti-social behaviour,,
,2017-03,Sussex Police,Sussex Police,-0.479101,50.821845,On or near Sunnyside Close,E01031388,Arun 005A,Anti-social behaviour,,
,2017-03,Sussex Police,Sussex Police,-0.474846,50.817787,On or near Mayfield,E01031388,Arun 005A,Anti-social behaviour,,
,2017-03,Sussex Police,Sussex Police,-0.479101,50.821845,On or near Sunnyside Close,E01031388,Arun 005A,Anti-social behaviour,,
fe643b8518c67243966693c16872d0f145ed9d2914a43b8deb108a3eda8c02a9,2017-03,Sussex Police,Sussex Police,-0.478417,50.819318,On or near Mayflower Way,E01031388,Arun 005A,Burglary,Unable to prosecute suspect,
dc8826b25261ead300fec025fadbd6a08e3b0a3d7c97f4891fda89aa49084d57,2017-03,Sussex Police,Sussex Police,-0.478417,50.819318,On or near Mayflower Way,E01031388,Arun 005A,Burglary,Unable to prosecute suspect,
d2fa3c6fbd10f87e4fcdc30d197c3343aea5b9df29be9c85fa45957df122d20a,2017-03,Sussex Police,Sussex Police,-0.478417,50.819318,On or near Mayflower Way,E01031388,Arun 005A,Criminal damage and arson,Investigation complete; no suspect identified,
6f5d5f5a58e6d8213f9aa468fc6301b49b4a94daf7f63b8e1805a1f2c4cb6315,2017-03,Sussex Police,Sussex Police,-0.478417,50.819318,On or near Mayflower Way,E01031388,Arun 005A,Criminal damage and arson,Investigation complete; no suspect identified,
7993949591deeede0b2ce5348d6f4e3f592e8c2352240e58583352e99714b375,2017-03,Sussex Police,Sussex Police,-0.477951,50.825769,On or near Butcher Close,E01031388,Arun 005A,Other theft,Investigation complete; no suspect identified,
b2f32ade8bea02b66e8472624c082ac8b569e12b85bf4578719988e5cd6fb4f9,2017-03,Sussex Police,Sussex Police,-0.474846,50.817787,On or near Mayfield,E01031388,Arun 005A,Theft from the person,Investigation complete; no suspect identified,
cbcf49f4a39a4bc32b64e29427a65d06c7bab96b5896d0b3c3b3ed8d8d72e517,2017-03,Sussex Police,Sussex Police,-0.476887,50.825746,On or near Wilkinson Close,E01031388,Arun 005A,Vehicle crime,Investigation complete; no suspect identified,
bab59b38877ba89ab840e0f50c40f2861a1c0b98425124f4186e7f3677e005a5,2017-03,Sussex Police,Sussex Police,-0.479234,50.823879,On or near Roman Avenue,E01031388,Arun 005A,Vehicle crime,Investigation complete; no suspect identified,
d8b34f0d0d5a7bbfd21a568b791430d1bc2998a6f3202a03723124990e242a78,2017-03,Sussex Police,Sussex Police,-0.477612,50.828768,On or near The Avenals,E01031388,Arun 005A,Violence and sexual offences,Status update unavailable,
de22dee53b7700200906421fe55e869f0353e5b114f2e7cabaf8acef0484ac85,2017-03,Sussex Police,Sussex Police,-0.479215,50.829715,On or near Weavers Hill,E01031388,Arun 005A,Violence and sexual offences,Unable to prosecute suspect,
,2017-03,Sussex Police,Sussex Police,-0.497488,50.821804,On or near Mulberry Hollow,E01031389,Arun 005B,Anti-social behaviour,,
,2017-03,Sussex Police,Sussex Police,-0.483597,50.822416,On or near Maytree Close,E01031389,Arun 005B,Anti-social behaviour,,
4f57b4468fbe78f48da28f13fa36de49c5518a5428bbe7eec26ba0e05572b982,2017-03,Sussex Police,Sussex Police,-0.483597,50.822416,On or near Maytree Close,E01031389,Arun 005B,Bicycle theft,Local resolution,
0a74f8f9c817513f59f6a97c97dd04705a2b937bc9019c7ac92bf0123c394b5e,2017-03,Sussex Police,Sussex Police,-0.483597,50.822416,On or near Maytree Close,E01031389,Arun 005B,Other theft,Unable to prosecute suspect,
5e0349c2055bf7bd67c178d6029b81a403aff93c1dda50fc43eee5ee2736a326,2017-03,Sussex Police,Sussex Police,-0.484670,50.829193,On or near Church Road,E01031389,Arun 005B,Vehicle crime,Investigation complete; no suspect identified,
f9477b793b2680ed4cd8b1693d899ac2b3dc51a35d43c1f2c2daffbfd40f3d72,2017-03,Sussex Police,Sussex Police,-0.488635,50.828219,On or near The Thatchway,E01031389,Arun 005B,Vehicle crime,Investigation complete; no suspect identified,
5402de2768bc0a9212bfee2cb23c7c1ace85ded24edaecb551ef1886350d8b3f,2017-03,Sussex Police,Sussex Police,-0.480203,50.826374,On or near Pound Way,E01031389,Arun 005B,Violence and sexual offences,Further investigation is not in the public interest,
fd8fb63b0308be1e4a59e43f8ccd0e61cdfc92a64f395de95c23865494cf80f5,2017-03,Sussex Police,Sussex Police,-0.484150,50.825957,On or near Mill Road,E01031389,Arun 005B,Violence and sexual offences,Unable to prosecute suspect,
3600e3bc204d9e9c52971619203920d79eed1129b9ccb249f100de8ae41731fb,2017-03,Sussex Police,Sussex Police,-0.483597,50.822416,On or near Maytree Close,E01031389,Arun 005B,Violence and sexual offences,Investigation complete; no suspect identified,
,2017-03,Sussex Police,Sussex Police,-0.474813,50.813137,On or near North Lane,E01031414,Arun 005C,Anti-social behaviour,,
8743b651abe965c334ed61243722752f492d1c4cfb089142d249b05ad548c826,2017-03,Sussex Police,Sussex Police,-0.476069,50.816418,On or near Roundstone Lane,E01031414,Arun 005C,Burglary,Unable to prosecute suspect,
ad78973b9d57f35c622f7354392ce251c2d3bb1319e4697fccbd89cc03fc05ec,2017-03,Sussex Police,Sussex Police,-0.479128,50.814911,On or near Roundstone Drive,E01031414,Arun 005C,Criminal damage and arson,Investigation complete; no suspect identified,
ad0d074a15f846f5745cc5f40777fe83a69edfc040a0fab2ffac77d01941f29d,2017-03,Sussex Police,Sussex Police,-0.471860,50.814897,On or near Somerset Road,E01031414,Arun 005C,Violence and sexual offences,Unable to prosecute suspect,
,2017-03,Sussex Police,Sussex Police,-0.480065,50.813161,On or near Lashmar Road,E01031415,Arun 005D,Anti-social behaviour,,
,2017-03,Sussex Police,Sussex Police,-0.489296,50.815223,On or near B2140,E01031415,Arun 005D,Anti-social behaviour,,
3d2d46f2a84b798b69e9db82bc7c14a741029ab733f01e378295b0a8b27af1c3,2017-03,Sussex Police,Sussex Police,-0.476616,50.812262,On or near Pinewood Close,E01031415,Arun 005D,Drugs,Offender given a drugs possession warning,
c1b6ad90d992f7c16900f192cb26a1c6793a88159182b017f14ed0001b42976f,2017-03,Sussex Police,Sussex Police,-0.485636,50.816012,On or near Mill Pond Way,E01031415,Arun 005D,Drugs,Awaiting court outcome,
9aa8fe0d8e8834f1d88eb27426deec1723571c63d614e1083a3bd58d4d0e90c4,2017-03,Sussex Police,Sussex Police,-0.485636,50.816012,On or near Mill Pond Way,E01031415,Arun 005D,Possession of weapons,Awaiting court outcome,
07607d83d8419772951a880cfdd70208a064c6a0d37f1fadb990045a21b0c78b,2017-03,Sussex Police,Sussex Police,-0.480065,50.813161,On or near Lashmar Road,E01031415,Arun 005D,Violence and sexual offences,Further investigation is not in the public interest,
,2017-03,Sussex Police,Sussex Police,-0.490265,50.815551,On or near Parking Area,E01031459,Arun 005E,Anti-social behaviour,,
,2017-03,Sussex Police,Sussex Police,-0.494303,50.817087,On or near Burmill Mews,E01031459,Arun 005E,Anti-social behaviour,,
,2017-03,Sussex Police,Sussex Police,-0.491823,50.815193,On or near Ascot Way,E01031459,Arun 005E,Anti-social behaviour,,
,2017-03,Sussex Police,Sussex Police,-0.494303,50.817087,On or near Burmill Mews,E01031459,Arun 005E,Anti-social behaviour,,
9969d0f0e64979a2dfa9aab22b1bc98cbe4fdb82bfb6116019d459d15be877a5,2017-03,Sussex Police,Sussex Police,-0.494303,50.817087,On or near Burmill Mews,E01031459,Arun 005E,Bicycle theft,Investigation complete; no suspect identified,
16ab02189971b4d8b3be9b283f9768271514af5c809be5f821536d5fb61449b6,2017-03,Sussex Police,Sussex Police,-0.491823,50.815193,On or near Ascot Way,E01031459,Arun 005E,Burglary,Investigation complete; no suspect identified,
95e6da151c6053792d4b908ab158cb7d0c5d3a82c69449b12550f2add962e36b,2017-03,Sussex Police,Sussex Police,-0.491823,50.815193,On or near Ascot Way,E01031459,Arun 005E,Criminal damage and arson,Investigation complete; no suspect identified,
5e2901369c4ef06f62b6316ab51f539a06c688e6d7770ed03a24f252b31dc3a3,2017-03,Sussex Police,Sussex Police,-0.494303,50.817087,On or near Burmill Mews,E01031459,Arun 005E,Other theft,Investigation complete; no suspect identified,
9c71d8a88c3ecdae83622dab91cbe9dda2733ec764f6e124310869d93da57379,2017-03,Sussex Police,Sussex Police,-0.498684,50.815938,On or near Fircroft Crescent,E01031459,Arun 005E,Public order,Investigation complete; no suspect identified,
c678556c7ca39da89a0375d7d6521d6088d4e5b9e308c0c1de2d1486e35f6739,2017-03,Sussex Police,Sussex Police,-0.491823,50.815193,On or near Ascot Way,E01031459,Arun 005E,Public order,Investigation complete; no suspect identified,
1f3473b234579aa9d97981575901bfbae4eb23f1d4345aa5bbe53e632455203d,2017-03,Sussex Police,Sussex Police,-0.494303,50.817087,On or near Burmill Mews,E01031459,Arun 005E,Shoplifting,Offender given penalty notice,
978f41a0b31c30ad54a8543d7d70a963bd46cc1c526fa6daf5e0ee8325408075,2017-03,Sussex Police,Sussex Police,-0.495548,50.815898,On or near Canterbury Road,E01031459,Arun 005E,Vehicle crime,Investigation complete; no suspect identified,
861ef20f0a3541c3de015fbfd79654e49ab5030b435ba5dc978c62501b1817da,2017-03,Sussex Police,Sussex Police,-0.490117,50.817932,On or near Darlington Walk,E01031459,Arun 005E,Violence and sexual offences,Unable to prosecute suspect,
7b11887e6a1b81fe2ec031b9d40864d67b872180b31e1ff34a5c0d742bcf602e,2017-03,Sussex Police,Sussex Police,-0.490265,50.815551,On or near Parking Area,E01031459,Arun 005E,Violence and sexual offences,Unable to prosecute suspect,
f9ba4c3de59fdfaaa6e20ea2f167f267c9dd7403b2c9b1c5df9c4e6853a41035,2017-03,Sussex Police,Sussex Police,-0.494707,50.816453,On or near Winchester Road,E01031459,Arun 005E,Violence and sexual offences,Unable to prosecute suspect,
,2017-03,Sussex Police,Sussex Police,-0.578920,50.802311,On or near Climping Street,E01031470,Arun 006A,Anti-social behaviour,,
,2017-03,Sussex Police,Sussex Police,-0.596289,50.816560,On or near Sproule Close,E01031470,Arun 006A,Anti-social behaviour,,
,2017-03,Sussex Police,Sussex Police,-0.584161,50.818113,On or near Park/Open Space,E01031470,Arun 006A,Anti-social behaviour,,
b5f010a2d8b58ac08508c754f829a4ba28e0256f87a006a3cb6abea8880fad06,2017-03,Sussex Police,Sussex Police,-0.589707,50.825338,On or near Ford Lane,E01031470,Arun 006A,Burglary,Investigation complete; no suspect identified,
54a10692bb8b79eaab2b44280f0be4817652aacc580a9884314b92f44fc6a223,2017-03,Sussex Police,Sussex Police,-0.578920,50.802311,On or near Climping Street,E01031470,Arun 006A,Burglary,Investigation complete; no suspect identified,
ff74a5b0ea00c58bbe482eeb4e870a43bc217f51f253eccf5162999680352648,2017-03,Sussex Police,Sussex Police,-0.584525,50.810788,On or near Apple Tree Walk,E01031470,Arun 006A,Criminal damage and arson,Local resolution,
27ff88696d71673bfcc0ded3057fb8ed65178ae06928817f08fb60e0103b841a,2017-03,Sussex Police,Sussex Police,-0.578840,50.829721,On or near Gaugemaster Way,E01031470,Arun 006A,Public order,Investigation complete; no suspect identified,
a9da844a40499ebcffacd2d34e2363a267eed2f943c2f4c277e045cde8be8636,2017-03,Sussex Police,Sussex Police,-0.563002,50.809553,On or near Bridge Road,E01031470,Arun 006A,Vehicle crime,Investigation complete; no suspect identified,
5f78d957334ebb372c305bd29522fdf0e4b645f5fc409e50611cd0c8944b6761,2017-03,Sussex Police,Sussex Police,-0.578920,50.802311,On or near Climping Street,E01031470,Arun 006A,Violence and sexual offences,Investigation complete; no suspect identified,
9e55a46ff3fb0edb3731380e1dc311591dd9494e04a809bf15a290286cedbb15,2017-03,Sussex Police,Sussex Police,-0.579818,50.816207,On or near Prison,E01031470,Arun 006A,Violence and sexual offences,Unable to prosecute suspect,
,2017-03,Sussex Police,Sussex Police,-0.605972,50.818411,On or near Burndell Road,E01031471,Arun 006B,Anti-social behaviour,,
,2017-03,Sussex Police,Sussex Police,-0.608268,50.817108,On or near Park Drive,E01031471,Arun 006B,Anti-social behaviour,,
8ae0db2516897022ec2aee2cc6ed381905271a913e5a01f79b2c960f9a1920fa,2017-03,Sussex Police,Sussex Police,-0.600726,50.817710,On or near Fordwater Gardens,E01031471,Arun 006B,Criminal damage and arson,Investigation complete; no suspect identified,
3209e323bacd4d5f21ade7346d865a909c2a40efc7ed23dcd73d3df49dd93a3f,2017-03,Sussex Police,Sussex Police,-0.613209,50.812769,On or near Taylors Close,E01031471,Arun 006B,Other theft,Unable to prosecute suspect,
148dd44c37731b4d4f5c9527d686eaf0a76f06fe25f3ae8b1b0ea7b0df02bb3c,2017-03,Sussex Police,Sussex Police,-0.613209,50.812769,On or near Taylors Close,E01031471,Arun 006B,Vehicle crime,Investigation complete; no suspect identified,
377f0c20c11c3291710c9594e868bcb8bdeb3fa94a05cba63086ffe2eb77e3a1,2017-03,Sussex Police,Sussex Police,-0.609195,50.817910,On or near Belmont Terrace,E01031471,Arun 006B,Violence and sexual offences,Unable to prosecute suspect,
a49adf4e88a814a39583df7a4fb5f1a3d1812c60b911f94062f359e137d34bbc,2017-03,Sussex Police,Sussex Police,-0.613209,50.812769,On or near Taylors Close,E01031471,Arun 006B,Violence and sexual offences,Unable to prosecute suspect,
f793d4900a36fd0bd5db1a7656aeebab08b5325318e7cdebd9354a01c40080cc,2017-03,Sussex Police,Sussex Police,-0.600726,50.817710,On or near Fordwater Gardens,E01031471,Arun 006B,Violence and sexual offences,Further investigation is not in the public interest,
37f319408bf50f3edf4c76c66721084ddf9fcd8e371ec9907890f7a4614d3a5f,2017-03,Sussex Police,Sussex Police,-0.605972,50.818411,On or near Burndell Road,E01031471,Arun 006B,Violence and sexual offences,Unable to prosecute suspect,
50070c5d2ff5887654300b7ed88eb43c4087738f9c458caa6c9235f611eecb59,2017-03,Sussex Police,Sussex Police,-0.598771,50.817588,On or near Mustang Close,E01031471,Arun 006B,Violence and sexual offences,Unable to prosecute suspect,
4bff18999a5fc4b5a96b34fcbb686b245846ba0da24666f85be48b6968de8864,2017-03,Sussex Police,Sussex Police,-0.605972,50.818411,On or near Burndell Road,E01031471,Arun 006B,Violence and sexual offences,Further investigation is not in the public interest,
,2017-03,Sussex Police,Sussex Police,-0.607447,50.819886,On or near Downview Close,E01031472,Arun 006C,Anti-social behaviour,,
,2017-03,Sussex Police,Sussex Police,-0.619347,50.823642,On or near Yapton Road,E01031472,Arun 006C,Anti-social behaviour,,
6799100cee893855e457bf53871e44de5c26ba0d3c8ddacfdea705720928e364,2017-03,Sussex Police,Sussex Police,-0.613390,50.823437,On or near The Croft,E01031472,Arun 006C,Burglary,Investigation complete; no suspect identified,
cd39a20bb14bf6629b44cf48c588575df8655f4c9a16d2b2b4c7770048b439e0,2017-03,Sussex Police,Sussex Police,-0.619347,50.823642,On or near Yapton Road,E01031472,Arun 006C,Burglary,Investigation complete; no suspect identified,
1bf9768a9c7cd48843a8dd22c7b80fdf1314b6dd07c2c6fda8bfc449ba8c04ba,2017-03,Sussex Police,Sussex Police,-0.612571,50.823742,On or near The Lychgates,E01031472,Arun 006C,Criminal damage and arson,Investigation complete; no suspect identified,
03c58004f7c9ee4d78db99c6ace00402d62b14b08cdc30bd9f537e7984c5d007,2017-03,Sussex Police,Sussex Police,-0.611433,50.814268,On or near West View Drive,E01031472,Arun 006C,Other theft,Investigation complete; no suspect identified,
3adb0571804690866a7602913893a6a027539c46d418f0a5284227f2c119f56b,2017-03,Sussex Police,Sussex Police,-0.614741,50.819523,On or near Tack Lee Road,E01031472,Arun 006C,Violence and sexual offences,Court result unavailable,
fd788cbce6546aa391e38257060d0a7449a4619495090e1f916cc1fa963988ca,2017-03,Sussex Police,Sussex Police,-0.605293,50.817864,On or near Fellows Gardens,E01031472,Arun 006C,Violence and sexual offences,Unable to prosecute suspect,
75b7adafe7d1a5e5b8196f1a5c086574860946b0e86216194778c11abdf38ac2,2017-03,Sussex Police,Sussex Police,-0.621017,50.809822,On or near Bilsham Lane,E01031472,Arun 006C,Violence and sexual offences,Court result unavailable,
,2017-03,Sussex Police,Sussex Police,-0.612508,50.816313,On or near Blenheim Road,E01031473,Arun 006D,Anti-social behaviour,,
,2017-03,Sussex Police,Sussex Police,-0.612508,50.816313,On or near Blenheim Road,E01031473,Arun 006D,Anti-social behaviour,,
,2017-03,Sussex Police,Sussex Police,-0.612508,50.816313,On or near Blenheim Road,E01031473,Arun 006D,Anti-social behaviour,,
,2017-03,Sussex Police,Sussex Police,-0.612508,50.816313,On or near Blenheim Road,E01031473,Arun 006D,Anti-social behaviour,,
,2017-03,Sussex Police,Sussex Police,-0.612508,50.816313,On or near Blenheim Road,E01031473,Arun 006D,Anti-social behaviour,,
aae9b40a2b50c57a33719b641356f0ce09ded24f049edbe87ef0a24827d9da31,2017-03,Sussex Police,Sussex Police,-0.606809,50.819366,On or near Downview Road,E01031473,Arun 006D,Criminal damage and arson,Unable to prosecute suspect,
42442b117ccdf014ff7fc59fd37d4c71f87936b2948f40a8392cd00d544fc553,2017-03,Sussex Police,Sussex Police,-0.610317,50.819812,On or near Parking Area,E01031473,Arun 006D,Shoplifting,Investigation complete; no suspect identified,
5f39fc929296de719a024bc8ad836b5d5fcc030c914afb035ff426b2f02629f9,2017-03,Sussex Police,Sussex Police,-0.610317,50.819812,On or near Parking Area,E01031473,Arun 006D,Shoplifting,Offender sent to prison,
8eef2a1d5550b50524a7e781b3a889a58df77afa53774ec246bd43493667da54,2017-03,Sussex Police,Sussex Police,-0.610317,50.819812,On or near Parking Area,E01031473,Arun 006D,Shoplifting,Investigation complete; no suspect identified,
f2dc1713365829df33968a17d032db07788fd4e1bb7d4116eb5bd7d98cd0e297,2017-03,Sussex Police,Sussex Police,-0.610317,50.819812,On or near Parking Area,E01031473,Arun 006D,Shoplifting,Investigation complete; no suspect identified,
cccabc4dee1a02cacc85c89b2636aee12aaafda1f6d8ee1834ebba8d077aef34,2017-03,Sussex Police,Sussex Police,-0.612617,50.817402,On or near Loveys Road,E01031473,Arun 006D,Violence and sexual offences,Offender given a caution,
107b0e95f913ef01933d441c12749c4554bc091115606030b0fa3d09a658a5a1,2017-03,Sussex Police,Sussex Police,-0.612617,50.817402,On or near Loveys Road,E01031473,Arun 006D,Violence and sexual offences,Unable to prosecute suspect,
caf7bbeb3136b13d3f35ffa80864201162706a7f8a95a822ee2d2c55ffb8012d,2017-03,Sussex Police,Sussex Police,-0.606809,50.819366,On or near Downview Road,E01031473,Arun 006D,Violence and sexual offences,Local resolution,
4212c086483316ec1c04615a5dd9c900d5959e0c9bac60814dc85666e79267e3,2017-03,Sussex Police,Sussex Police,-0.613291,50.817177,On or near Giles Close,E01031473,Arun 006D,Violence and sexual offences,Unable to prosecute suspect,
,2017-03,Sussex Police,Sussex Police,-0.517090,50.819708,On or near Snowdrop Close,E01031407,Arun 007A,Anti-social behaviour,,
,2017-03,Sussex Police,Sussex Police,-0.521013,50.819551,On or near Jasmine Close,E01031407,Arun 007A,Anti-social behaviour,,
652942726e059d3b77517c9b82e321b421dff84854d2491473b3281523d6a152,2017-03,Sussex Police,Sussex Police,-0.521156,50.820443,On or near Honeysuckle Close,E01031407,Arun 007A,Criminal damage and arson,Status update unavailable,
d99d21a834f1cc6cceab7fac85cfd75cb1306d67210c8ac2d029cb234b50255e,2017-03,Sussex Police,Sussex Police,-0.518824,50.815179,On or near Westlands,E01031407,Arun 007A,Criminal damage and arson,Investigation complete; no suspect identified,
ef5cf272c97bdc5898512e040e219143f40ea4e4f68886b06ae69ff2eb07cef2,2017-03,Sussex Police,Sussex Police,-0.518824,50.815179,On or near Westlands,E01031407,Arun 007A,Criminal damage and arson,Investigation complete; no suspect identified,
6ffe75c60aa86b25f2ebe9d9b9a6d62a39fa581c04ed2c2c5abe443aa3fc1970,2017-03,Sussex Police,Sussex Police,-0.518096,50.820224,On or near Larkspur Close,E01031407,Arun 007A,Criminal damage and arson,Investigation complete; no suspect identified,
0991204fa63b9e0d9a01b6b68f706cbd38cfdbcd9ec4b4eb39ce572989c74e7f,2017-03,Sussex Police,Sussex Police,-0.517090,50.819708,On or near Snowdrop Close,E01031407,Arun 007A,Drugs,Offender given a caution,
96a5732c4d79c8f3b9f3e7e18e38bc6d39daa854155624fc66964297ece08a3b,2017-03,Sussex Police,Sussex Police,-0.517090,50.819708,On or near Snowdrop Close,E01031407,Arun 007A,Violence and sexual offences,Unable to prosecute suspect,
,2017-03,Sussex Police,Sussex Police,-0.523518,50.818449,On or near Kendal Close,E01031408,Arun 007B,Anti-social behaviour,,
,2017-03,Sussex Police,Sussex Police,-0.525302,50.817716,On or near Timberleys,E01031408,Arun 007B,Anti-social behaviour,,
5ecafb37fd6559391e0e4a076393917472f4e6e27a8be1a2101bb0b586906856,2017-03,Sussex Police,Sussex Police,-0.533781,50.820314,On or near Cornfield Close,E01031408,Arun 007B,Burglary,Investigation complete; no suspect identified,
4f4fe3c8748a1e0773c88d8d69b0fc8e653e141842b2ba4359facd9c41379f27,2017-03,Sussex Police,Sussex Police,-0.526209,50.820012,On or near B2187,E01031408,Arun 007B,Other theft,Investigation complete; no suspect identified,
bff5c79586fcbd4031127cbabd663933c3efd1038a6067eea41ebf60cb2f57c8,2017-03,Sussex Police,Sussex Police,-0.526209,50.820012,On or near B2187,E01031408,Arun 007B,Other theft,Investigation complete; no suspect identified,
fa790eb96f30524ba0f8fe09c19baf6f4d82fe1cb1a3dcf7d95fc524fa8356a5,2017-03,Sussex Police,Sussex Police,-0.526209,50.820012,On or near B2187,E01031408,Arun 007B,Other theft,Investigation complete; no suspect identified,
7caf82a94b34a64ed421725870232350be371c66a6b9963cf77cf03e4f967607,2017-03,Sussex Police,Sussex Police,-0.526209,50.820012,On or near B2187,E01031408,Arun 007B,Other theft,Investigation complete; no suspect identified,
b97631d88a9549ef47a7c84d234b19d1be951baa5e7fa52b1022f953ea17330a,2017-03,Sussex Police,Sussex Police,-0.526209,50.820012,On or near B2187,E01031408,Arun 007B,Possession of weapons,Further investigation is not in the public interest,
2178f2462274bcbdc44d93d85dc92e39aa58c1fb160aa8a2ec35f9a524a08e04,2017-03,Sussex Police,Sussex Police,-0.526209,50.820012,On or near B2187,E01031408,Arun 007B,Violence and sexual offences,Unable to prosecute suspect,
,2017-03,Sussex Police,Sussex Police,-0.523099,50.813282,On or near Beacon Way,E01031410,Arun 007C,Anti-social behaviour,,
,2017-03,Sussex Police,Sussex Police,-0.524574,50.814245,On or near Nimbus Close,E01031410,Arun 007C,Anti-social behaviour,,
0da499b4b1240460af0809ea8bc620b935111373c2939b602787e994d4aad133,2017-03,Sussex Police,Sussex Police,-0.523147,50.814937,On or near Lizard Head,E01031410,Arun 007C,Criminal damage and arson,Court result unavailable,
f6b2ae987b6b14c6358ea878a5f8563758fe67a1fc63536eaeef363cdd3216a8,2017-03,Sussex Police,Sussex Police,-0.525646,50.812199,On or near Southfields Road,E01031410,Arun 007C,Criminal damage and arson,Investigation complete; no suspect identified,
2a84f93a5e360a866f2f7962bb5fda8e1a205c211cc1a030d7fa2bc1e91f01b3,2017-03,Sussex Police,Sussex Police,-0.523147,50.814937,On or near Lizard Head,E01031410,Arun 007C,Other theft,Investigation complete; no suspect identified,
3263e24a4164954e2bbbf8d908ac39e3639d50fcfda9b56a92f6d55bc28bcb8a,2017-03,Sussex Police,Sussex Police,-0.523099,50.813282,On or near Beacon Way,E01031410,Arun 007C,Violence and sexual offences,Investigation complete; no suspect identified,
e562d303130e2c617eaca074afe40c48c6fbebca2ba115019442015b2b6b878a,2017-03,Sussex Police,Sussex Police,-0.522589,50.814157,On or near Carvel Way,E01031410,Arun 007C,Violence and sexual offences,Unable to prosecute suspect,
231034b005f9c69d865394965abae8818d8e0f0995daf20d76c5f87214c33f43,2017-03,Sussex Police,Sussex Police,-0.523099,50.813282,On or near Beacon Way,E01031410,Arun 007C,Violence and sexual offences,Investigation complete; no suspect identified,
342d3e1a8308e5ea7915484e519765a76b6743223716ecec67eb30a501d2c2ed,2017-03,Sussex Police,Sussex Police,-0.523099,50.813282,On or near Beacon Way,E01031410,Arun 007C,Violence and sexual offences,Further investigation is not in the public interest,
,2017-03,Sussex Police,Sussex Police,-0.502257,50.816982,On or near Mill Lane,E01031462,Arun 007D,Anti-social behaviour,,
,2017-03,Sussex Police,Sussex Police,-0.511575,50.814997,On or near Campbell Drive,E01031462,Arun 007D,Anti-social behaviour,,
8a31bddf64cce8cac9d00b9669e602585dfb06691ac2dedc6e133b1139615020,2017-03,Sussex Police,Sussex Police,-0.513415,50.815173,On or near Barnsite Close,E01031462,Arun 007D,Bicycle theft,Investigation complete; no suspect identified,
bf21a38393b7a084802f89a82e3bb7c940d80e4125d68a36beca14265bb1aefd,2017-03,Sussex Police,Sussex Police,-0.503945,50.817022,On or near Duncton Road,E01031462,Arun 007D,Burglary,Unable to prosecute suspect,
45551dabd662230ee4d4e7e886ca364c2166b591ccf38f76e6d042cb18008d2d,2017-03,Sussex Police,Sussex Police,-0.507507,50.816150,On or near Jubilee Avenue,E01031462,Arun 007D,Drugs,Offender given a drugs possession warning,
b00826e8c99fa5003457c819d9e6662b33abce871daad4e37da6efd5f5535545,2017-03,Sussex Police,Sussex Police,-0.506873,50.818246,On or near Brookside Avenue,E01031462,Arun 007D,Other theft,Investigation complete; no suspect identified,
09939130b6a54a56140fa0d00914b111a17f63fcd6e9d1223775a4560ef862d4,2017-03,Sussex Police,Sussex Police,-0.503582,50.816819,On or near Bignor Close,E01031462,Arun 007D,Violence and sexual offences,Further investigation is not in the public interest,
175246eab09dd508085b6a5f8c0f97ae517a0fa65d93b87c299302920b03c9b8,2017-03,Sussex Police,Sussex Police,-0.505025,50.816964,On or near Wallace Road,E01031462,Arun 007D,Violence and sexual offences,Status update unavailable,
,2017-03,Sussex Police,Sussex Police,-0.513724,50.819296,On or near Windsor Close,E01031463,Arun 007E,Anti-social behaviour,,
,2017-03,Sussex Police,Sussex Police,-0.513724,50.819296,On or near Windsor Close,E01031463,Arun 007E,Anti-social behaviour,,
,2017-03,Sussex Police,Sussex Police,-0.511409,50.821137,On or near Blenheim Close,E01031463,Arun 007E,Anti-social behaviour,,
0b1147ec1c7bc0045a524f3da8cb9eee118b4b985c7cdf5854fc11322ce38463,2017-03,Sussex Police,Sussex Police,-0.516048,50.816322,On or near Hide Gardens,E01031463,Arun 007E,Burglary,Investigation complete; no suspect identified,
4065ae27c5980f31a221bc36f3436216571b789416d80e9b319a124cbd66454d,2017-03,Sussex Police,Sussex Police,-0.513724,50.819296,On or near Windsor Close,E01031463,Arun 007E,Criminal damage and arson,Investigation complete; no suspect identified,
e41f5976ddb69031cd7db4918dad8494bfbd3cc12dd26c904a7ba48c5dc10446,2017-03,Sussex Police,Sussex Police,-0.509770,50.817744,On or near Petrol Station,E01031463,Arun 007E,Other theft,Unable to prosecute suspect,
d987865a250918817bb679dd30e9f5bb9fe402af6af34062355f8b62aa70b5e8,2017-03,Sussex Police,Sussex Police,-0.509770,50.817744,On or near Petrol Station,E01031463,Arun 007E,Other theft,Unable to prosecute suspect,
da204e24a13a8a995be837e4e70a84f83b751d0516f01cebbe028e4c11bc35a4,2017-03,Sussex Police,Sussex Police,-0.509770,50.817744,On or near Petrol Station,E01031463,Arun 007E,Other theft,Investigation complete; no suspect identified,
586f18be6b315b2598eb13705853b2d896aaef3556dc7ea1a4f269bfd68a7f22,2017-03,Sussex Police,Sussex Police,-0.516048,50.816322,On or near Hide Gardens,E01031463,Arun 007E,Public order,Investigation complete; no suspect identified,
2dfbcd261836a65abeaa4602f709c8e06480ed3c121a5cbdaf6dba229f28f293,2017-03,Sussex Police,Sussex Police,-0.509770,50.817744,On or near Petrol Station,E01031463,Arun 007E,Shoplifting,Awaiting court outcome,
013f7396202a697f17d4ce700bc47deab3bc1767de9faf0946164e824d95d1f1,2017-03,Sussex Police,Sussex Police,-0.509770,50.817744,On or near Petrol Station,E01031463,Arun 007E,Shoplifting,Investigation complete; no suspect identified,
0170365447585f6284dbb821d935733ec7d79fccddbe7ceca3ccda671e6ea9a9,2017-03,Sussex Police,Sussex Police,-0.509770,50.817744,On or near Petrol Station,E01031463,Arun 007E,Shoplifting,Investigation complete; no suspect identified,
a97df223f6955142ebc30c17b4b3dcc7c5b8f6d21f888a21a1ce100691afd731,2017-03,Sussex Police,Sussex Police,-0.509770,50.817744,On or near Petrol Station,E01031463,Arun 007E,Shoplifting,Investigation complete; no suspect identified,
00ba3a53de4464b1adac1266edadce44c2ee0c4a409485146a5ccf05c9d0231f,2017-03,Sussex Police,Sussex Police,-0.509770,50.817744,On or near Petrol Station,E01031463,Arun 007E,Shoplifting,Offender sent to prison,
3d3d009ab204cf47f1e61f51d509c0311d0e73fe62362b51ee46af3af0be4ad4,2017-03,Sussex Police,Sussex Police,-0.509610,50.819208,On or near Dominion Way,E01031463,Arun 007E,Vehicle crime,Unable to prosecute suspect,
7ae8a03792f69d5a02aeaa0ae15b7fcf7c64d4388cc3890e11432dd8e2602c3e,2017-03,Sussex Police,Sussex Police,-0.509770,50.817744,On or near Petrol Station,E01031463,Arun 007E,Violence and sexual offences,Unable to prosecute suspect,
8f55ebd8c50b69ba91d5361e60c1873441ee1c458504f2bd19f5e69ed76ef825,2017-03,Sussex Police,Sussex Police,-0.511054,50.816214,On or near Manor Road,E01031463,Arun 007E,Violence and sexual offences,Unable to prosecute suspect,
,2017-03,Sussex Police,Sussex Police,-0.508584,50.812648,On or near Wakehurst Place,E01031464,Arun 007F,Anti-social behaviour,,
,2017-03,Sussex Police,Sussex Police,-0.509099,50.811647,On or near Church Road,E01031464,Arun 007F,Anti-social behaviour,,
6d597915d05d9f815a315f9be7834940cf584ecef714c08481d89b31e83d640f,2017-03,Sussex Police,Sussex Police,-0.506231,50.809443,On or near Vernon Close,E01031464,Arun 007F,Burglary,Investigation complete; no suspect identified,
7ba16414e575eebbaf338a63e3bd1e99830ee5c85f726f06ddddf023283231e9,2017-03,Sussex Police,Sussex Police,-0.508053,50.809718,On or near Claigmar Road,E01031464,Arun 007F,Criminal damage and arson,Investigation complete; no suspect identified,
6bc2dd42dcbc753186a5b1aee5ea28594ed465ee5696d48d0c0a0378ade0d6b3,2017-03,Sussex Police,Sussex Police,-0.518251,50.812177,On or near Byron Road,E01031464,Arun 007F,Criminal damage and arson,Further investigation is not in the public interest,
83ac3ceeb7cc24aab9b6a48e1e6ce747455eaf05fc23b4cf817aa72e95547195,2017-03,Sussex Police,Sussex Police,-0.510520,50.812016,On or near Dingley Road,E01031464,Arun 007F,Criminal damage and arson,Investigation complete; no suspect identified,
c407cc973afab5107c1132b31b99097b22c919383140abdd30cf89ed794b8ba2,2017-03,Sussex Police,Sussex Police,-0.510520,50.812016,On or near Dingley Road,E01031464,Arun 007F,Public order,Unable to prosecute suspect,
266001b67ddd30a5e99d995d4600705f4b209b89003fc7dfcc428d1b145204c0,2017-03,Sussex Police,Sussex Police,-0.509099,50.811647,On or near Church Road,E01031464,Arun 007F,Public order,Investigation complete; no suspect identified,
c7d622bf0dd4763fc8b076176046e20721d651be98e1dc2ea035f416d2331de3,2017-03,Sussex Police,Sussex Police,-0.518251,50.812177,On or near Byron Road,E01031464,Arun 007F,Violence and sexual offences,Unable to prosecute suspect,
4bc5e73feaa6e73d76b2665adcd60a48c8e1c77293712ad2098a9b5dc936ec03,2017-03,Sussex Police,Sussex Police,-0.455604,50.804197,On or near Brookside Road,E01031412,Arun 008A,Burglary,Investigation complete; no suspect identified,
5d5e92b62821f2cfb03164075c6de39af97bc55e2c17605fc7ef6a7cb171d4a4,2017-03,Sussex Police,Sussex Police,-0.474645,50.805212,On or near Golden Acre,E01031412,Arun 008A,Burglary,Investigation complete; no suspect identified,
cd92079f0c2e411998023943fed6d266fae1d1aaf05ec843ff19e8057706e794,2017-03,Sussex Police,Sussex Police,-0.461356,50.804948,On or near Sea Lane,E01031412,Arun 008A,Other crime,Offender given community sentence,
,2017-03,Sussex Police,Sussex Police,-0.441009,50.803509,On or near Sea Drive,E01031422,Arun 008B,Anti-social behaviour,,
,2017-03,Sussex Police,Sussex Police,-0.443641,50.808022,On or near Beehive Close,E01031422,Arun 008B,Anti-social behaviour,,
a05577acf1e8287f462212c6d4829f7015a725cba8906a74e708047e1a035c47,2017-03,Sussex Police,Sussex Police,-0.452937,50.806752,On or near Ferringham Way,E01031422,Arun 008B,Burglary,Investigation complete; no suspect identified,
53ae36c6eb55b6270b5584d4f4747ed59a4e5c18dbcec6edc39537ff01f7d178,2017-03,Sussex Police,Sussex Police,-0.451704,50.807986,On or near Little Drive,E01031422,Arun 008B,Criminal damage and arson,Investigation complete; no suspect identified,
f7c8274fe84c29384965aeadad05e1e526d109e3b2a024d93deb69d73a23d999,2017-03,Sussex Police,Sussex Police,-0.451704,50.807986,On or near Little Drive,E01031422,Arun 008B,Criminal damage and arson,Investigation complete; no suspect identified,
b4369d1e4b6be1c7f7ae73e13b51e5ee7717093c3d2012d47eaf48b0ca26e59a,2017-03,Sussex Police,Sussex Police,-0.451704,50.807986,On or near Little Drive,E01031422,Arun 008B,Criminal damage and arson,Investigation complete; no suspect identified,
,2017-03,Sussex Police,Sussex Police,-0.453264,50.811460,On or near Westlands,E01031423,Arun 008C,Anti-social behaviour,,
db7070ae0c90b13cf78fd32fef33708086d8a95c163fc97f8a2e76e8f76fdb6f,2017-03,Sussex Police,Sussex Police,-0.452610,50.819230,On or near Brookside Close,E01031423,Arun 008C,Criminal damage and arson,Unable to prosecute suspect,
78eb04e9e4aa24809768a598aac130dc22fa77f90cd5930a9a88476a76d4be27,2017-03,Sussex Police,Sussex Police,-0.453978,50.817773,On or near Hermione Close,E01031423,Arun 008C,Other theft,Investigation complete; no suspect identified,
c376fdbeabb568337dc01c56de5c0f0785406568f67218425041c780afebcd68,2017-03,Sussex Police,Sussex Police,-0.445150,50.820696,On or near Ancren Close,E01031423,Arun 008C,Public order,Further investigation is not in the public interest,
0443471f5b8477b33f0d4ff9af4e0aa07578d84eaf4c84a198f3a5815555fa98,2017-03,Sussex Police,Sussex Police,-0.445150,50.820696,On or near Ancren Close,E01031423,Arun 008C,Public order,Further investigation is not in the public interest,
88cf64b11a882be36b93c581d37e695e4710bf17d34924b71d2a24c5fe522655,2017-03,Sussex Police,Sussex Police,-0.453978,50.817773,On or near Hermione Close,E01031423,Arun 008C,Shoplifting,Local resolution,
5a00a140308caa90098a530065f943cc886193067d4c2553d0130b500beb3fe1,2017-03,Sussex Police,Sussex Police,-0.453978,50.817773,On or near Hermione Close,E01031423,Arun 008C,Shoplifting,Unable to prosecute suspect,
e27b799cb66523604c0bd458b6df1ce3c20ca516b2c0ebaa6ec91a0a65352583,2017-03,Sussex Police,Sussex Police,-0.447954,50.816219,On or near East Onslow Close,E01031423,Arun 008C,Vehicle crime,Investigation complete; no suspect identified,
749cef5a686e1293c3fa35f33f70ef5cff7624f61616db66c470d42934c418b6,2017-03,Sussex Police,Sussex Police,-0.455667,50.819936,On or near Hangleton Lane,E01031423,Arun 008C,Violence and sexual offences,Offender fined,
003554d5af285ac8166eff1e505bd53ed4d72f833b1f60aaef6825bb63b20994,2017-03,Sussex Police,Sussex Police,-0.451300,50.819339,On or near Rifeside Gardens,E01031423,Arun 008C,Violence and sexual offences,Unable to prosecute suspect,
1bb289c8ce373008904850a22f1cfbec4552154b10b31118822eed901fbdb0b1,2017-03,Sussex Police,Sussex Police,-0.453978,50.817773,On or near Hermione Close,E01031423,Arun 008C,Violence and sexual offences,Further investigation is not in the public interest,
78ad518d558c2826afcb137397885180ff6580f03924b9b7b3f419ef425411de,2017-03,Sussex Police,Sussex Police,-0.451361,50.814492,On or near Rife Way,E01031423,Arun 008C,Violence and sexual offences,Further investigation is not in the public interest,
e12943cac4b6cdb363d1b4a4066cf9e92d09e640d2c7bbb6df78ed3858217a41,2017-03,Sussex Police,Sussex Police,-0.450292,50.816331,On or near West Onslow Close,E01031423,Arun 008C,Other crime,Status update unavailable,
,2017-03,Sussex Police,Sussex Police,-0.450209,50.809845,On or near Ferringham Lane,E01031424,Arun 008D,Anti-social behaviour,,
3278720b34694d4b83bb0c4303eb6c5ae7404c2579ec6f562aa55def19833cf7,2017-03,Sussex Police,Sussex Police,-0.450209,50.809845,On or near Ferringham Lane,E01031424,Arun 008D,Criminal damage and arson,Investigation complete; no suspect identified,
58cda3d21226fe0b16314f902760bf5a0e3680a6367ee63c6e47ee288fa9b6c2,2017-03,Sussex Police,Sussex Police,-0.450209,50.809845,On or near Ferringham Lane,E01031424,Arun 008D,Criminal damage and arson,Investigation complete; no suspect identified,
0a9de9dfba50586c94f77d7696dd0c55bbfdcede6837fcde64fcb46afa5f5e33,2017-03,Sussex Police,Sussex Police,-0.448620,50.812819,On or near Church Lane,E01031424,Arun 008D,Criminal damage and arson,Investigation complete; no suspect identified,
427b30979ecc109197a62280b44198a2c90dc3bcb6bad2c2c5e10dbd3fe6ea0c,2017-03,Sussex Police,Sussex Police,-0.448051,50.811579,On or near Grange Close,E01031424,Arun 008D,Other theft,Further investigation is not in the public interest,
088ec84f1e182e79ab1f3fd126e9d73415ea3d984357aa9d2279d2eb3c3588c3,2017-03,Sussex Police,Sussex Police,-0.450209,50.809845,On or near Ferringham Lane,E01031424,Arun 008D,Public order,Formal action is not in the public interest,
f4ba4f3619fde96834a5eee8cdf45d54ca9befc28f8882fd1dc7350706ede454,2017-03,Sussex Police,Sussex Police,-0.451342,50.811218,On or near Barbary Lane,E01031424,Arun 008D,Vehicle crime,Investigation complete; no suspect identified,
,2017-03,Sussex Police,Sussex Police,-0.523574,50.810374,On or near The Mole,E01031398,Arun 009A,Anti-social behaviour,,
9418e223516d53f742bb28dafd7fe490a2ff2ec793c335ee08839d7a9403649e,2017-03,Sussex Police,Sussex Police,-0.530493,50.812422,On or near Petrol Station,E01031398,Arun 009A,Violence and sexual offences,Action to be taken by another organisation,
,2017-03,Sussex Police,Sussex Police,-0.530159,50.807238,On or near The Cloisters,E01031399,Arun 009B,Anti-social behaviour,,
aefe745b698a3b039ee1a847752e7e35691ab458d822c7884a01448d01309a90,2017-03,Sussex Police,Sussex Police,-0.527511,50.802528,On or near Sea Road,E01031399,Arun 009B,Burglary,Investigation complete; no suspect identified,
7a093c8ac6575d7b5e5b090bd47a4982b646e3e975eb96cac9668a7650e6d5f8,2017-03,Sussex Police,Sussex Police,-0.527511,50.802528,On or near Sea Road,E01031399,Arun 009B,Burglary,Investigation complete; no suspect identified,
131e6f5e75f3b39326b18c292bd0d7168854ae7fbb1ce26c7ccb8806e9dba95c,2017-03,Sussex Police,Sussex Police,-0.527511,50.802528,On or near Sea Road,E01031399,Arun 009B,Burglary,Investigation complete; no suspect identified,
ee018eb9a33ceaddc61c2707580150baafdcda9094b0f0b32a43ced0302d42bc,2017-03,Sussex Police,Sussex Police,-0.522950,50.803621,On or near Park/Open Space,E01031399,Arun 009B,Criminal damage and arson,Investigation complete; no suspect identified,
7c75459fbc8bf027de248783821b8e83284d86ef70b8258f5641db04c3f917b1,2017-03,Sussex Police,Sussex Police,-0.530159,50.807238,On or near The Cloisters,E01031399,Arun 009B,Vehicle crime,Investigation complete; no suspect identified,
fdfc980586a07d26a6b2376a8bb560f1093ecc5e424f52db70b7e3def69e88d8,2017-03,Sussex Police,Sussex Police,-0.528406,50.806586,On or near The Blatchen,E01031399,Arun 009B,Violence and sexual offences,Unable to prosecute suspect,
d43aa4aaf22c203be82f3989ca54e32f9bcdd0aee4f5f1b413b73363f3356a71,2017-03,Sussex Police,Sussex Police,-0.522344,50.808875,On or near Beaumont Park,E01031399,Arun 009B,Violence and sexual offences,Unable to prosecute suspect,
,2017-03,Sussex Police,Sussex Police,-0.529653,50.813437,On or near Falkland Avenue,E01031409,Arun 009C,Anti-social behaviour,,
,2017-03,Sussex Police,Sussex Police,-0.529964,50.815716,On or near Horsham Road West,E01031409,Arun 009C,Anti-social behaviour,,
7928e652cf3f055e5014102a1627cd0969f34a401c05a5744fa8e9576ea255d8,2017-03,Sussex Police,Sussex Police,-0.535382,50.816773,On or near Sports/Recreation Area,E01031409,Arun 009C,Bicycle theft,Investigation complete; no suspect identified,
59fce0287554dd645487a5fe2f72c34006d4c17aa5af9fb08db2f0c488240ba3,2017-03,Sussex Police,Sussex Police,-0.530987,50.817051,On or near Thorncroft Road,E01031409,Arun 009C,Criminal damage and arson,Investigation complete; no suspect identified,
b189242a13606fdf3a5edcb45e27d413114b9e2bdde9df278ef7f4ab5d4e2276,2017-03,Sussex Police,Sussex Police,-0.526615,50.812535,On or near Parking Area,E01031409,Arun 009C,Criminal damage and arson,Unable to prosecute suspect,
00f639860fbab63b5b8c01d2119e101f0db83ee4b6d5852f0cd41197347c872e,2017-03,Sussex Police,Sussex Police,-0.531558,50.815601,On or near Hill Road,E01031409,Arun 009C,Public order,Investigation complete; no suspect identified,
c27e0d3c777a27218be119a833413ef3ba05cfb6ed099afcd38b7ef710ba4955,2017-03,Sussex Police,Sussex Police,-0.531558,50.815601,On or near Hill Road,E01031409,Arun 009C,Public order,Investigation complete; no suspect identified,
937f8177cdf83d408fc5774a8305da49e47a0c04620cdfdd5d7bfd1b533608d7,2017-03,Sussex Police,Sussex Police,-0.530987,50.817051,On or near Thorncroft Road,E01031409,Arun 009C,Violence and sexual offences,Unable to prosecute suspect,
ebbefbeb16741dfbc47f11668416b4cfd54a1d6e98ec9d585383acbfa551f165,2017-03,Sussex Police,Sussex Police,-0.535382,50.816773,On or near Sports/Recreation Area,E01031409,Arun 009C,Violence and sexual offences,Further investigation is not in the public interest,
5a82137b368ec3e5c79a6b4ecde1bb818d8684fc219abdf80d0ea5cb27912a38,2017-03,Sussex Police,Sussex Police,-0.527950,50.814773,On or near Bellscroft Close,E01031409,Arun 009C,Violence and sexual offences,Status update unavailable,
,2017-03,Sussex Police,Sussex Police,-0.538365,50.810354,On or near Goda Road,E01031455,Arun 009D,Anti-social behaviour,,
,2017-03,Sussex Police,Sussex Police,-0.536119,50.811378,On or near East Street,E01031455,Arun 009D,Anti-social behaviour,,
,2017-03,Sussex Police,Sussex Police,-0.535001,50.807631,On or near Maltravers Drive,E01031455,Arun 009D,Anti-social behaviour,,
,2017-03,Sussex Police,Sussex Police,-0.535763,50.809152,On or near Church Street,E01031455,Arun 009D,Anti-social behaviour,,
,2017-03,Sussex Police,Sussex Police,-0.538365,50.810354,On or near Goda Road,E01031455,Arun 009D,Anti-social behaviour,,
,2017-03,Sussex Police,Sussex Police,-0.540243,50.813390,On or near Cornwall Road,E01031455,Arun 009D,Anti-social behaviour,,
5cad01a4391f2c406cd5ef1a5491cffc6dcac1889b8b04236d228dd12c8166dc,2017-03,Sussex Police,Sussex Police,-0.540243,50.813390,On or near Cornwall Road,E01031455,Arun 009D,Other theft,Investigation complete; no suspect identified,
0a6d397f83b997168eb476aa78817ece1f0d5df3ec7f0f5163a2364422fa38cf,2017-03,Sussex Police,Sussex Police,-0.538365,50.810354,On or near Goda Road,E01031455,Arun 009D,Violence and sexual offences,Offender given community sentence,
0c9a8af676c6c956333a722754f914fefbd713523448cbe7e78f7d367f374140,2017-03,Sussex Police,Sussex Police,-0.533644,50.812453,On or near Dorset Close,E01031455,Arun 009D,Violence and sexual offences,Further investigation is not in the public interest,
4763e6d1a7f629c7137426cdda5624590646c82e42b80f1dd54aa0ed5ab6a13f,2017-03,Sussex Police,Sussex Police,-0.535992,50.810432,On or near St Mary'S Gardens,E01031455,Arun 009D,Violence and sexual offences,Unable to prosecute suspect,
f2ee0b3c7ea9057944f1261e0e3a6d2cda3d615dbaff4af312866750283c3393,2017-03,Sussex Police,Sussex Police,-0.535992,50.810432,On or near St Mary'S Gardens,E01031455,Arun 009D,Violence and sexual offences,Unable to prosecute suspect,
58d4785195321d6c9e2e2c862d46aa48686ebe9695e20b7f88de8fd26b402eee,2017-03,Sussex Police,Sussex Police,-0.533644,50.812453,On or near Dorset Close,E01031455,Arun 009D,Other crime,Investigation complete; no suspect identified,
cf02adfeb7f205c70771a947ca2d3806ffcef65d31a56a520098b5498d787dde,2017-03,Sussex Police,Sussex Police,-0.516935,50.804876,On or near Harsfold Road,E01031461,Arun 009E,Criminal damage and arson,Investigation complete; no suspect identified,
,2017-03,Sussex Police,Sussex Police,-0.544102,50.818501,On or near Wick Street,E01031469,Arun 009F,Anti-social behaviour,,
,2017-03,Sussex Police,Sussex Police,-0.540029,50.817992,On or near Swanbourne Road,E01031469,Arun 009F,Anti-social behaviour,,
,2017-03,Sussex Police,Sussex Police,-0.543193,50.818966,On or near Beaconsfield Road,E01031469,Arun 009F,Anti-social behaviour,,
,2017-03,Sussex Police,Sussex Police,-0.543193,50.818966,On or near Beaconsfield Road,E01031469,Arun 009F,Anti-social behaviour,,
6bbe708648b7d0f6f1b54e2f10e11d81787a9de0c30a2e67d5a98eef5c641e18,2017-03,Sussex Police,Sussex Police,-0.543577,50.819394,On or near Gladstone Terrace,E01031469,Arun 009F,Other theft,Investigation complete; no suspect identified,
aa2ef3794c01df6705a2c3403f530922bea8f9f5ef946a21f4928eb9107f235f,2017-03,Sussex Police,Sussex Police,-0.543193,50.818966,On or near Beaconsfield Road,E01031469,Arun 009F,Public order,Unable to prosecute suspect,
230f17f1f4c77f971a7eaa63f4e16db22775018780ff2fd88de3ca8795a271be,2017-03,Sussex Police,Sussex Police,-0.543651,50.816571,On or near Malthouse Passage,E01031469,Arun 009F,Violence and sexual offences,Local resolution,
373e6e2458d608b4e54450ab16d23c0f6dfc3cea0455654d93f0b502e7acd798,2017-03,Sussex Police,Sussex Police,-0.542542,50.817987,On or near North Street,E01031469,Arun 009F,Violence and sexual offences,Unable to prosecute suspect,
dbeefbe53c17e26e1975bbfe473f92f893997a3565fe296ee1dbfbf008899825,2017-03,Sussex Police,Sussex Police,-0.541953,50.817278,On or near Sussex Street,E01031469,Arun 009F,Violence and sexual offences,Unable to prosecute suspect,
ad7bdcb4133b01bb78159b6a1ce98ca14a956f9655eea9f77c9a22b89ba797eb,2017-03,Sussex Police,Sussex Police,-0.543651,50.816571,On or near Malthouse Passage,E01031469,Arun 009F,Violence and sexual offences,Unable to prosecute suspect,
e174ed464dedc9d43600252e155686d2941292bfe2118d6e78af3df4cde5f46d,2017-03,Sussex Police,Sussex Police,-0.543022,50.816707,On or near Hampton Fields,E01031469,Arun 009F,Violence and sexual offences,Unable to prosecute suspect,
a23f62aeb57bb861ee6a36511e0130893aa7237144c65c6f7254bc767cbd1d9d,2017-03,Sussex Police,Sussex Police,-0.542542,50.817987,On or near North Street,E01031469,Arun 009F,Violence and sexual offences,Unable to prosecute suspect,
e7e2a0ed04ee27e94f21c34169d1c9f7f85841192ce8e67a3453a156fd2a32b5,2017-03,Sussex Police,Sussex Police,-0.542542,50.817987,On or near North Street,E01031469,Arun 009F,Violence and sexual offences,Unable to prosecute suspect,
135ba214c7b074d3197646e0fdd35ab8196dc588bef72929fdc38c7d5697c017,2017-03,Sussex Police,Sussex Police,-0.544102,50.818501,On or near Wick Street,E01031469,Arun 009F,Other crime,Status update unavailable,
421ae354e9a2f8b9d8cd8955cd205102bf83948f1f72ea4c9a7ec505316d6577,2017-03,Sussex Police,Sussex Police,-0.495568,50.812633,On or near Georgian Gardens,E01031411,Arun 010A,Violence and sexual offences,Unable to prosecute suspect,
bd459cbf623682d96d912b725eb44aef11d3a1ec74bb7fe6352fe8b6980e41ae,2017-03,Sussex Police,Sussex Police,-0.494586,50.808304,On or near Pigeonhouse Lane,E01031411,Arun 010A,Violence and sexual offences,Status update unavailable,
ebe9983c261d612f440d70937988b1a4069a78c02d9540bd6b9387a5c6257833,2017-03,Sussex Police,Sussex Police,-0.493378,50.813648,On or near Oakhurst Gardens,E01031411,Arun 010A,Violence and sexual offences,Unable to prosecute suspect,
,2017-03,Sussex Police,Sussex Police,-0.479551,50.808442,On or near Woodbridge Park,E01031413,Arun 010B,Anti-social behaviour,,
,2017-03,Sussex Police,Sussex Police,-0.482539,50.804686,On or near Seaview Road,E01031413,Arun 010B,Anti-social behaviour,,
771e65ce4d4c5761fe19419d18e8348bbdf9a2c9c20836ed0f68385148709dc5,2017-03,Sussex Police,Sussex Police,-0.482550,50.803903,On or near Seafield Road,E01031413,Arun 010B,Burglary,Investigation complete; no suspect identified,
15cdf3ac7fabbad8f2b0a49705155b4b14236c976ebe5556097b535d92f9bf45,2017-03,Sussex Police,Sussex Police,-0.479551,50.808442,On or near Woodbridge Park,E01031413,Arun 010B,Burglary,Investigation complete; no suspect identified,
85208865a627220ffd0179ddfe9f6fe7848a0912cbed329dfc2f900ee733e815,2017-03,Sussex Police,Sussex Police,-0.480719,50.804356,On or near Palm Court Cottages,E01031413,Arun 010B,Burglary,Investigation complete; no suspect identified,
,2017-03,Sussex Police,Sussex Police,-0.504672,50.809810,On or near Supermarket,E01031457,Arun 010C,Anti-social behaviour,,
,2017-03,Sussex Police,Sussex Police,-0.498187,50.812406,On or near The Willows,E01031457,Arun 010C,Anti-social behaviour,,
facd1996599fa978b02cade9e2f0d3a4f73950d5380e7ce849f013ce87fbbd8e,2017-03,Sussex Police,Sussex Police,-0.504409,50.811812,On or near Ash Lane,E01031457,Arun 010C,Burglary,Investigation complete; no suspect identified,
95b299fc8877dce68b6e9c52650d69bb85b3264d1eba2498a05340af9efd7061,2017-03,Sussex Police,Sussex Police,-0.505949,50.813387,On or near Woodlands Avenue,E01031457,Arun 010C,Criminal damage and arson,Investigation complete; no suspect identified,
6358feb924edb7966a6e84f4aab8758fb9662e26586371fc97806ebfbbe0e887,2017-03,Sussex Police,Sussex Police,-0.504496,50.812200,On or near Ash Lane,E01031457,Arun 010C,Criminal damage and arson,Investigation complete; no suspect identified,
bd3d627ab660bd9139040364222c77d055d5c50e36c1a943826a44e64fe0e8af,2017-03,Sussex Police,Sussex Police,-0.507040,50.810757,On or near Supermarket,E01031457,Arun 010C,Violence and sexual offences,Unable to prosecute suspect,
,2017-03,Sussex Police,Sussex Police,-0.501200,50.806069,On or near Evelyn Avenue,E01031458,Arun 010D,Anti-social behaviour,,
f7341271f75419a2c480ea675e009a7b234b265687fa80a1e02160c5bddec4bf,2017-03,Sussex Police,Sussex Police,-0.498937,50.804961,On or near The Roundway,E01031458,Arun 010D,Other theft,Investigation complete; no suspect identified,
5890bb0bffd89fc244f16f17b6d882cc1ec59da6146caf581e5fc91d567b9768,2017-03,Sussex Police,Sussex Police,-0.498937,50.804961,On or near The Roundway,E01031458,Arun 010D,Violence and sexual offences,Local resolution,
41e430cea65edd4b37f6d80f9204d2663c00ab688ca4418d7fc183171faf8cfb,2017-03,Sussex Police,Sussex Police,-0.506245,50.804983,On or near Normanhurst Close,E01031458,Arun 010D,Violence and sexual offences,Offender given community sentence,
,2017-03,Sussex Police,Sussex Police,-0.508456,50.805514,On or near Summers Close,E01031460,Arun 010E,Anti-social behaviour,,
756e9dbb0532395358b219cdcb7ca3badb1ce5fefb94a7042d7e9f017ef682fe,2017-03,Sussex Police,Sussex Police,-0.511691,50.803325,On or near Millfield Close,E01031460,Arun 010E,Violence and sexual offences,Unable to prosecute suspect,
62ba955bd57dfe110353c9819c9d560160cd28df6492d634091272331e330d04,2017-03,Sussex Police,Sussex Police,-0.512134,50.809923,On or near Box Tree Avenue,E01031460,Arun 010E,Violence and sexual offences,Status update unavailable,
b862268768dbb86edab045361ecdc166db0130f892cea3bd06feded581af099d,2017-03,Sussex Police,Sussex Police,-0.510892,50.807911,On or near Cudlow Garden,E01031460,Arun 010E,Other crime,Status update unavailable,
,2017-03,Sussex Police,Sussex Police,-0.530681,50.804178,On or near South Passage,E01031400,Arun 011A,Anti-social behaviour,,
f2aae8dcc9deb9df749e14e6b2baa7ac707520a1e66d26ee3e3d366d2014bc3f,2017-03,Sussex Police,Sussex Police,-0.532315,50.804576,On or near Western Road,E01031400,Arun 011A,Criminal damage and arson,Investigation complete; no suspect identified,
db3584b36990998008a809508bc7fbb4641b67f8ec338e387c80b42ca108307c,2017-03,Sussex Police,Sussex Police,-0.532481,50.805163,On or near North Place,E01031400,Arun 011A,Other theft,Investigation complete; no suspect identified,
a6050b8d208c4e98d2a919f81f647f56a0f6e06ea64029263eaf66023f64809e,2017-03,Sussex Police,Sussex Police,-0.535678,50.804151,On or near South Terrace,E01031400,Arun 011A,Public order,Unable to prosecute suspect,
0deae6016e02645e3212954c578a51bdf66867732f48e50f1f3c125fcfb41b21,2017-03,Sussex Police,Sussex Police,-0.532789,50.805751,On or near Woodlands Road,E01031400,Arun 011A,Public order,Unable to prosecute suspect,
dd6928b8fd8132835e2622bfd7df9438f49e4edbb44a12b1c4f963e54c22401b,2017-03,Sussex Police,Sussex Police,-0.535678,50.804151,On or near South Terrace,E01031400,Arun 011A,Violence and sexual offences,Unable to prosecute suspect,
,2017-03,Sussex Police,Sussex Police,-0.545234,50.810844,On or near Howard Place,E01031428,Arun 011B,Anti-social behaviour,,
,2017-03,Sussex Police,Sussex Police,-0.545234,50.810844,On or near Howard Place,E01031428,Arun 011B,Anti-social behaviour,,
,2017-03,Sussex Police,Sussex Police,-0.544993,50.814951,On or near Water Lane,E01031428,Arun 011B,Anti-social behaviour,,
,2017-03,Sussex Police,Sussex Police,-0.546918,50.810991,On or near Howard Road,E01031428,Arun 011B,Anti-social behaviour,,
,2017-03,Sussex Police,Sussex Police,-0.545911,50.811419,On or near Gloucester Place,E01031428,Arun 011B,Anti-social behaviour,,
,2017-03,Sussex Police,Sussex Police,-0.546767,50.811763,On or near Maxwell Road,E01031428,Arun 011B,Anti-social behaviour,,
,2017-03,Sussex Police,Sussex Police,-0.547647,50.812223,On or near Talbot Road,E01031428,Arun 011B,Anti-social behaviour,,
69002b35d6d014f42b1e34696e6d8094400536fbd613b8a1297a79c80091f656,2017-03,Sussex Police,Sussex Police,-0.544546,50.812886,On or near Mantling Road,E01031428,Arun 011B,Burglary,Suspect charged as part of another case,
9e35b06fe21a1eedeb07f7ce9f5cf0d729aa4a3f2bf752a34d12e19d4a714621,2017-03,Sussex Police,Sussex Police,-0.544572,50.811591,On or near Gloucester Lane,E01031428,Arun 011B,Burglary,Investigation complete; no suspect identified,
fdbb32305909402d6813d61930a40686f378eb5bb69727dd66d4f333f451c91b,2017-03,Sussex Police,Sussex Police,-0.544572,50.811591,On or near Gloucester Lane,E01031428,Arun 011B,Burglary,Unable to prosecute suspect,
8c572531a953c401da9fca3f5a0ef69454f0398a438f2f7d793eb3dc93a59072,2017-03,Sussex Police,Sussex Police,-0.545234,50.810844,On or near Howard Place,E01031428,Arun 011B,Criminal damage and arson,Unable to prosecute suspect,
380abab886c45b590aeb3d388bb824aeca57e4037bb6a4f0e7e0507f058f8cc5,2017-03,Sussex Police,Sussex Police,-0.544382,50.813594,On or near Merton Drive,E01031428,Arun 011B,Other theft,Investigation complete; no suspect identified,
08dd8f095a182077750e7dce73bdf9410beeec247b365ea250e96d669d2c51d2,2017-03,Sussex Police,Sussex Police,-0.545234,50.810844,On or near Howard Place,E01031428,Arun 011B,Robbery,Unable to prosecute suspect,
6b916c1aac4fcccb2e4495d3e1bd784af701238be7e88c1959acfe1f78476e27,2017-03,Sussex Police,Sussex Police,-0.546767,50.811763,On or near Maxwell Road,E01031428,Arun 011B,Vehicle crime,Investigation complete; no suspect identified,
1b6039980d619f616073d638c034c55356f0f3d30332d5276fd273b31e04cf80,2017-03,Sussex Police,Sussex Police,-0.544572,50.811591,On or near Gloucester Lane,E01031428,Arun 011B,Violence and sexual offences,Status update unavailable,
4e20293b979111facfaa8ea7a21339284edc4943c10261edb93f96ecac1fe25f,2017-03,Sussex Police,Sussex Police,-0.546008,50.812437,On or near East Ham Road,E01031428,Arun 011B,Violence and sexual offences,Local resolution,
,2017-03,Sussex Police,Sussex Police,-0.553975,50.811843,On or near Quayside,E01031454,Arun 011C,Anti-social behaviour,,
,2017-03,Sussex Police,Sussex Police,-0.543300,50.805928,On or near Ferry Terminal,E01031454,Arun 011C,Anti-social behaviour,,
,2017-03,Sussex Police,Sussex Police,-0.543598,50.809583,On or near High Street,E01031454,Arun 011C,Anti-social behaviour,,
,2017-03,Sussex Police,Sussex Police,-0.542394,50.809064,On or near Sparks Court,E01031454,Arun 011C,Anti-social behaviour,,
,2017-03,Sussex Police,Sussex Police,-0.543598,50.809583,On or near High Street,E01031454,Arun 011C,Anti-social behaviour,,
,2017-03,Sussex Police,Sussex Police,-0.542195,50.809970,On or near Duke'S Court,E01031454,Arun 011C,Anti-social behaviour,,
,2017-03,Sussex Police,Sussex Police,-0.545017,50.808242,On or near Conference/Exhibition Centre,E01031454,Arun 011C,Anti-social behaviour,,
,2017-03,Sussex Police,Sussex Police,-0.542724,50.803915,On or near Arun Parade,E01031454,Arun 011C,Anti-social behaviour,,
,2017-03,Sussex Police,Sussex Police,-0.543300,50.805928,On or near Ferry Terminal,E01031454,Arun 011C,Anti-social behaviour,,
,2017-03,Sussex Police,Sussex Police,-0.542759,50.810094,On or near St Martin'S Lane,E01031454,Arun 011C,Anti-social behaviour,,
,2017-03,Sussex Police,Sussex Police,-0.542394,50.809064,On or near Sparks Court,E01031454,Arun 011C,Anti-social behaviour,,
,2017-03,Sussex Police,Sussex Police,-0.542759,50.810094,On or near St Martin'S Lane,E01031454,Arun 011C,Anti-social behaviour,,
,2017-03,Sussex Police,Sussex Police,-0.550455,50.808625,On or near Rope Walk,E01031454,Arun 011C,Anti-social behaviour,,
,2017-03,Sussex Police,Sussex Police,-0.542394,50.809064,On or near Sparks Court,E01031454,Arun 011C,Anti-social behaviour,,
,2017-03,Sussex Police,Sussex Police,-0.543598,50.809583,On or near High Street,E01031454,Arun 011C,Anti-social behaviour,,
,2017-03,Sussex Police,Sussex Police,-0.537906,50.803702,On or near Banjo Road,E01031454,Arun 011C,Anti-social behaviour,,
,2017-03,Sussex Police,Sussex Police,-0.544749,50.808644,On or near Surrey Street,E01031454,Arun 011C,Anti-social behaviour,,
,2017-03,Sussex Police,Sussex Police,-0.542394,50.809064,On or near Sparks Court,E01031454,Arun 011C,Anti-social behaviour,,
,2017-03,Sussex Police,Sussex Police,-0.540754,50.809313,On or near High Street,E01031454,Arun 011C,Anti-social behaviour,,
b0234b684963aecd1ac7b9f631c2b544d1be0514391f2d1400d780e54e13e673,2017-03,Sussex Police,Sussex Police,-0.544749,50.808644,On or near Surrey Street,E01031454,Arun 011C,Bicycle theft,Investigation complete; no suspect identified,
1a587b0b1eb7ee27e23f49b090cc7fb163962c9b2e0d6fa89c22596b6d1ae0cb,2017-03,Sussex Police,Sussex Police,-0.543598,50.809583,On or near High Street,E01031454,Arun 011C,Burglary,Investigation complete; no suspect identified,
67c6278add0782f3369d74818ddaf5ad5d45d2934bec8fa5266d6e03ffb9d390,2017-03,Sussex Police,Sussex Police,-0.558845,50.813171,On or near Bridge Road,E01031454,Arun 011C,Burglary,Investigation complete; no suspect identified,
16f79a03a4f277d293d330b78fb665bdc1461d028ea221e6c0cac4d56559b1a0,2017-03,Sussex Police,Sussex Police,-0.547799,50.809590,On or near Smallcroft Close,E01031454,Arun 011C,Burglary,Investigation complete; no suspect identified,
5a1b227c5de11e20cadaa0ae0d3d45a556482967c463972c3ea4bac06e13e0a8,2017-03,Sussex Police,Sussex Police,-0.543300,50.805928,On or near Ferry Terminal,E01031454,Arun 011C,Criminal damage and arson,Investigation complete; no suspect identified,
597fbeb0c2573877e487909e7aeda49781fcbd5dcbb3dd4f2cf43db15e06facd,2017-03,Sussex Police,Sussex Police,-0.542394,50.809064,On or near Sparks Court,E01031454,Arun 011C,Criminal damage and arson,Investigation complete; no suspect identified,
c299dd6015c529f9be06b91d2533d16b566f95285d309e6f1e77895624e85987,2017-03,Sussex Police,Sussex Police,-0.546835,50.810010,On or near Terminus Road,E01031454,Arun 011C,Drugs,Offender given a drugs possession warning,
d0e60295459d26628ec0fc0701913dd9ebfdc291c881c64fa1c0d6ef3ef2924f,2017-03,Sussex Police,Sussex Police,-0.553397,50.812618,On or near Bridge Road,E01031454,Arun 011C,Drugs,Offender given a caution,
f4a032fe5f6b0d8cdf2a7cb641c037310e2b822981e01029b0efa55a92470a15,2017-03,Sussex Police,Sussex Police,-0.542394,50.809064,On or near Sparks Court,E01031454,Arun 011C,Drugs,Offender given a drugs possession warning,
ffe4c8a22f6fd3c866664a556868bc4e8e0e805aa431682bfee2f9b22124663f,2017-03,Sussex Police,Sussex Police,-0.542759,50.810094,On or near St Martin'S Lane,E01031454,Arun 011C,Drugs,Offender given a caution,
e2fcc56032d71026e1d370563d99ede7f41068a28a717c2ad2af78cb942434ff,2017-03,Sussex Police,Sussex Police,-0.542724,50.803915,On or near Arun Parade,E01031454,Arun 011C,Other theft,Investigation complete; no suspect identified,
01590b1a43b6d26415e19b31a63a7f5defc1838a5ac0f777f10ced5af5559ae2,2017-03,Sussex Police,Sussex Police,-0.542195,50.809970,On or near Duke'S Court,E01031454,Arun 011C,Other theft,Investigation complete; no suspect identified,
579adc7ce466012985485480df3c14fd477e2adf0f07629972ec03a2bf3094c5,2017-03,Sussex Police,Sussex Police,-0.542195,50.809970,On or near Duke'S Court,E01031454,Arun 011C,Other theft,Investigation complete; no suspect identified,
ff92716ca1f79ee36fe139c289703cb65a1ee38389b32926f2f3e30826bceb18,2017-03,Sussex Police,Sussex Police,-0.543598,50.809583,On or near High Street,E01031454,Arun 011C,Other theft,Unable to prosecute suspect,
1a1b527106f07fc98d0189e4d4e0c2d47838d5e76bd41ba0baf3bc310ab4708f,2017-03,Sussex Police,Sussex Police,-0.550455,50.808625,On or near Rope Walk,E01031454,Arun 011C,Other theft,Court result unavailable,
1ae82c9cf7c1db41ec2a702004147acf50e3d1d2d15bce88ef6df42d6db68df7,2017-03,Sussex Police,Sussex Police,-0.542195,50.809970,On or near Duke'S Court,E01031454,Arun 011C,Public order,Unable to prosecute suspect,
ae0fecef17a2b6e548aaf744561513f366fc6685313d9b5c159ffd7f58383b83,2017-03,Sussex Police,Sussex Police,-0.542759,50.810094,On or near St Martin'S Lane,E01031454,Arun 011C,Public order,Investigation complete; no suspect identified,
87ebd68d9750600cfb92a1dadd1f17a298d8467ae4698751af89228d16edf826,2017-03,Sussex Police,Sussex Police,-0.543300,50.805928,On or near Ferry Terminal,E01031454,Arun 011C,Public order,Status update unavailable,
1111523f6e9974e0d247aa9ec9ee456c61f018ac481e672a0f8f4813ad2ae869,2017-03,Sussex Police,Sussex Police,-0.550455,50.808625,On or near Rope Walk,E01031454,Arun 011C,Public order,Awaiting court outcome,
5a183e31cd952cfad31aafc17da42901f76015521558178479d42af25a9cb290,2017-03,Sussex Police,Sussex Police,-0.550455,50.808625,On or near Rope Walk,E01031454,Arun 011C,Public order,Status update unavailable,
2499d8b4c6d761e445370b3150172fa49868430bb588d5f3e0c6f45fe25b7bb6,2017-03,Sussex Police,Sussex Police,-0.542759,50.810094,On or near St Martin'S Lane,E01031454,Arun 011C,Shoplifting,Offender given suspended prison sentence,
9d656d8bb9cb05a5d10c66c1b3a2a5bba7801452f9fcb91526c78666673fe9bc,2017-03,Sussex Police,Sussex Police,-0.542759,50.810094,On or near St Martin'S Lane,E01031454,Arun 011C,Shoplifting,Local resolution,
bcdcd2e35dea8026835050f4d2ff274cb257a5774dd88bc8a2dccebc8c9c91f7,2017-03,Sussex Police,Sussex Police,-0.542759,50.810094,On or near St Martin'S Lane,E01031454,Arun 011C,Shoplifting,Unable to prosecute suspect,
3ac3aa5a17eab5bb40831799bae652069cd6979ef581e65546e9594f402d5925,2017-03,Sussex Police,Sussex Police,-0.542759,50.810094,On or near St Martin'S Lane,E01031454,Arun 011C,Shoplifting,Court result unavailable,
37b6e7b07758db3c03af756a8ce5bd77df31109c5922f8cc195c80b8884c4bda,2017-03,Sussex Police,Sussex Police,-0.540799,50.809215,On or near Further/Higher Educational Building,E01031454,Arun 011C,Shoplifting,Investigation complete; no suspect identified,
3f4bf098ad6a9423b4a23f5392c43838ecdcb16ab3f243c7e37a4c01e67e20ea,2017-03,Sussex Police,Sussex Police,-0.542759,50.810094,On or near St Martin'S Lane,E01031454,Arun 011C,Shoplifting,Local resolution,
5428e51c56c676550167351f1913a40956d881d9e1642b69054d1b8d651a9b8b,2017-03,Sussex Police,Sussex Police,-0.542759,50.810094,On or near St Martin'S Lane,E01031454,Arun 011C,Shoplifting,Investigation complete; no suspect identified,
365c57e1122b713787c108f2b4eab2db2ad25fed48027dda9364e03291993b14,2017-03,Sussex Police,Sussex Police,-0.542759,50.810094,On or near St Martin'S Lane,E01031454,Arun 011C,Shoplifting,Offender sent to prison,
67172a889bd11622e4ecbcd8caf0ca59db167d527634efa04e69277d3092b6cf,2017-03,Sussex Police,Sussex Police,-0.542162,50.807397,On or near Clifton Road,E01031454,Arun 011C,Shoplifting,Court result unavailable,
ed23a836121ff0208f190710bf48aa6b6772d84c567c025e8b2d33117b9561ac,2017-03,Sussex Police,Sussex Police,-0.540799,50.809215,On or near Further/Higher Educational Building,E01031454,Arun 011C,Shoplifting,Investigation complete; no suspect identified,
b1628e11bb7b4eb0090f7f5ee47d93cb4375c73a8bea993a206e2f6cb84982a6,2017-03,Sussex Police,Sussex Police,-0.542759,50.810094,On or near St Martin'S Lane,E01031454,Arun 011C,Shoplifting,Offender given suspended prison sentence,
3c06f99b2d19c7f084c771dea9f601b102dfb9e3f3109311b6f6ae1c79850513,2017-03,Sussex Police,Sussex Police,-0.542759,50.810094,On or near St Martin'S Lane,E01031454,Arun 011C,Shoplifting,Offender sent to prison,
010f74377c299180e43035b93926a18d5a9e9d73f1ddeed1eb6e794e10c85df8,2017-03,Sussex Police,Sussex Police,-0.540799,50.809215,On or near Further/Higher Educational Building,E01031454,Arun 011C,Theft from the person,Investigation complete; no suspect identified,
aa8bb6d54c8417dfc1a488c765a5b33ffdd479114a96a8ce37a2a00d487d718b,2017-03,Sussex Police,Sussex Police,-0.542162,50.807397,On or near Clifton Road,E01031454,Arun 011C,Theft from the person,Investigation complete; no suspect identified,
60a8233d7e205237952f28ddd5c6c0ee1c7316e8761c3d7d14ccf01d1f19dd0f,2017-03,Sussex Police,Sussex Police,-0.542278,50.811410,On or near Connaught Road,E01031454,Arun 011C,Vehicle crime,Investigation complete; no suspect identified,
50d9c5e9edd1c08724ba1585089dc76058bfafd0d7cf041fd6001f4125c222d5,2017-03,Sussex Police,Sussex Police,-0.550455,50.808625,On or near Rope Walk,E01031454,Arun 011C,Vehicle crime,Investigation complete; no suspect identified,
de0013757cbb2f0c474bb18200a1880e2be3a10b91f1f86c003151725bcfd3a7,2017-03,Sussex Police,Sussex Police,-0.544349,50.808243,On or near Parking Area,E01031454,Arun 011C,Violence and sexual offences,Investigation complete; no suspect identified,
f41e3623a4e30a7a64a818c221b23cb37497c112128b2550bc8d4bf6bab30811,2017-03,Sussex Police,Sussex Police,-0.541600,50.808119,On or near New Road,E01031454,Arun 011C,Violence and sexual offences,Unable to prosecute suspect,
620cc99ef7c49fc822df3e06c48251437320359fcda50bab4e060e925ada7a18,2017-03,Sussex Police,Sussex Police,-0.538828,50.812347,On or near Sports/Recreation Area,E01031454,Arun 011C,Violence and sexual offences,Unable to prosecute suspect,
f6cbf079be7ac63c4b782528bbe985111c5c638eed9f96ab4bf5c117487ae0bf,2017-03,Sussex Police,Sussex Police,-0.544749,50.808644,On or near Surrey Street,E01031454,Arun 011C,Violence and sexual offences,Investigation complete; no suspect identified,
88896b3f06bd6b42796c456a5d9df962b546c346868336ab09e957ab9bea9a78,2017-03,Sussex Police,Sussex Police,-0.537906,50.803702,On or near Banjo Road,E01031454,Arun 011C,Violence and sexual offences,Unable to prosecute suspect,
e56aa2bca2b887d1cd73590eae852df1ba71a0d73832fe585953918cff9ba81a,2017-03,Sussex Police,Sussex Police,-0.550455,50.808625,On or near Rope Walk,E01031454,Arun 011C,Violence and sexual offences,Unable to prosecute suspect,
8c3306c1a379dfab4ca83f6416b80592937de18b9b491714a477ec1947f79526,2017-03,Sussex Police,Sussex Police,-0.542195,50.809970,On or near Duke'S Court,E01031454,Arun 011C,Violence and sexual offences,Unable to prosecute suspect,
e603a00c138b24abef8f0e40ef21af7c7444cdfb09be78033db4f3a2f1a05079,2017-03,Sussex Police,Sussex Police,-0.537906,50.803702,On or near Banjo Road,E01031454,Arun 011C,Violence and sexual offences,Unable to prosecute suspect,
a5c99aa3e880c8766c34fec7697e841a9b650bb581ee470f3bb3000854fc761f,2017-03,Sussex Police,Sussex Police,-0.541020,50.803948,On or near Windmill Road,E01031454,Arun 011C,Violence and sexual offences,Unable to prosecute suspect,
38541015a132323b067a50b93309591949fccce5c7d353680ac2a80c6c5e9b3c,2017-03,Sussex Police,Sussex Police,-0.546456,50.809429,On or near Terminus Place,E01031454,Arun 011C,Violence and sexual offences,Unable to prosecute suspect,
397e9390c33c6caa76b47c6f22032dc6149d50f2ff04716d502e4ff4a6356b3f,2017-03,Sussex Police,Sussex Police,-0.541082,50.808787,On or near Arcade Road,E01031454,Arun 011C,Violence and sexual offences,Unable to prosecute suspect,
269fda638d9485f102969977512d841c460defe3955000f232c9a88b0f31ec2d,2017-03,Sussex Police,Sussex Police,-0.541082,50.808787,On or near Arcade Road,E01031454,Arun 011C,Violence and sexual offences,Investigation complete; no suspect identified,
fcbf2b5f950aed3bbbec0a7c0fee0c53e658e01ef01bdd9d252171b9e9575dc4,2017-03,Sussex Police,Sussex Police,-0.541600,50.808119,On or near New Road,E01031454,Arun 011C,Violence and sexual offences,Unable to prosecute suspect,
a1b3a3f2c9aa37565942e238b2b8e94b65f2ada3a586377d160d8dfc2da8de82,2017-03,Sussex Police,Sussex Police,-0.541082,50.808787,On or near Arcade Road,E01031454,Arun 011C,Violence and sexual offences,Investigation complete; no suspect identified,
5a66ab085b3a670b711d363a9f8358954de118ae5410715b120be4b33ce598f0,2017-03,Sussex Police,Sussex Police,-0.542195,50.809970,On or near Duke'S Court,E01031454,Arun 011C,Violence and sexual offences,Court result unavailable,
5519d4cc5c4a750602bb35f4312b3dcd2b2c0192c7150fa58efa7cec01c13670,2017-03,Sussex Police,Sussex Police,-0.542507,50.801313,On or near Parking Area,E01031454,Arun 011C,Violence and sexual offences,Investigation complete; no suspect identified,
8116f58f182dfb549233897421ce26386fbfa6ea3fa72930bb75db632a386032,2017-03,Sussex Police,Sussex Police,-0.550455,50.808625,On or near Rope Walk,E01031454,Arun 011C,Violence and sexual offences,Investigation complete; no suspect identified,
24119106855a32660e851cf3906325a1d64b9dfec41450eba8a2f4db4b7186f8,2017-03,Sussex Police,Sussex Police,-0.541600,50.808119,On or near New Road,E01031454,Arun 011C,Violence and sexual offences,Unable to prosecute suspect,
4bfa0f805225d20cca6167ce4533c41385d36ee4c03474bab01f4e082f25fcf9,2017-03,Sussex Police,Sussex Police,-0.546835,50.810010,On or near Terminus Road,E01031454,Arun 011C,Violence and sexual offences,Investigation complete; no suspect identified,
1b6480a3b23e74a42a537ee60a9c1a8d1556f87ccaa233104378e469247496be,2017-03,Sussex Police,Sussex Police,-0.546456,50.809429,On or near Terminus Place,E01031454,Arun 011C,Violence and sexual offences,Unable to prosecute suspect,
770ceaf9155bfef495a084654ca2d0fe9a0f2dfbc509d41ab8b729603621bc7c,2017-03,Sussex Police,Sussex Police,-0.546701,50.808839,On or near Mariners Quay,E01031454,Arun 011C,Violence and sexual offences,Unable to prosecute suspect,
8389bb5be9d127e13bb7bdea4e6503b35fb8b8be8350581d2e3472cf42af4a82,2017-03,Sussex Police,Sussex Police,-0.546456,50.809429,On or near Terminus Place,E01031454,Arun 011C,Violence and sexual offences,Unable to prosecute suspect,
ff8531cdf19e7c717067bb644d2f9f9d6656937d5a9fcd4a26ce9c2b09593ae8,2017-03,Sussex Police,Sussex Police,-0.540799,50.809215,On or near Further/Higher Educational Building,E01031454,Arun 011C,Violence and sexual offences,Investigation complete; no suspect identified,
c3b142160a48617d62c4a8eed1ccde6d67b9bbbaf9ff809aaf0a2b74d931ce0f,2017-03,Sussex Police,Sussex Police,-0.550455,50.808625,On or near Rope Walk,E01031454,Arun 011C,Violence and sexual offences,Investigation complete; no suspect identified,
abcd4df86af5e496792d33231a2b1a0a56053f49899f515491831cc603730014,2017-03,Sussex Police,Sussex Police,-0.541020,50.803948,On or near Windmill Road,E01031454,Arun 011C,Violence and sexual offences,Investigation complete; no suspect identified,
7b78e740b7be21af736611b5afef5f33767a38e497ef1367cf3a00438e0001f3,2017-03,Sussex Police,Sussex Police,-0.541082,50.808787,On or near Arcade Road,E01031454,Arun 011C,Violence and sexual offences,Unable to prosecute suspect,
6b69c2910d25cfc61c8214800b4cd426d8c1e30034254aa43d304c0149c8fdd9,2017-03,Sussex Police,Sussex Police,-0.542278,50.811410,On or near Connaught Road,E01031454,Arun 011C,Violence and sexual offences,Unable to prosecute suspect,
14ef321abe78af96758b36bee43c215270c2c26dae54bf3c3147c85ecddd47bf,2017-03,Sussex Police,Sussex Police,-0.541395,50.812406,On or near Queen Street,E01031454,Arun 011C,Violence and sexual offences,Status update unavailable,
0f6dfc19be80ad5bc7f969f9c82a8529dfdc97bbb965bf8d832d60aed3d223fd,2017-03,Sussex Police,Sussex Police,-0.537906,50.803702,On or near Banjo Road,E01031454,Arun 011C,Violence and sexual offences,Unable to prosecute suspect,
8e0aed64fcd1b2073a374ab94f1b482b127b960bbb9172eae596ae90898b043a,2017-03,Sussex Police,Sussex Police,-0.542759,50.810094,On or near St Martin'S Lane,E01031454,Arun 011C,Violence and sexual offences,Investigation complete; no suspect identified,
4b8121419a7d61d35ccb948a19d16401042ae0bc85b9f0f959ded4c64a7b96a9,2017-03,Sussex Police,Sussex Police,-0.558845,50.813171,On or near Bridge Road,E01031454,Arun 011C,Other crime,Investigation complete; no suspect identified,
,2017-03,Sussex Police,Sussex Police,-0.540436,50.806297,On or near St Catherine'S Road,E01031456,Arun 011D,Anti-social behaviour,,
,2017-03,Sussex Police,Sussex Police,-0.538218,50.805073,On or near Irvine Road,E01031456,Arun 011D,Anti-social behaviour,,
,2017-03,Sussex Police,Sussex Police,-0.537052,50.807846,On or near Fitzalan Road,E01031456,Arun 011D,Anti-social behaviour,,
8bd1418333f57249f46e5ade1790b8121c336208ac0748d83b03ca21bd75a5e2,2017-03,Sussex Police,Sussex Police,-0.534696,50.804669,On or near St Augustine Road,E01031456,Arun 011D,Burglary,Awaiting court outcome,
7205d776f6375fd47db6d23feae339e56c71adc582c7776bffd9a5be2aa37d1d,2017-03,Sussex Police,Sussex Police,-0.534696,50.804669,On or near St Augustine Road,E01031456,Arun 011D,Burglary,Awaiting court outcome,
39b70925e07c8b25e934b1cd62fabbc0eb38139c6fc90bb3dd8667cae334776a,2017-03,Sussex Police,Sussex Police,-0.534696,50.804669,On or near St Augustine Road,E01031456,Arun 011D,Burglary,Awaiting court outcome,
b5151575205c4dbc8e8330b90de2c02fa3b940495c09254f3329fafc9341e1b9,2017-03,Sussex Police,Sussex Police,-0.534696,50.804669,On or near St Augustine Road,E01031456,Arun 011D,Burglary,Awaiting court outcome,
ada708f6b4e66c62e608ef3cca808d6392e286fe1f1b2bb304e4b60712dbbc34,2017-03,Sussex Police,Sussex Police,-0.534696,50.804669,On or near St Augustine Road,E01031456,Arun 011D,Drugs,Offender fined,
cba73bca6b37ae5b2a931998d890e7ff536abe8081173189edca4c511d9455c7,2017-03,Sussex Police,Sussex Police,-0.538218,50.805073,On or near Irvine Road,E01031456,Arun 011D,Other theft,Investigation complete; no suspect identified,
8cb1eccbafc191f4c362d15d50ac5f29557ecb9d7dbeeb64b4f751c194d082fa,2017-03,Sussex Police,Sussex Police,-0.540436,50.806297,On or near St Catherine'S Road,E01031456,Arun 011D,Public order,Investigation complete; no suspect identified,
0695e490696e83ad48c75cceac1a30616445438571c9f38071de2d41bbba3405,2017-03,Sussex Police,Sussex Police,-0.537052,50.807846,On or near Fitzalan Road,E01031456,Arun 011D,Public order,Investigation complete; no suspect identified,
1d10cfbdb9c150609a65d12101bb438cd0aa099bc83ab46a9803f16669b42d08,2017-03,Sussex Police,Sussex Police,-0.538851,50.807050,On or near Beach Road,E01031456,Arun 011D,Shoplifting,Unable to prosecute suspect,
c8c7d2e2ab6479f6c379808be58725ef97e47a21eac11ff5fca80959357aa881,2017-03,Sussex Police,Sussex Police,-0.538851,50.807050,On or near Beach Road,E01031456,Arun 011D,Shoplifting,Offender sent to prison,
4b751cde72ca381af53c196527dcfe0be2780b930a7f964ad1f7286cb9d71a67,2017-03,Sussex Police,Sussex Police,-0.535224,50.805944,On or near Furzedown,E01031456,Arun 011D,Violence and sexual offences,Unable to prosecute suspect,
dc619bd584b501f3bcc52d1334b237e4abe4cc7ca7286d634d9a65430ad10bb0,2017-03,Sussex Police,Sussex Police,-0.538851,50.807050,On or near Beach Road,E01031456,Arun 011D,Violence and sexual offences,Status update unavailable,
e0b656072bf9818c0778ce1a9bf3d9d3d3e712d098ceb8abdf48532a0800adeb,2017-03,Sussex Police,Sussex Police,-0.538851,50.807050,On or near Beach Road,E01031456,Arun 011D,Violence and sexual offences,Unable to prosecute suspect,
d98ba2c64341e9f67c31076ca81543ee6d7c3574382f9897ddc5dbe4df922e2f,2017-03,Sussex Police,Sussex Police,-0.538851,50.807050,On or near Beach Road,E01031456,Arun 011D,Violence and sexual offences,Unable to prosecute suspect,
b59d165ba328275adbf0443cd449dc61156dfb1f9aab71b72df2a40a06d61ae4,2017-03,Sussex Police,Sussex Police,-0.539244,50.804456,On or near South Terrace,E01031456,Arun 011D,Violence and sexual offences,Unable to prosecute suspect,
86274f2d1a7199d4d1af93aaa3cccdbccba3f7ec1672ac5021a3388ea811b8c1,2017-03,Sussex Police,Sussex Police,-0.534696,50.804669,On or near St Augustine Road,E01031456,Arun 011D,Violence and sexual offences,Unable to prosecute suspect,
ae29b074d151ab0a58df2e0ceac71e2757c75ad2f6e41467f5fe4ea86519fd75,2017-03,Sussex Police,Sussex Police,-0.538274,50.807825,On or near Maltravers Road,E01031456,Arun 011D,Violence and sexual offences,Unable to prosecute suspect,
,2017-03,Sussex Police,Sussex Police,-0.694266,50.800808,On or near Chichester Road,E01031401,Arun 012A,Anti-social behaviour,,
,2017-03,Sussex Police,Sussex Police,-0.697294,50.803171,On or near Bucksham Avenue,E01031401,Arun 012A,Anti-social behaviour,,
a4fd2133d7676436905d03e15aa48c6a57db9b3d84c2c0a46111d2a08a6ec4f0,2017-03,Sussex Police,Sussex Police,-0.690456,50.804624,On or near Berry Lane,E01031401,Arun 012A,Other theft,Investigation complete; no suspect identified,
23b4c29142d18cffa05ef322a97d40a4073f64f80b154ac2ec66e8f68806c6a8,2017-03,Sussex Police,Sussex Police,-0.698621,50.802925,On or near Petrol Station,E01031401,Arun 012A,Public order,Unable to prosecute suspect,
cc842a5ee15562e7f7aaf6e383d6f684e33d1c71f8525ec0fcb55cb8b5774c5f,2017-03,Sussex Police,Sussex Police,-0.697294,50.803171,On or near Bucksham Avenue,E01031401,Arun 012A,Vehicle crime,Investigation complete; no suspect identified,
5fb7cf992bb8c21954778706b0f80e025ab4709473cabdc68024736578f89ac1,2017-03,Sussex Police,Sussex Police,-0.697294,50.803171,On or near Bucksham Avenue,E01031401,Arun 012A,Vehicle crime,Investigation complete; no suspect identified,
f3c1f5634b43be43e26f77068ebba06f8ce2b9ef2d2376d76dcfc7e6133522b2,2017-03,Sussex Police,Sussex Police,-0.690456,50.804624,On or near Berry Lane,E01031401,Arun 012A,Vehicle crime,Investigation complete; no suspect identified,
4cdf8b52f9883097c35a8c9f374e6986a9cd3876f0f6f8bec3209f7a7e1856d2,2017-03,Sussex Police,Sussex Police,-0.700697,50.803272,On or near Greystone Avenue,E01031401,Arun 012A,Vehicle crime,Investigation complete; no suspect identified,
9217f301e87064c725ffb85fb6bb6529656be2e1206d3c06412662360759aac6,2017-03,Sussex Police,Sussex Police,-0.697294,50.803171,On or near Bucksham Avenue,E01031401,Arun 012A,Vehicle crime,Investigation complete; no suspect identified,
b8d4f654635d3750afd4980ce2380ffaee6110f7bef842f9906b41ae50e46037,2017-03,Sussex Police,Sussex Police,-0.697294,50.803171,On or near Bucksham Avenue,E01031401,Arun 012A,Vehicle crime,Investigation complete; no suspect identified,
458e52a917002896584d5cdc928cf0436eebd57be7f634659fee856f4166b855,2017-03,Sussex Police,Sussex Police,-0.697294,50.803171,On or near Bucksham Avenue,E01031401,Arun 012A,Vehicle crime,Unable to prosecute suspect,
cfbf602a1dae6a1448c957368869b90e08e7f426133536036c875161d6e60186,2017-03,Sussex Police,Sussex Police,-0.689309,50.803019,On or near North Bersted Street,E01031401,Arun 012A,Vehicle crime,Investigation complete; no suspect identified,
7e94949c8c7194d9dc6413f9a3384b684479330d212fb2af2ad24250bd02685e,2017-03,Sussex Police,Sussex Police,-0.700697,50.803272,On or near Greystone Avenue,E01031401,Arun 012A,Violence and sexual offences,Further investigation is not in the public interest,
3e550428024532df013027591c9d27e86e65788b81bde2b25237fc87b48927fb,2017-03,Sussex Police,Sussex Police,-0.701142,50.804141,On or near Loats Lane,E01031401,Arun 012A,Violence and sexual offences,Unable to prosecute suspect,
7b808a6867d73ed89ffe18ab0125c20faee37ce78fd5153c914c8ed8d19ff86f,2017-03,Sussex Police,Sussex Police,-0.697294,50.803171,On or near Bucksham Avenue,E01031401,Arun 012A,Violence and sexual offences,Further investigation is not in the public interest,
,2017-03,Sussex Police,Sussex Police,-0.676507,50.802029,On or near Larch Close,E01031402,Arun 012B,Anti-social behaviour,,
,2017-03,Sussex Police,Sussex Police,-0.684266,50.804716,On or near Bramley Gardens,E01031402,Arun 012B,Anti-social behaviour,,
,2017-03,Sussex Police,Sussex Police,-0.681571,50.803633,On or near Addison Way,E01031402,Arun 012B,Anti-social behaviour,,
,2017-03,Sussex Police,Sussex Police,-0.668792,50.799873,On or near Headley Drive,E01031402,Arun 012B,Anti-social behaviour,,
,2017-03,Sussex Police,Sussex Police,-0.662838,50.803627,On or near Beeding Close,E01031402,Arun 012B,Anti-social behaviour,,
,2017-03,Sussex Police,Sussex Police,-0.669990,50.812153,On or near Shripney Road,E01031402,Arun 012B,Anti-social behaviour,,
,2017-03,Sussex Police,Sussex Police,-0.679660,50.801957,On or near Osprey Gardens,E01031402,Arun 012B,Anti-social behaviour,,
966208393afa38a03cfd41288129d7d8db19742394bde47d895ce35cf29f74a3,2017-03,Sussex Police,Sussex Police,-0.663887,50.803180,On or near Steyning Way,E01031402,Arun 012B,Bicycle theft,Local resolution,
7346a22c5e2a8518ee75fbcf09ac1f9db6b579c1ccc2093a95379418611a8a5a,2017-03,Sussex Police,Sussex Police,-0.667632,50.798736,On or near Shopping Area,E01031402,Arun 012B,Burglary,Unable to prosecute suspect,
f450e35d5c71fb91e476b595254135175f6dc4881bfbae3ddc06a1ea772cbc14,2017-03,Sussex Police,Sussex Police,-0.679276,50.800972,On or near Berghestede Road,E01031402,Arun 012B,Other theft,Investigation complete; no suspect identified,
fba2664206a95404e1d643bfbf937bfc7d63ad70dbfb6cea3e29c19a776211be,2017-03,Sussex Police,Sussex Police,-0.667161,50.800349,On or near Tilford Drive,E01031402,Arun 012B,Public order,Unable to prosecute suspect,
7c41f33b10f7fbb4ecd9ac6484696ac641e95338474246f34323b2dbd12d6001,2017-03,Sussex Police,Sussex Police,-0.667632,50.798736,On or near Shopping Area,E01031402,Arun 012B,Public order,Investigation complete; no suspect identified,
e14c32f2594bd17db0ebc1892eac2326aa79dd117483a99b7e23be3f3e2f1b7c,2017-03,Sussex Police,Sussex Police,-0.663887,50.803180,On or near Steyning Way,E01031402,Arun 012B,Public order,Status update unavailable,
d0b662692ac4608334dafc0bc4d0108959f57143cbc9d7deaa7084bcbfbe35f9,2017-03,Sussex Police,Sussex Police,-0.674575,50.801108,On or near Heath Place,E01031402,Arun 012B,Public order,Status update unavailable,
15a1ad1a545f758b5cd5c1919a1bfb53e09d8c75a67adb5ad04622218102d9ff,2017-03,Sussex Police,Sussex Police,-0.667161,50.800349,On or near Tilford Drive,E01031402,Arun 012B,Public order,Status update unavailable,
5db3bb99f49b82abf4f6c41f7fee12a204ff89042e937a3cb57dd17887d5b94e,2017-03,Sussex Police,Sussex Police,-0.667632,50.798736,On or near Shopping Area,E01031402,Arun 012B,Shoplifting,Investigation complete; no suspect identified,
47ba0e35dd4accaaa441623ec33b2bf915cb51bee4cf76a41e9eedec662f37d1,2017-03,Sussex Police,Sussex Police,-0.667632,50.798736,On or near Shopping Area,E01031402,Arun 012B,Shoplifting,Status update unavailable,
a1a95e309c9fc8f1068c49532d2ea2e197c37b6caa6c7e94165225019796930d,2017-03,Sussex Police,Sussex Police,-0.667632,50.798736,On or near Shopping Area,E01031402,Arun 012B,Shoplifting,Unable to prosecute suspect,
dfc46a7eb4ddc639248645d6f72e847025cc78d903f424307f3155ff4dd63eda,2017-03,Sussex Police,Sussex Police,-0.667632,50.798736,On or near Shopping Area,E01031402,Arun 012B,Shoplifting,Investigation complete; no suspect identified,
73b6d31c669c7175d6b602c7921ed03122e551bf93afa96a89a07d862c3f910c,2017-03,Sussex Police,Sussex Police,-0.667632,50.798736,On or near Shopping Area,E01031402,Arun 012B,Shoplifting,Investigation complete; no suspect identified,
67e78a4b9a69fd9a18a9eeafd6073ec7bb3abcf1a022eaa07a0c156ddd244b34,2017-03,Sussex Police,Sussex Police,-0.667632,50.798736,On or near Shopping Area,E01031402,Arun 012B,Shoplifting,Unable to prosecute suspect,
2e2c01b9940115119a6f76c8af05f2b6401720fa62f530b226ed035a437906ba,2017-03,Sussex Police,Sussex Police,-0.663887,50.803180,On or near Steyning Way,E01031402,Arun 012B,Shoplifting,Further investigation is not in the public interest,
5a0c3ca19f13e63e78a81238154d014747516922562e7247efed1fccb030a53d,2017-03,Sussex Police,Sussex Police,-0.667632,50.798736,On or near Shopping Area,E01031402,Arun 012B,Shoplifting,Status update unavailable,
1625b97a2a3e1d135a16d2ee57e33cd21254f7d347692122a943cd7e1e845f1f,2017-03,Sussex Police,Sussex Police,-0.667632,50.798736,On or near Shopping Area,E01031402,Arun 012B,Shoplifting,Offender given suspended prison sentence,
8fd8349027011a96967c07b46045ae9e86f08932a9a7b7711d35a9702b4af1c3,2017-03,Sussex Police,Sussex Police,-0.667632,50.798736,On or near Shopping Area,E01031402,Arun 012B,Shoplifting,Offender given suspended prison sentence,
e1021f5ccde12f34a7a59bf2ead59b862e5c90e0b9cbda3c691dd00eaa4b4605,2017-03,Sussex Police,Sussex Police,-0.667632,50.798736,On or near Shopping Area,E01031402,Arun 012B,Shoplifting,Investigation complete; no suspect identified,
6856387f6c00daac582a7ee37876c96221c6b636f16ae8ecdd024625a7eb27a7,2017-03,Sussex Police,Sussex Police,-0.667632,50.798736,On or near Shopping Area,E01031402,Arun 012B,Shoplifting,Status update unavailable,
d348ebb529e77bec21af09a1ac006296dc235c6b5a6eaf79c631af9017c9a1b4,2017-03,Sussex Police,Sussex Police,-0.667632,50.798736,On or near Shopping Area,E01031402,Arun 012B,Shoplifting,Investigation complete; no suspect identified,
9fd0a93f23d569919991840d9939a3119f1acc5f177b3a07bac418f4ee95a358,2017-03,Sussex Police,Sussex Police,-0.667632,50.798736,On or near Shopping Area,E01031402,Arun 012B,Shoplifting,Unable to prosecute suspect,
ba492733be5806c6efa11ab32a885bbc997829bb6701f3c57b2a61c50b0d55f3,2017-03,Sussex Police,Sussex Police,-0.667632,50.798736,On or near Shopping Area,E01031402,Arun 012B,Shoplifting,Investigation complete; no suspect identified,
ca2080fc8920cf177df8e47863601873c96d24eb97d84ffb2ac8a7abb310a457,2017-03,Sussex Police,Sussex Police,-0.667632,50.798736,On or near Shopping Area,E01031402,Arun 012B,Shoplifting,Unable to prosecute suspect,
9a4aa9133a617d60faf7451859d703c9fc155c60da96b8b590acf1f9ca228712,2017-03,Sussex Police,Sussex Police,-0.667601,50.800831,On or near Frensham Avenue,E01031402,Arun 012B,Shoplifting,Local resolution,
b0db2cc470c7017b3410462b07ae603b77700482ae31e431cfeb9955ed717fb4,2017-03,Sussex Police,Sussex Police,-0.667632,50.798736,On or near Shopping Area,E01031402,Arun 012B,Shoplifting,Unable to prosecute suspect,
05732ccffef0840754f3b87137592b3d22e819ef920cf87c6f82b9eb96f71382,2017-03,Sussex Police,Sussex Police,-0.667632,50.798736,On or near Shopping Area,E01031402,Arun 012B,Shoplifting,Investigation complete; no suspect identified,
4a1577ba9910538f192338e4698e25e5b29eae08ac5383b01901ffb7f5ddc641,2017-03,Sussex Police,Sussex Police,-0.663887,50.803180,On or near Steyning Way,E01031402,Arun 012B,Shoplifting,Investigation complete; no suspect identified,
dd774d13a364aeefaf0bc5f81546747b37042c9e624877c278dee606f68d4028,2017-03,Sussex Police,Sussex Police,-0.667632,50.798736,On or near Shopping Area,E01031402,Arun 012B,Shoplifting,Investigation complete; no suspect identified,
f8437cbbd31e46453642d5cd910a8f20b903f9c29b0854e91b4cf1a0fad96741,2017-03,Sussex Police,Sussex Police,-0.667632,50.798736,On or near Shopping Area,E01031402,Arun 012B,Shoplifting,Investigation complete; no suspect identified,
bb15304bcd654ce15858d8ebafa9039d18fc11c5692e9854e884cf8d1e82d250,2017-03,Sussex Police,Sussex Police,-0.676352,50.802522,On or near Bronze Close,E01031402,Arun 012B,Vehicle crime,Investigation complete; no suspect identified,
e2721ff97b048f64be797c01bd164f302777c861e1252dc64cade8c4a9a4856a,2017-03,Sussex Police,Sussex Police,-0.669990,50.812153,On or near Shripney Road,E01031402,Arun 012B,Vehicle crime,Investigation complete; no suspect identified,
74012a11961f7e77291fe744b11613bc09a212b9ddab9f49ba8021e2bb61e628,2017-03,Sussex Police,Sussex Police,-0.667632,50.798736,On or near Shopping Area,E01031402,Arun 012B,Violence and sexual offences,Investigation complete; no suspect identified,
9fdea438b27721b624065108fc32ef419637b1c45627d8ecb59c33ebc6b829d9,2017-03,Sussex Police,Sussex Police,-0.668792,50.799873,On or near Headley Drive,E01031402,Arun 012B,Violence and sexual offences,Unable to prosecute suspect,
421e4531e574187cb03bc0062b8d8c4f75215a3212d8851b7149fbf7598d4849,2017-03,Sussex Police,Sussex Police,-0.669990,50.812153,On or near Shripney Road,E01031402,Arun 012B,Violence and sexual offences,Investigation complete; no suspect identified,
bbabdbff2c76eed2bdd5735701bf7d75c3aab76b75b2f70b46c384f6edcba81e,2017-03,Sussex Police,Sussex Police,-0.676507,50.802029,On or near Larch Close,E01031402,Arun 012B,Violence and sexual offences,Unable to prosecute suspect,
01a35c33d65c03e49c93f2ff811d4f14ff06221107a6fb670c2320af71e24c9c,2017-03,Sussex Police,Sussex Police,-0.681571,50.803633,On or near Addison Way,E01031402,Arun 012B,Violence and sexual offences,Status update unavailable,
9f5b9176d43220d1aca0bc117338def76ca5e72fcc55206adbbcbedb50b38ba6,2017-03,Sussex Police,Sussex Police,-0.676352,50.802522,On or near Bronze Close,E01031402,Arun 012B,Violence and sexual offences,Unable to prosecute suspect,
18168857b82ea82f83024d000c8bdff495e257de94fe7d9cdee9e78e88853dad,2017-03,Sussex Police,Sussex Police,-0.667601,50.800831,On or near Frensham Avenue,E01031402,Arun 012B,Violence and sexual offences,Further investigation is not in the public interest,
7ea0567e5c7e32c566f8f266b6b2a88dfcb1d3048bbaf9afafa59889ad7d0445,2017-03,Sussex Police,Sussex Police,-0.678596,50.802952,On or near Rowan Way,E01031402,Arun 012B,Violence and sexual offences,Investigation complete; no suspect identified,
75db81973b527688004d8d197de1be7f0dab8c18c41935139a97edbf8a2d63b8,2017-03,Sussex Police,Sussex Police,-0.667161,50.800349,On or near Tilford Drive,E01031402,Arun 012B,Other crime,Investigation complete; no suspect identified,
c2b9813c6e9166ae01d6b5b407748091c55ccb30db2edff2a5f1f0fa8d1243ca,2017-03,Sussex Police,Sussex Police,-0.678596,50.802952,On or near Rowan Way,E01031402,Arun 012B,Other crime,Offender sent to prison,
,2017-03,Sussex Police,Sussex Police,-0.687488,50.802171,On or near Westfield,E01031403,Arun 012C,Anti-social behaviour,,
,2017-03,Sussex Police,Sussex Police,-0.689350,50.796976,On or near Elm Tree Close,E01031403,Arun 012C,Anti-social behaviour,,
,2017-03,Sussex Police,Sussex Police,-0.687488,50.802171,On or near Westfield,E01031403,Arun 012C,Anti-social behaviour,,
,2017-03,Sussex Police,Sussex Police,-0.693046,50.797755,On or near Newtown Avenue,E01031403,Arun 012C,Anti-social behaviour,,
60692d1cd72893974c58fde504f798beeb2662ad34119163b40dfbbb59773641,2017-03,Sussex Police,Sussex Police,-0.687488,50.802171,On or near Westfield,E01031403,Arun 012C,Criminal damage and arson,Investigation complete; no suspect identified,
96a85bec830b2d4f9a282756e0a379848c7e9b03ab13a0a348faf9a0a2fb7a14,2017-03,Sussex Police,Sussex Police,-0.689253,50.801445,On or near Barton Road,E01031403,Arun 012C,Criminal damage and arson,Unable to prosecute suspect,
e77c0ff2fb6a2e1727a57a8d81f1032b542b2f42b90f924db47247c8ff49623f,2017-03,Sussex Police,Sussex Police,-0.693862,50.798511,On or near Bedford Avenue,E01031403,Arun 012C,Criminal damage and arson,Investigation complete; no suspect identified,
15bbff45acae266922d7a5c7bc8ed7228926cfd0b5946bc0c130a9859a6cd367,2017-03,Sussex Police,Sussex Police,-0.693862,50.798511,On or near Bedford Avenue,E01031403,Arun 012C,Shoplifting,Investigation complete; no suspect identified,
33b01708fd25d818d3ad10631f369bca63032842f737f0effb02e3eac495ccb2,2017-03,Sussex Police,Sussex Police,-0.690863,50.799196,On or near Renoir Mews,E01031403,Arun 012C,Violence and sexual offences,Local resolution,
0723eddc6a0ac4ecbb0c937cdb50a7459590d6f1c56a6458427697241d5b6101,2017-03,Sussex Police,Sussex Police,-0.687488,50.802171,On or near Westfield,E01031403,Arun 012C,Violence and sexual offences,Unable to prosecute suspect,
,2017-03,Sussex Police,Sussex Police,-0.679520,50.798349,On or near Laburnum Grove,E01031405,Arun 012D,Anti-social behaviour,,
,2017-03,Sussex Police,Sussex Police,-0.682060,50.798378,On or near Durlston Drive,E01031405,Arun 012D,Anti-social behaviour,,
dfbf0d0381e35845c8a87fbae6e06b4e48003c05f792ed42eaf23f20eaeaf9c5,2017-03,Sussex Police,Sussex Police,-0.682060,50.798378,On or near Durlston Drive,E01031405,Arun 012D,Bicycle theft,Investigation complete; no suspect identified,
3ce57430cc8ec8260f41b5efbfe4d9c25f612486691728ee90a34efb92b2b1fd,2017-03,Sussex Police,Sussex Police,-0.682046,50.797361,On or near Durlston Drive,E01031405,Arun 012D,Other theft,Investigation complete; no suspect identified,
5549c74b444ff38ebcdd032202ff6492ca6aacbc7ecc562c82acebbcd6c9ea0c,2017-03,Sussex Police,Sussex Police,-0.686020,50.799852,On or near Van Gogh Place,E01031405,Arun 012D,Other theft,Investigation complete; no suspect identified,
32565cc097fcee4b4e8be2d24675d11b3d9e6226a61c2e109ee791d7fc14d30f,2017-03,Sussex Police,Sussex Police,-0.679520,50.798349,On or near Laburnum Grove,E01031405,Arun 012D,Public order,Investigation complete; no suspect identified,
0e31ec0eb4c8a15c573baff75b4995ab3a5400a2c549a831116773a1e651b171,2017-03,Sussex Police,Sussex Police,-0.682046,50.797361,On or near Durlston Drive,E01031405,Arun 012D,Shoplifting,Investigation complete; no suspect identified,
7f376b78ec523164a489ec390f17fe4d5e220c28e7d4372c6be4ac4d3c630dfd,2017-03,Sussex Police,Sussex Police,-0.682046,50.797361,On or near Durlston Drive,E01031405,Arun 012D,Shoplifting,Investigation complete; no suspect identified,
ab16bb1a9ec398f9364dd833e1a2bd931474fceb0fd0efb64de8dab9630d1491,2017-03,Sussex Police,Sussex Police,-0.681722,50.801809,On or near Finch Gardens,E01031405,Arun 012D,Violence and sexual offences,Unable to prosecute suspect,
d5cfcbb960ad4509a93ecc7071f2e8da14c0ca99d68171bdfbc1833fc00cf308,2017-03,Sussex Police,Sussex Police,-0.682060,50.798378,On or near Durlston Drive,E01031405,Arun 012D,Violence and sexual offences,Unable to prosecute suspect,
,2017-03,Sussex Police,Sussex Police,-0.691716,50.795582,On or near South Way,E01031406,Arun 012E,Anti-social behaviour,,
ab9050a1a77fe19c23a1f7e2e41ca0f1fc00c35ed71f1e0dd4388cd43610efaa,2017-03,Sussex Police,Sussex Police,-0.691705,50.794943,On or near Collyer Avenue,E01031406,Arun 012E,Bicycle theft,Investigation complete; no suspect identified,
48d67370d872871fa0fc90075e90f2f4078bfef7414f363178bc4cd71e577bd7,2017-03,Sussex Police,Sussex Police,-0.693396,50.795394,On or near Greencourt Drive,E01031406,Arun 012E,Criminal damage and arson,Investigation complete; no suspect identified,
6090f3a8c6da58605136697ab8a78d19857521a8ab6757eb5ef47f4526afb8c2,2017-03,Sussex Police,Sussex Police,-0.693396,50.795394,On or near Greencourt Drive,E01031406,Arun 012E,Possession of weapons,Offender given a caution,
7863e45459534c4d1275348ee8a182b0f15f50840b7b7fc896a9e15ebb16ca61,2017-03,Sussex Police,Sussex Police,-0.691705,50.794943,On or near Collyer Avenue,E01031406,Arun 012E,Public order,Investigation complete; no suspect identified,
2ddfc22fba7a31acb76193a4c8901994b760effa83e848cd084a2582d5a3ad5b,2017-03,Sussex Police,Sussex Police,-0.693396,50.795394,On or near Greencourt Drive,E01031406,Arun 012E,Public order,Unable to prosecute suspect,
f02dd02d65eccd6066eed735872234711550a360fb2ee019007d6e008e56e467,2017-03,Sussex Police,Sussex Police,-0.693131,50.796218,On or near Nor'Bren Avenue,E01031406,Arun 012E,Vehicle crime,Status update unavailable,
f805117a4acf1f248ca2c929b6c8ebb643a4fa75e0b275a367149048d164f78e,2017-03,Sussex Police,Sussex Police,-0.695856,50.797211,On or near Central Drive,E01031406,Arun 012E,Violence and sexual offences,Unable to prosecute suspect,
,2017-03,Sussex Police,Sussex Police,-0.628585,50.799551,On or near Pulborough Way,E01031417,Arun 013A,Anti-social behaviour,,
,2017-03,Sussex Police,Sussex Police,-0.631176,50.799285,On or near The Hartings,E01031417,Arun 013A,Anti-social behaviour,,
,2017-03,Sussex Police,Sussex Police,-0.631176,50.799285,On or near The Hartings,E01031417,Arun 013A,Anti-social behaviour,,
a501538598230d7ca3f4fc632b22335628e5598023b08021427f3017d3aaa98f,2017-03,Sussex Police,Sussex Police,-0.632164,50.801401,On or near Worms Lane,E01031417,Arun 013A,Burglary,Investigation complete; no suspect identified,
2c13a6a21abdde2e2ccefdc693606c43e709e51b1ee611a02ace49b30aa45497,2017-03,Sussex Police,Sussex Police,-0.635089,50.798431,On or near Supermarket,E01031417,Arun 013A,Criminal damage and arson,Investigation complete; no suspect identified,
6769c517bde4bb6915b526ab0963e33261133d93ed6cf11ddef18f19908abb98,2017-03,Sussex Police,Sussex Police,-0.645191,50.803378,On or near Stanover Lane,E01031417,Arun 013A,Criminal damage and arson,Investigation complete; no suspect identified,
9dd383e6b477429e67b0bfc7167fbfe49d5cddd1b738ee30d6f013b5b726e288,2017-03,Sussex Police,Sussex Police,-0.629240,50.800467,On or near Findon Drive,E01031417,Arun 013A,Vehicle crime,Investigation complete; no suspect identified,
f3c7190578bc01c5762fde47742737b89227fc3bb50c06c69cb54a2a702632bd,2017-03,Sussex Police,Sussex Police,-0.629086,50.797965,On or near Henfield Way,E01031417,Arun 013A,Vehicle crime,Investigation complete; no suspect identified,
fd8049f7d6086a5715b73a049a9ba8e8878a9229d670635a513d6d9f46cb2890,2017-03,Sussex Police,Sussex Police,-0.631176,50.799285,On or near The Hartings,E01031417,Arun 013A,Violence and sexual offences,Status update unavailable,
,2017-03,Sussex Police,Sussex Police,-0.625089,50.796821,On or near Marlowe Close,E01031438,Arun 013B,Anti-social behaviour,,
,2017-03,Sussex Police,Sussex Police,-0.622540,50.797124,On or near Satinwood Close,E01031438,Arun 013B,Anti-social behaviour,,
c2f0a980e802fc9f136577d851b06efbaa416bd7843e2bf5c2edf52b57f59c3d,2017-03,Sussex Police,Sussex Police,-0.622540,50.797124,On or near Satinwood Close,E01031438,Arun 013B,Criminal damage and arson,Investigation complete; no suspect identified,
817dc4f26c85c9e27e76409776ae44f94d08b8001f29657dd6fa5d795934f7b4,2017-03,Sussex Police,Sussex Police,-0.627460,50.797739,On or near Baldwin Close,E01031438,Arun 013B,Other theft,Status update unavailable,
c3ca74f678a809b8b612c1dd80ce08a5649e51b768e21181436c45f3316d80a8,2017-03,Sussex Police,Sussex Police,-0.626678,50.796831,On or near Templars Close,E01031438,Arun 013B,Other theft,Investigation complete; no suspect identified,
f5c4731de53795cef7906fb4781e5987b84142d5c4d4c761df37011d2e52abaa,2017-03,Sussex Police,Sussex Police,-0.622026,50.792432,On or near Sea Lane,E01031438,Arun 013B,Violence and sexual offences,Unable to prosecute suspect,
,2017-03,Sussex Police,Sussex Police,-0.617026,50.795979,On or near First Avenue,E01031439,Arun 013C,Anti-social behaviour,,
,2017-03,Sussex Police,Sussex Police,-0.615155,50.796398,On or near East Avenue,E01031439,Arun 013C,Anti-social behaviour,,
6c6a594e2aef47eba01a5510f6547835f9b478a7f918cdd7bf8e9d1ad729979b,2017-03,Sussex Police,Sussex Police,-0.612787,50.794904,On or near Cootes Lane,E01031439,Arun 013C,Bicycle theft,Investigation complete; no suspect identified,
99b7ab54506646c65e36fc036d1e5739b72d6402ab125c8038d2605a2e13979f,2017-03,Sussex Police,Sussex Police,-0.611493,50.791642,On or near Southdean Close,E01031439,Arun 013C,Violence and sexual offences,Local resolution,
dbad00e4eb4621904383095bb23892fe74dc37ea07627737705cd0e8a497cb81,2017-03,Sussex Police,Sussex Police,-0.624170,50.792835,On or near South Walk,E01031439,Arun 013C,Violence and sexual offences,Investigation complete; no suspect identified,
e01e2aee1c618b26cd37f87a9b2e04f4c6bbcd881ff759bfbdd43140289ea7d2,2017-03,Sussex Police,Sussex Police,-0.616591,50.803519,On or near Yapton Road,E01031439,Arun 013C,Violence and sexual offences,Unable to prosecute suspect,
f9148a94beddbd13b7d9c8621cd5c9d986f7c0562692dc7f6c3c922324c18a44,2017-03,Sussex Police,Sussex Police,-0.616591,50.803519,On or near Yapton Road,E01031439,Arun 013C,Violence and sexual offences,Unable to prosecute suspect,
dae20559783293f5939025afe3259d3c2459c6ecd458c223aef07af63daa0d36,2017-03,Sussex Police,Sussex Police,-0.616591,50.803519,On or near Yapton Road,E01031439,Arun 013C,Violence and sexual offences,Unable to prosecute suspect,
7ae19e7309eaa371978bbf24b0c1350d06b2c6cdfa74f2e1ac27da7da11de3c2,2017-03,Sussex Police,Sussex Police,-0.605630,50.792228,On or near Coldicott Mews,E01031440,Arun 013D,Criminal damage and arson,Investigation complete; no suspect identified,
4dbb44ea424a3bda89ca7784e22e5b53c4e4a18de6a1cd96801ca83d31e85098,2017-03,Sussex Police,Sussex Police,-0.595963,50.793327,On or near Elmer Court,E01031440,Arun 013D,Vehicle crime,Investigation complete; no suspect identified,
e73bb2cd5a56412cf6fa356343f18807c338ad6f5078af4b0d31db7fc306eb59,2017-03,Sussex Police,Sussex Police,-0.600903,50.793260,On or near Elm Drive,E01031440,Arun 013D,Violence and sexual offences,Unable to prosecute suspect,
c5478bc1092f8d0ad4fe8ecbe49dfc6c65a80b65a0a658fc67e1afa9b8a87ff1,2017-03,Sussex Police,Sussex Police,-0.595963,50.793327,On or near Elmer Court,E01031440,Arun 013D,Violence and sexual offences,Further investigation is not in the public interest,
,2017-03,Sussex Police,Sussex Police,-0.676185,50.801882,On or near Sycamore Road,E01031404,Arun 014A,Anti-social behaviour,,
,2017-03,Sussex Police,Sussex Police,-0.674846,50.802586,On or near Fir Tree Way,E01031404,Arun 014A,Anti-social behaviour,,
,2017-03,Sussex Police,Sussex Police,-0.676575,50.800636,On or near Laurel Grove,E01031404,Arun 014A,Anti-social behaviour,,
1262bb24c4fdda8d1cc243a5110465a5a0de619b485e6f63bae7a213ed189850,2017-03,Sussex Police,Sussex Police,-0.676653,50.800403,On or near Tamarisk Close,E01031404,Arun 014A,Bicycle theft,Investigation complete; no suspect identified,
e50638d80888326320ccef7a5bca1accbc73e0f757b501e3ae068cdb1c64d6ee,2017-03,Sussex Police,Sussex Police,-0.681897,50.800633,On or near Ravens Way,E01031404,Arun 014A,Criminal damage and arson,Investigation complete; no suspect identified,
53220adbc667120ba5e670cbd3a3d8dfdf3a653bf949edce3a7094a9f9f774ea,2017-03,Sussex Police,Sussex Police,-0.678653,50.799913,On or near Oak Close,E01031404,Arun 014A,Vehicle crime,Unable to prosecute suspect,
1ea4240f6a7ba7ad96cf8cff62db237cffde48cb2b1dea932c318cbf9c130b1c,2017-03,Sussex Police,Sussex Police,-0.674846,50.802586,On or near Fir Tree Way,E01031404,Arun 014A,Violence and sexual offences,Unable to prosecute suspect,
923a1fc637628184bf4c920826c58d3e4015be4c5819372fb2b5e776d4c615a8,2017-03,Sussex Police,Sussex Police,-0.676653,50.800403,On or near Tamarisk Close,E01031404,Arun 014A,Violence and sexual offences,Status update unavailable,
133f67930a942c93423aaf4cbe5f26729cf9e602c181114c596634064fba7a1c,2017-03,Sussex Police,Sussex Police,-0.680053,50.800585,On or near Shearwater Drive,E01031404,Arun 014A,Other crime,Status update unavailable,
e27683cee78d97af890f1117f345ad04b59dd93a3baaa53eddd8e903621a4b73,2017-03,Sussex Police,Sussex Police,-0.668759,50.792058,On or near Westway,E01031433,Arun 014B,Other theft,Investigation complete; no suspect identified,
b9ac1e734bfd3201ba241b4e1230db6fd998e4f101e694677047b5fb0d8b1baf,2017-03,Sussex Police,Sussex Police,-0.670473,50.791124,On or near Neville Road,E01031433,Arun 014B,Vehicle crime,Investigation complete; no suspect identified,
a959ca6c257f10f651380446a487aa151d0a95b944d00f248c3befbfddce05da,2017-03,Sussex Police,Sussex Police,-0.669376,50.791309,On or near Glenwood Avenue,E01031433,Arun 014B,Vehicle crime,Investigation complete; no suspect identified,
c3ea79297e33f3a54ea6e3d01915fc494101888088bb91c3ee43e6f21d464cd2,2017-03,Sussex Police,Sussex Police,-0.663259,50.793353,On or near Stratton Court,E01031433,Arun 014B,Violence and sexual offences,Investigation complete; no suspect identified,
5e8c5739a3feb30eb5832cfa29e20029ab3dcad2a84d712e748b7d13d148832a,2017-03,Sussex Police,Sussex Police,-0.673027,50.791639,On or near Bankview Close,E01031434,Arun 014C,Bicycle theft,Investigation complete; no suspect identified,
70ec34cf96bf90db195ee2e5248783139f569edf87b1e815fe93f58085ec6971,2017-03,Sussex Police,Sussex Police,-0.667346,50.795342,On or near Stanford Close,E01031434,Arun 014C,Burglary,Investigation complete; no suspect identified,
c2c131f8ec997ec6a0ea3170136f37b4a7bf5ef07149405e0e0d300bc3e640e8,2017-03,Sussex Police,Sussex Police,-0.670518,50.794047,On or near May Close,E01031434,Arun 014C,Criminal damage and arson,Investigation complete; no suspect identified,
dfe618ff024cfacaa4bf39ac8593f86a3f5bc9819b5e8b9d31a96cc98a9d3c74,2017-03,Sussex Police,Sussex Police,-0.669462,50.795258,On or near Shripney Road,E01031434,Arun 014C,Criminal damage and arson,Investigation complete; no suspect identified,
dbd99672aaa57f2fdf1f7b9a9f3073bd64f38fcc79303b1c314418b32d10109c,2017-03,Sussex Police,Sussex Police,-0.668308,50.795434,On or near Brooks Lane West,E01031434,Arun 014C,Other theft,Court result unavailable,
eb0e35207e5884b74d1938fdda7ee57a6fef301d53668a5107abd0aeb32d40c1,2017-03,Sussex Police,Sussex Police,-0.668308,50.795434,On or near Brooks Lane West,E01031434,Arun 014C,Other theft,Investigation complete; no suspect identified,
52a48659a9d771d2c7531813a5db453773f52a28339d76c07175d62f535981cf,2017-03,Sussex Police,Sussex Police,-0.673027,50.791639,On or near Bankview Close,E01031434,Arun 014C,Other theft,Investigation complete; no suspect identified,
fa35083dc40de6e8b636fb1bc7c5820487ebb4d8f6fcda3daf39dc7885e897e7,2017-03,Sussex Police,Sussex Police,-0.670104,50.794141,On or near Ivy Lane,E01031434,Arun 014C,Other theft,Investigation complete; no suspect identified,
ae8ceee504a9723fbaa0777122a409ffac9dac4f20ffb48a4adc56a3f4303b05,2017-03,Sussex Police,Sussex Police,-0.668308,50.795434,On or near Brooks Lane West,E01031434,Arun 014C,Public order,Unable to prosecute suspect,
a867cf7bb87c15b708beed01713a6f2b2c4057b8509c2591b24c5f5b41a8f754,2017-03,Sussex Police,Sussex Police,-0.670390,50.795071,On or near Falklands Close,E01031434,Arun 014C,Theft from the person,Investigation complete; no suspect identified,
5a3a52ed5959c641b796702febdff97cd7ac70ea8dbf3ad81f91ec6bbdaa1d8b,2017-03,Sussex Police,Sussex Police,-0.667346,50.795342,On or near Stanford Close,E01031434,Arun 014C,Vehicle crime,Investigation complete; no suspect identified,
05a0ff6c358dca4f5453084e2b298a322b2c81220a721f8d40280aa983549ec6,2017-03,Sussex Police,Sussex Police,-0.671677,50.794708,On or near Pedestrian Subway,E01031434,Arun 014C,Violence and sexual offences,Unable to prosecute suspect,
14c36b4465e820ff32c3a5a2d970581a98caa62a9db2888c2769fa2321e8b8d6,2017-03,Sussex Police,Sussex Police,-0.671791,50.789205,On or near Police Station,E01031434,Arun 014C,Violence and sexual offences,Unable to prosecute suspect,
d56b49e7fdac9dc8d801bc4be94acb7a18b56b1eea525bde9dbbfb656ee0001d,2017-03,Sussex Police,Sussex Police,-0.673027,50.791639,On or near Bankview Close,E01031434,Arun 014C,Violence and sexual offences,Unable to prosecute suspect,
,2017-03,Sussex Police,Sussex Police,-0.676178,50.798104,On or near Chestnut Grove,E01031441,Arun 014D,Anti-social behaviour,,
,2017-03,Sussex Police,Sussex Police,-0.673710,50.794056,On or near Bersted Street,E01031441,Arun 014D,Anti-social behaviour,,
,2017-03,Sussex Police,Sussex Police,-0.680426,50.796929,On or near Sandymount Close,E01031441,Arun 014D,Anti-social behaviour,,
,2017-03,Sussex Police,Sussex Police,-0.677501,50.793974,On or near Somerset Gardens,E01031441,Arun 014D,Anti-social behaviour,,
af30c232676dad5a57877086fb21677a4acc3824acd69f113c5fea40c8542044,2017-03,Sussex Police,Sussex Police,-0.679222,50.799353,On or near Oak Close,E01031441,Arun 014D,Bicycle theft,Investigation complete; no suspect identified,
ab70b72de7a28a9f26f8df6aba81cf2cde2750e256bdaada8a158d1243c59092,2017-03,Sussex Police,Sussex Police,-0.672884,50.798193,On or near Durban Road,E01031441,Arun 014D,Bicycle theft,Offender given conditional discharge,
162b3370afd18e80f37f1b888650006958535ee9267bc39c2fbcb585b0bdae51,2017-03,Sussex Police,Sussex Police,-0.673710,50.794056,On or near Bersted Street,E01031441,Arun 014D,Other theft,Investigation complete; no suspect identified,
cb6e1834f1266c04c755e2ba5dbca31b82bed59970f075af8201cef8242a019a,2017-03,Sussex Police,Sussex Police,-0.671768,50.796525,On or near Christie Place,E01031441,Arun 014D,Other theft,Investigation complete; no suspect identified,
151be3908c998550104b46d24f26ddf69587a02f7077fc5c16dc6d76a9fb8ec9,2017-03,Sussex Police,Sussex Police,-0.671768,50.796525,On or near Christie Place,E01031441,Arun 014D,Other theft,Investigation complete; no suspect identified,
41df543791121112d1a313a78a07c08949b4404c9aba29cf9da7e28a58198420,2017-03,Sussex Police,Sussex Police,-0.677501,50.793974,On or near Somerset Gardens,E01031441,Arun 014D,Public order,Investigation complete; no suspect identified,
a90a07a08b90f51fd74fcd7b86d222e51ea6c043722c1d5d2c7577909c4925d5,2017-03,Sussex Police,Sussex Police,-0.671768,50.796525,On or near Christie Place,E01031441,Arun 014D,Shoplifting,Awaiting court outcome,
2efbfda8c71757b3e126ac0512b174cd411b329aaa7f4a609d2eaf3abf01766d,2017-03,Sussex Police,Sussex Police,-0.671768,50.796525,On or near Christie Place,E01031441,Arun 014D,Shoplifting,Local resolution,
d1c91809bad40a01232c2f2baa524716bf46cc1bffd8440f8cb66fa522575a3c,2017-03,Sussex Police,Sussex Police,-0.680426,50.796929,On or near Sandymount Close,E01031441,Arun 014D,Vehicle crime,Investigation complete; no suspect identified,
6cf1c0beccd2fb94058a318536b764ae3e6da93f4021e0bc4e58df16e311e61f,2017-03,Sussex Police,Sussex Police,-0.680426,50.796929,On or near Sandymount Close,E01031441,Arun 014D,Vehicle crime,Investigation complete; no suspect identified,
59328c554ec4a0c83a12afc66bd8f5745ee92135e15412b55bf975493fcb7cde,2017-03,Sussex Police,Sussex Police,-0.676178,50.798104,On or near Chestnut Grove,E01031441,Arun 014D,Violence and sexual offences,Unable to prosecute suspect,
20a1f6e1c231881a15728bdd03138f696e3bfc406f54211ef4490be164499ead,2017-03,Sussex Police,Sussex Police,-0.674978,50.798388,On or near Ash Grove,E01031441,Arun 014D,Violence and sexual offences,Unable to prosecute suspect,
5a4224fab572b454f0d30641e58bc90d86b6b6e2e0aa42995c209444148d491a,2017-03,Sussex Police,Sussex Police,-0.671768,50.796525,On or near Christie Place,E01031441,Arun 014D,Violence and sexual offences,Court result unavailable,
f60de6007423903c9197a8864e3d92785be08ecff4b51f979ee0630d0fdf8942,2017-03,Sussex Police,Sussex Police,-0.677501,50.793974,On or near Somerset Gardens,E01031441,Arun 014D,Violence and sexual offences,Further investigation is not in the public interest,
1f7cd4ff65a47e199a58d88ee73a61e5bc8ee5f8d5f189497c9054cd4ca82ea7,2017-03,Sussex Police,Sussex Police,-0.671768,50.796525,On or near Christie Place,E01031441,Arun 014D,Violence and sexual offences,Awaiting court outcome,
f52403cfb6c0e13de427fd10570192749ad9280da86a0e7a3f94e3f08c39283b,2017-03,Sussex Police,Sussex Police,-0.677416,50.797993,On or near Corbishley Road,E01031441,Arun 014D,Violence and sexual offences,Unable to prosecute suspect,
2de75299b46ad7ca72c555fc9ae985c610d3952741c90e296e3f61fae9effcfa,2017-03,Sussex Police,Sussex Police,-0.671768,50.796525,On or near Christie Place,E01031441,Arun 014D,Violence and sexual offences,Offender given community sentence,
642ae7b483aa535a27ece73c8ad6d088aaf025b0402d46c77042268862ac09bd,2017-03,Sussex Police,Sussex Police,-0.671768,50.796525,On or near Christie Place,E01031441,Arun 014D,Violence and sexual offences,Unable to prosecute suspect,
2c2641e736ecda2ccdec8aef6c31ba7fd7f5434b88695a1dee935822b492306b,2017-03,Sussex Police,Sussex Police,-0.677501,50.793974,On or near Somerset Gardens,E01031441,Arun 014D,Violence and sexual offences,Further investigation is not in the public interest,
04b6a3725ae4b56ec7cfff7de370128890908d1e736303f39229da6f916da071,2017-03,Sussex Police,Sussex Police,-0.672884,50.798193,On or near Durban Road,E01031441,Arun 014D,Other crime,Unable to prosecute suspect,
,2017-03,Sussex Police,Sussex Police,-0.681963,50.794735,On or near Chichester Road,E01031442,Arun 014E,Anti-social behaviour,,
90d179e8585644df01bf63c1f1b086cac3488228f92323459163b2d7f4672496,2017-03,Sussex Police,Sussex Police,-0.681963,50.794735,On or near Chichester Road,E01031442,Arun 014E,Burglary,Investigation complete; no suspect identified,
68844a3671363723e7e76cf6fbf18b5f10506a3ea7be668f0e24024a27e811e0,2017-03,Sussex Police,Sussex Police,-0.681963,50.794735,On or near Chichester Road,E01031442,Arun 014E,Other theft,Unable to prosecute suspect,
e26c1f7d47b18f0ea2a2f8b355d80cc4ea8fafb7d0c1d494612b5eea0aabbf83,2017-03,Sussex Police,Sussex Police,-0.679953,50.791052,On or near Halson Close,E01031442,Arun 014E,Public order,Investigation complete; no suspect identified,
d37d625af73c82f573f16936902398e943ff9c1c1a16c4d77bf6c96be8fbe7d9,2017-03,Sussex Police,Sussex Police,-0.681711,50.792600,On or near Supermarket,E01031442,Arun 014E,Other crime,Investigation complete; no suspect identified,
,2017-03,Sussex Police,Sussex Police,-0.640914,50.788391,On or near Second Avenue,E01031416,Arun 015A,Anti-social behaviour,,
9d783e415340c3656d7bff0beb1bd131b1e39c7e950792729a01316042ff0783,2017-03,Sussex Police,Sussex Police,-0.639776,50.793387,On or near Clovelly Avenue,E01031416,Arun 015A,Public order,Unable to prosecute suspect,
10c587779a50c9febfc3fb16578c752d878d720c5976262ca1f2f0c79c1c495f,2017-03,Sussex Police,Sussex Police,-0.636951,50.793453,On or near Triton Place,E01031416,Arun 015A,Shoplifting,Investigation complete; no suspect identified,
f4f862fdb5efbd6e919a36cbdd6d370e22763179ef386295a58f03bf34ff847f,2017-03,Sussex Police,Sussex Police,-0.636951,50.793453,On or near Triton Place,E01031416,Arun 015A,Shoplifting,Unable to prosecute suspect,
210cd5820c09ed4fe9831f48c218e27fb5b49e8265b785f31d85ea578c3e5b13,2017-03,Sussex Police,Sussex Police,-0.635686,50.788636,On or near Jacken Close,E01031416,Arun 015A,Vehicle crime,Investigation complete; no suspect identified,
c2b43ffa51f3a75d87d4ca2b11076581689995be22c6de8d92c51c921d1be613,2017-03,Sussex Police,Sussex Police,-0.627875,50.791350,On or near Leinster Gardens,E01031416,Arun 015A,Violence and sexual offences,Unable to prosecute suspect,
,2017-03,Sussex Police,Sussex Police,-0.641057,50.793240,On or near Felpham Gardens,E01031418,Arun 015B,Anti-social behaviour,,
,2017-03,Sussex Police,Sussex Police,-0.640111,50.797977,On or near Norman'S Drive,E01031418,Arun 015B,Anti-social behaviour,,
,2017-03,Sussex Police,Sussex Police,-0.628915,50.796048,On or near Priestley Way,E01031418,Arun 015B,Anti-social behaviour,,
,2017-03,Sussex Police,Sussex Police,-0.635779,50.796182,On or near Flansham Mews,E01031418,Arun 015B,Anti-social behaviour,,
867bebf7591bc66eb109aa0956cd7d55e77e0ffefa1d54fc048f227d259975f0,2017-03,Sussex Police,Sussex Police,-0.639005,50.797461,On or near Roundle Avenue,E01031418,Arun 015B,Criminal damage and arson,Investigation complete; no suspect identified,
29388177f549cdf7bd6facea9c441356edb823fd946b8b1074c3ab30088d7a02,2017-03,Sussex Police,Sussex Police,-0.642292,50.793713,On or near Petrol Station,E01031418,Arun 015B,Public order,Investigation complete; no suspect identified,
94c9d886bd441a1d0d210c86980cf2d82f46f8c698927103fef0a25b96d9bdce,2017-03,Sussex Police,Sussex Police,-0.643158,50.794694,On or near Firs Avenue,E01031418,Arun 015B,Vehicle crime,Unable to prosecute suspect,
b61190e9cb626401e3459b24c42771caa0240e42b05c752711c5700bd31f4af2,2017-03,Sussex Police,Sussex Police,-0.635779,50.796182,On or near Flansham Mews,E01031418,Arun 015B,Violence and sexual offences,Further investigation is not in the public interest,
418496b60222143d787eddf29d46134ab38d0c29f5505d5d99748b91dd7396dd,2017-03,Sussex Police,Sussex Police,-0.640111,50.797977,On or near Norman'S Drive,E01031418,Arun 015B,Violence and sexual offences,Unable to prosecute suspect,
0b87ab795d1ef2b37bb93569cf6a4033328a8889386c73371bbe3e3b8ca1a1b5,2017-03,Sussex Police,Sussex Police,-0.655992,50.789987,On or near Parking Area,E01031419,Arun 015C,Burglary,Investigation complete; no suspect identified,
7d63962868eaed7e4c5efde2812bfe4b5a86da110843bd7d8e8405f502789055,2017-03,Sussex Police,Sussex Police,-0.647486,50.791732,On or near Monterey Pines,E01031419,Arun 015C,Burglary,Investigation complete; no suspect identified,
10f8e76daa3b5138f3337067dd661aa8188e14240af56430655e8b9fd6de848b,2017-03,Sussex Police,Sussex Police,-0.652667,50.789157,On or near Vicarage Lane,E01031419,Arun 015C,Public order,Investigation complete; no suspect identified,
c6195f02097c87214056a50a2d0ea53eee86aa8ba08291658e1989b88033aaf5,2017-03,Sussex Police,Sussex Police,-0.656128,50.785240,On or near Outram Road,E01031419,Arun 015C,Public order,Unable to prosecute suspect,
25af374220097ebbc778f96362d984f4c42a0ba4dfb320bdaa4056b3bca61a2a,2017-03,Sussex Police,Sussex Police,-0.644354,50.797002,On or near Derwent Grove,E01031420,Arun 015D,Vehicle crime,Investigation complete; no suspect identified,
8e3cdee1aad7b46e39984d4ecb6eac897bf95855bed7ec4071479c3729eb71d4,2017-03,Sussex Police,Sussex Police,-0.646383,50.787663,On or near Davenport Road,E01031420,Arun 015D,Vehicle crime,Investigation complete; no suspect identified,
8952af8912b90509e389a8b92164923f94072dee70089c74e8ec6cbc84dbcb52,2017-03,Sussex Police,Sussex Police,-0.646009,50.794224,On or near Haywards Close,E01031420,Arun 015D,Vehicle crime,Investigation complete; no suspect identified,
c7c8049671f76b9b01d0a4a6b9ca52c53d4b4d11b536d56efdef6a518163d6a0,2017-03,Sussex Police,Sussex Police,-0.646955,50.796348,On or near Outerwyke Road,E01031420,Arun 015D,Violence and sexual offences,Investigation complete; no suspect identified,
,2017-03,Sussex Police,Sussex Police,-0.646526,50.797953,On or near Lindsey Court,E01031421,Arun 015E,Anti-social behaviour,,
,2017-03,Sussex Police,Sussex Police,-0.650968,50.794947,On or near George Iv Walk,E01031421,Arun 015E,Anti-social behaviour,,
,2017-03,Sussex Police,Sussex Police,-0.646526,50.797953,On or near Lindsey Court,E01031421,Arun 015E,Anti-social behaviour,,
,2017-03,Sussex Police,Sussex Police,-0.642140,50.797506,On or near Coniston Close,E01031421,Arun 015E,Anti-social behaviour,,
,2017-03,Sussex Police,Sussex Police,-0.646526,50.797953,On or near Lindsey Court,E01031421,Arun 015E,Anti-social behaviour,,
,2017-03,Sussex Police,Sussex Police,-0.646526,50.797953,On or near Lindsey Court,E01031421,Arun 015E,Anti-social behaviour,,
80826296768e3df9091bcfc9a111811527ee255cfb20bee605d4526f5e7a4b2e,2017-03,Sussex Police,Sussex Police,-0.654266,50.795246,On or near Ranworth Close,E01031421,Arun 015E,Bicycle theft,Investigation complete; no suspect identified,
a6696abc24e6dcfe1dce6668569222080f80318381cdf34caf7bbe45f580b156,2017-03,Sussex Police,Sussex Police,-0.650429,50.793466,On or near Poulner Close,E01031421,Arun 015E,Burglary,Investigation complete; no suspect identified,
391280a74853d815f34ad880e2caa96bb55dfefeb6926cbc96539fa3a786f62b,2017-03,Sussex Police,Sussex Police,-0.653836,50.795879,On or near Wroxham Way,E01031421,Arun 015E,Burglary,Investigation complete; no suspect identified,
8d231268b737e1758759a50c5e9a9b5c18d123aa8bc4e4d12ac956795c905b9b,2017-03,Sussex Police,Sussex Police,-0.650636,50.793666,On or near Ferring Gardens,E01031421,Arun 015E,Vehicle crime,Investigation complete; no suspect identified,
e889265566ce25ab1dcd3158373b9efb1776ff9eafcdab0b4f441fcabf5d252c,2017-03,Sussex Police,Sussex Police,-0.652441,50.798498,On or near Stalham Way,E01031421,Arun 015E,Vehicle crime,Investigation complete; no suspect identified,
14207b96e56c5fd7459086fc7f99d23950430e969532f0325e43a00b45433df1,2017-03,Sussex Police,Sussex Police,-0.650429,50.793466,On or near Poulner Close,E01031421,Arun 015E,Vehicle crime,Investigation complete; no suspect identified,
53bfa52231d684b053f2d66412cf5ea492038b6352f2debd3dc53d5aec55d00e,2017-03,Sussex Police,Sussex Police,-0.650636,50.793666,On or near Ferring Gardens,E01031421,Arun 015E,Vehicle crime,Investigation complete; no suspect identified,
3b03b381b29abde3066a834a4de5fe58794c24b7719746cd75bc88db2fbf874d,2017-03,Sussex Police,Sussex Police,-0.649499,50.792259,On or near Felpham Way,E01031421,Arun 015E,Vehicle crime,Investigation complete; no suspect identified,
db3e74946c10bed2fef0507c893b7067574d69d3981b12bc36b149bce8c0bfca,2017-03,Sussex Police,Sussex Police,-0.653471,50.794283,On or near Goodwood Avenue,E01031421,Arun 015E,Vehicle crime,Investigation complete; no suspect identified,
20f0f51db6b6ab143f93c975a16209f4295e38240c30965b3effab52ca435200,2017-03,Sussex Police,Sussex Police,-0.651616,50.795620,On or near Downview Road,E01031421,Arun 015E,Violence and sexual offences,Unable to prosecute suspect,
1146d955730d151493875263aa7933444621fdcbda855dbf767d6858c777e9db,2017-03,Sussex Police,Sussex Police,-0.649499,50.792259,On or near Felpham Way,E01031421,Arun 015E,Violence and sexual offences,Investigation complete; no suspect identified,
8429ebce6b3c86111227087c3bcc68c8f947f5486e63f6aa404c114e872b2fc6,2017-03,Sussex Police,Sussex Police,-0.654266,50.795246,On or near Ranworth Close,E01031421,Arun 015E,Violence and sexual offences,Investigation complete; no suspect identified,
,2017-03,Sussex Police,Sussex Police,-0.688493,50.794134,On or near Westloats Lane,E01031443,Arun 016A,Anti-social behaviour,,
,2017-03,Sussex Police,Sussex Police,-0.687248,50.794012,On or near Sports/Recreation Area,E01031443,Arun 016A,Anti-social behaviour,,
,2017-03,Sussex Police,Sussex Police,-0.686767,50.793440,On or near Hampshire Avenue,E01031443,Arun 016A,Anti-social behaviour,,
,2017-03,Sussex Police,Sussex Police,-0.688493,50.794134,On or near Westloats Lane,E01031443,Arun 016A,Anti-social behaviour,,
,2017-03,Sussex Police,Sussex Police,-0.690061,50.794889,On or near Hatherleigh Close,E01031443,Arun 016A,Anti-social behaviour,,
,2017-03,Sussex Police,Sussex Police,-0.686767,50.793440,On or near Hampshire Avenue,E01031443,Arun 016A,Anti-social behaviour,,
,2017-03,Sussex Police,Sussex Police,-0.685353,50.792273,On or near Brickfield Close,E01031443,Arun 016A,Anti-social behaviour,,
,2017-03,Sussex Police,Sussex Police,-0.683580,50.793764,On or near Sports/Recreation Area,E01031443,Arun 016A,Anti-social behaviour,,
,2017-03,Sussex Police,Sussex Police,-0.685353,50.792273,On or near Brickfield Close,E01031443,Arun 016A,Anti-social behaviour,,
,2017-03,Sussex Police,Sussex Police,-0.690061,50.794889,On or near Hatherleigh Close,E01031443,Arun 016A,Anti-social behaviour,,
,2017-03,Sussex Police,Sussex Police,-0.690061,50.794889,On or near Hatherleigh Close,E01031443,Arun 016A,Anti-social behaviour,,
314debb36f9ae872f2767767ba22f4e694fcf6ed6917e287761230623cfd9de9,2017-03,Sussex Police,Sussex Police,-0.682996,50.795861,On or near Sandymount Avenue,E01031443,Arun 016A,Criminal damage and arson,Unable to prosecute suspect,
70df7a7b289ad9b294f82b47e776562b7cf354c6b4cb821d6d25b0c830ffd44d,2017-03,Sussex Police,Sussex Police,-0.682996,50.795861,On or near Sandymount Avenue,E01031443,Arun 016A,Drugs,Offender given a caution,
efcad855ebb9b4cbff477c82d894e9b6e24af711bb78bcd39bf361c3defdf1ed,2017-03,Sussex Police,Sussex Police,-0.690744,50.796866,On or near Central Avenue,E01031443,Arun 016A,Other theft,Status update unavailable,
a70b23b4b1e91610b52c498db55dde7cd61c7727848218345d4e9e88a019de2a,2017-03,Sussex Police,Sussex Police,-0.685353,50.792273,On or near Brickfield Close,E01031443,Arun 016A,Violence and sexual offences,Further investigation is not in the public interest,
,2017-03,Sussex Police,Sussex Police,-0.675813,50.788927,On or near Longford Road,E01031444,Arun 016B,Anti-social behaviour,,
,2017-03,Sussex Police,Sussex Police,-0.675813,50.788927,On or near Longford Road,E01031444,Arun 016B,Anti-social behaviour,,
,2017-03,Sussex Police,Sussex Police,-0.677574,50.787877,On or near Clifton Road,E01031444,Arun 016B,Anti-social behaviour,,
,2017-03,Sussex Police,Sussex Police,-0.680547,50.788594,On or near Linden Road,E01031444,Arun 016B,Anti-social behaviour,,
,2017-03,Sussex Police,Sussex Police,-0.678232,50.790187,On or near Oakwood Gardens,E01031444,Arun 016B,Anti-social behaviour,,
3bb93de60db79366c633f58bcf42f910ea2f1b6e0e446619938901bddc264a1e,2017-03,Sussex Police,Sussex Police,-0.680547,50.788594,On or near Linden Road,E01031444,Arun 016B,Criminal damage and arson,Investigation complete; no suspect identified,
f4378ad7e2d65382ac4134abc31ab98ad52b31e52d5f1d09d360c77d2ae2fc56,2017-03,Sussex Police,Sussex Police,-0.677550,50.788740,On or near Havelock Road,E01031444,Arun 016B,Drugs,Unable to prosecute suspect,
7a4cc7bc686acc4d3e9dda54fde4b8b8bb7ac53dca916677d0ccfce1721dbb26,2017-03,Sussex Police,Sussex Police,-0.676993,50.788365,On or near Beatty Road,E01031444,Arun 016B,Other theft,Investigation complete; no suspect identified,
3eaefba1158abb503107b741475975d37c05962265a0b7a1cb230d1ffa1b5375,2017-03,Sussex Police,Sussex Police,-0.678232,50.790187,On or near Oakwood Gardens,E01031444,Arun 016B,Other theft,Investigation complete; no suspect identified,
e6d49dc458195c8a9e904f55720901299c03141a895295c51e6e4aaad261ef01,2017-03,Sussex Police,Sussex Police,-0.676993,50.788365,On or near Beatty Road,E01031444,Arun 016B,Vehicle crime,Investigation complete; no suspect identified,
fb843a9b638e15648a86805fb9116383ea9a03db22aec589fcb9ed2720135ce4,2017-03,Sussex Police,Sussex Police,-0.677550,50.788740,On or near Havelock Road,E01031444,Arun 016B,Vehicle crime,Offender given community sentence,
492c4a8cc14b3288fcaca98c245145f749221624f426a39a4c527aca0ee3884e,2017-03,Sussex Police,Sussex Police,-0.680547,50.788594,On or near Linden Road,E01031444,Arun 016B,Violence and sexual offences,Further investigation is not in the public interest,
257b2303b35335ab77da56b3f374cbfdf3b65892044511126be56f1e0e5bdb6b,2017-03,Sussex Police,Sussex Police,-0.680547,50.788594,On or near Linden Road,E01031444,Arun 016B,Violence and sexual offences,Investigation complete; no suspect identified,
5dd93f2af07f217a0a450ce88821e44a9974283d8b56a340808f7ff81d0ac233,2017-03,Sussex Police,Sussex Police,-0.676966,50.789795,On or near Annandale Avenue,E01031444,Arun 016B,Violence and sexual offences,Offender sent to prison,
,2017-03,Sussex Police,Sussex Police,-0.689196,50.792856,On or near Westloats Gardens,E01031450,Arun 016C,Anti-social behaviour,,
,2017-03,Sussex Police,Sussex Police,-0.686246,50.791779,On or near Wadhurst Close,E01031450,Arun 016C,Anti-social behaviour,,
,2017-03,Sussex Police,Sussex Police,-0.686659,50.789185,On or near Hawthorn Road,E01031450,Arun 016C,Anti-social behaviour,,
,2017-03,Sussex Police,Sussex Police,-0.689196,50.792856,On or near Westloats Gardens,E01031450,Arun 016C,Anti-social behaviour,,
,2017-03,Sussex Police,Sussex Police,-0.689196,50.792856,On or near Westloats Gardens,E01031450,Arun 016C,Anti-social behaviour,,
79a405c195615a93416373b4bd55fa5f731bc462aeb26c1eea279245a64e8aee,2017-03,Sussex Police,Sussex Police,-0.687688,50.792991,On or near Collyer Avenue,E01031450,Arun 016C,Drugs,Offender fined,
6a69a92a33421df24c77b7c72173325d1590179a6d7580cbc005118d93633b3c,2017-03,Sussex Police,Sussex Police,-0.687688,50.792991,On or near Collyer Avenue,E01031450,Arun 016C,Possession of weapons,Awaiting court outcome,
339473081126b651cd746968f7b579e3d36f6efe5fdd07b6f0fecd124845dc7c,2017-03,Sussex Police,Sussex Police,-0.686659,50.789185,On or near Hawthorn Road,E01031450,Arun 016C,Shoplifting,Investigation complete; no suspect identified,
eda0560cec4b31c0d40de81b528f214d9508dd543cf85bafe70c028b82035820,2017-03,Sussex Police,Sussex Police,-0.686659,50.789185,On or near Hawthorn Road,E01031450,Arun 016C,Vehicle crime,Awaiting court outcome,
a2bcca2d2e5fe0a602b270417fdc412813cea3470ac0130c099a08ba2da0c47b,2017-03,Sussex Police,Sussex Police,-0.686246,50.791779,On or near Wadhurst Close,E01031450,Arun 016C,Vehicle crime,Investigation complete; no suspect identified,
5e6dce2c141dcde4a183f57f46227e7d9e9c7e0c1c637323930e9bd11572004d,2017-03,Sussex Police,Sussex Police,-0.686659,50.789185,On or near Hawthorn Road,E01031450,Arun 016C,Violence and sexual offences,Unable to prosecute suspect,
bd99e154ca692b6e860e6f1fb7be102aa7f03b44c076fb9f5a626c96bb824369,2017-03,Sussex Police,Sussex Police,-0.689196,50.792856,On or near Westloats Gardens,E01031450,Arun 016C,Other crime,Unable to prosecute suspect,
,2017-03,Sussex Police,Sussex Police,-0.694111,50.792128,On or near Sports/Recreation Area,E01031451,Arun 016D,Anti-social behaviour,,
,2017-03,Sussex Police,Sussex Police,-0.693896,50.788628,On or near Brent Road,E01031451,Arun 016D,Anti-social behaviour,,
,2017-03,Sussex Police,Sussex Police,-0.693896,50.788628,On or near Brent Road,E01031451,Arun 016D,Anti-social behaviour,,
,2017-03,Sussex Police,Sussex Police,-0.693900,50.791056,On or near Pevensey Road,E01031451,Arun 016D,Anti-social behaviour,,
a24e280e7c0e1fc4b636d0c56c519d4386dd7228dcfd58eb97b303133432691f,2017-03,Sussex Police,Sussex Police,-0.691467,50.791784,On or near Frith Road,E01031451,Arun 016D,Bicycle theft,Investigation complete; no suspect identified,
694320f8705fad7f212f64204092c8ba1a3f58a02aca523649c66c3c47b971e4,2017-03,Sussex Police,Sussex Police,-0.699169,50.791888,On or near Hampton Court,E01031451,Arun 016D,Burglary,Investigation complete; no suspect identified,
3f41542d1a882fb63a991dd51c9219fbeffb625e6c8629494eeee8df76075733,2017-03,Sussex Police,Sussex Police,-0.694111,50.792128,On or near Sports/Recreation Area,E01031451,Arun 016D,Public order,Unable to prosecute suspect,
b448d487ffbe192254ab19e991c29515aa0d0a63e1f1a8902ac026b47f5cd9f7,2017-03,Sussex Police,Sussex Police,-0.691467,50.791784,On or near Frith Road,E01031451,Arun 016D,Public order,Unable to prosecute suspect,
05d036d9718250c0a5c992eab08d97e8b75e5e9cabb5bf4d743f8cb852b99c27,2017-03,Sussex Police,Sussex Police,-0.694111,50.792128,On or near Sports/Recreation Area,E01031451,Arun 016D,Public order,Defendant found not guilty,
7f1fd5a4de80f3fc8e990f003cf42b9e3f371b45c45077a9438db73a96ef21e9,2017-03,Sussex Police,Sussex Police,-0.694111,50.792128,On or near Sports/Recreation Area,E01031451,Arun 016D,Public order,Investigation complete; no suspect identified,
4388d1b3adeadf77d459e0c4ffc4309dbaa38dd21f05c4b21d8815a75bd3a6f2,2017-03,Sussex Police,Sussex Police,-0.693896,50.788628,On or near Brent Road,E01031451,Arun 016D,Public order,Formal action is not in the public interest,
da71d55b422c1b30644f7b09e9f98d659573cfee835509ca8e1857a4d6462b16,2017-03,Sussex Police,Sussex Police,-0.694111,50.792128,On or near Sports/Recreation Area,E01031451,Arun 016D,Public order,Defendant found not guilty,
08869f6d161db1c0e511ba895ea10fba8442a780ab2504f1ea2eccfead0443a6,2017-03,Sussex Police,Sussex Police,-0.699593,50.792441,On or near Runnymede Court,E01031451,Arun 016D,Public order,Investigation complete; no suspect identified,
92a99875f1329c87b56fe010d84bd6d8d33beb6d0b4592d5ea92c5f19103b9e1,2017-03,Sussex Police,Sussex Police,-0.691467,50.791784,On or near Frith Road,E01031451,Arun 016D,Violence and sexual offences,Local resolution,
312f6644b90ea9bc33c9d8da5855475656a70e203a88647c77340f25b5d18836,2017-03,Sussex Police,Sussex Police,-0.694111,50.792128,On or near Sports/Recreation Area,E01031451,Arun 016D,Violence and sexual offences,Local resolution,
fc7c681e2e67e20f33eaf53fee85db7bcf24461de2f9b4a7f7c9651d4c3db2cf,2017-03,Sussex Police,Sussex Police,-0.694111,50.792128,On or near Sports/Recreation Area,E01031451,Arun 016D,Violence and sexual offences,Unable to prosecute suspect,
,2017-03,Sussex Police,Sussex Police,-0.690517,50.790253,On or near Northcote Road,E01031452,Arun 016E,Anti-social behaviour,,
,2017-03,Sussex Police,Sussex Police,-0.683822,50.789674,On or near Highland Avenue,E01031452,Arun 016E,Anti-social behaviour,,
,2017-03,Sussex Police,Sussex Police,-0.690889,50.791166,On or near Ivydale Road,E01031452,Arun 016E,Anti-social behaviour,,
8b702c07b8ab4137fb158d9ea615e5a02cd0ce31f8b35d24b17153b74bb7bfac,2017-03,Sussex Police,Sussex Police,-0.689159,50.790121,On or near Mayfield Road,E01031452,Arun 016E,Bicycle theft,Investigation complete; no suspect identified,
d6f46e1f15d3e3af03e32b15d2210fcbc2be4f3fa9c998299facf0e5b4a385bb,2017-03,Sussex Police,Sussex Police,-0.689836,50.789742,On or near Waverley Road,E01031452,Arun 016E,Burglary,Investigation complete; no suspect identified,
c9eac0e1e7d180c851f45bad401d2664412200d34ade403168bacb6a7432dc42,2017-03,Sussex Police,Sussex Police,-0.689159,50.790121,On or near Mayfield Road,E01031452,Arun 016E,Drugs,Status update unavailable,
5e4bd848c3b3d7292a5132df9b2c1770c986f8bd991607ac8ead97f51ce39379,2017-03,Sussex Police,Sussex Police,-0.689159,50.790121,On or near Mayfield Road,E01031452,Arun 016E,Other theft,Unable to prosecute suspect,
04d84f301b5b2faee157ffffdae078d73c14bcd2deffc3d9a6ac72285b707c92,2017-03,Sussex Police,Sussex Police,-0.689159,50.790121,On or near Mayfield Road,E01031452,Arun 016E,Public order,Investigation complete; no suspect identified,
487c687e1021c49bfbe4d0741584c4a5bcf9d1344a5bf9da0495c8dc4c5cecbd,2017-03,Sussex Police,Sussex Police,-0.683822,50.789674,On or near Highland Avenue,E01031452,Arun 016E,Robbery,Unable to prosecute suspect,
0daf0216f0d48e35a0b03849ec947588b727acc6e543fd1bf8b5879d24bc7aa8,2017-03,Sussex Police,Sussex Police,-0.688380,50.788035,On or near Sports/Recreation Area,E01031452,Arun 016E,Robbery,Further investigation is not in the public interest,
cbbbcdde7efd5b6d11af9ad4c2b21858885f74c6005063aa135d3f45dae73087,2017-03,Sussex Police,Sussex Police,-0.682462,50.788598,On or near Parklands Avenue,E01031452,Arun 016E,Vehicle crime,Investigation complete; no suspect identified,
7b2b16a30f6438dfb89d761d931143f4b6c98c79175d77eab7dce57f3e93a2a5,2017-03,Sussex Police,Sussex Police,-0.682462,50.788598,On or near Parklands Avenue,E01031452,Arun 016E,Vehicle crime,Investigation complete; no suspect identified,
,2017-03,Sussex Police,Sussex Police,-0.670148,50.784600,On or near High Street,E01031431,Arun 017A,Anti-social behaviour,,
,2017-03,Sussex Police,Sussex Police,-0.665342,50.787990,On or near Upper Bognor Road,E01031431,Arun 017A,Anti-social behaviour,,
c34b9c45bae50d6efcd8d4eefecc6c3d3b4ae06df92d524eb53b560e1bae742a,2017-03,Sussex Police,Sussex Police,-0.668672,50.789107,On or near Upper Bognor Road,E01031431,Arun 017A,Burglary,Offender given a caution,
da65ae4f3b1d61f381dc8a59b9224cee911f2cbdf63eebc35e8e1906c4cee4d4,2017-03,Sussex Police,Sussex Police,-0.668672,50.789107,On or near Upper Bognor Road,E01031431,Arun 017A,Burglary,Offender given a caution,
79c2262dd81b5aa4a23654210cf7e9ce1cfac57d2967c0070bcbed08d138ad0c,2017-03,Sussex Police,Sussex Police,-0.670148,50.784600,On or near High Street,E01031431,Arun 017A,Drugs,Offender given a drugs possession warning,
77380b782d28c577ba2d0216838c3c7ca6f92fd863499a4397d39e5b305f2e77,2017-03,Sussex Police,Sussex Police,-0.660401,50.787106,On or near Theme/Adventure Park,E01031431,Arun 017A,Other theft,Investigation complete; no suspect identified,
add1f8d343a9555483a2e8522bcc2dc9ef4a36f098ced0298362bf8b844bfbc4,2017-03,Sussex Police,Sussex Police,-0.660401,50.787106,On or near Theme/Adventure Park,E01031431,Arun 017A,Other theft,Investigation complete; no suspect identified,
8703e53714cacf919acaf787ef0fdd52acacd05ca70769a258fbb02570ad8475,2017-03,Sussex Police,Sussex Police,-0.660401,50.787106,On or near Theme/Adventure Park,E01031431,Arun 017A,Public order,Offender ordered to pay compensation,
03a60f2772ecfccf99fae0cf2f3605426fc8f1793e6f691bfa083f2fe525d66c,2017-03,Sussex Police,Sussex Police,-0.660401,50.787106,On or near Theme/Adventure Park,E01031431,Arun 017A,Public order,Investigation complete; no suspect identified,
69aa5f41e64e0b85e0ca170d83bd5a8ca63fa08a9173330968b321651c1ad30c,2017-03,Sussex Police,Sussex Police,-0.670148,50.784600,On or near High Street,E01031431,Arun 017A,Public order,Offender given community sentence,
4db097c067262c7378b127c619e60b25471f7ea7e3acc0ef3c63e672b2e0e0fa,2017-03,Sussex Police,Sussex Police,-0.669079,50.783788,On or near Albert Road,E01031431,Arun 017A,Vehicle crime,Investigation complete; no suspect identified,
e25b0a57c391e02ff314651fc0ddadd2708fecdd11b582dc6d562774ae139f39,2017-03,Sussex Police,Sussex Police,-0.668004,50.785646,On or near Regis Court,E01031431,Arun 017A,Vehicle crime,Investigation complete; no suspect identified,
64601449d117ce6db8e67a8b0e98e566ed19b8e9934908fd282dc22e55dcef47,2017-03,Sussex Police,Sussex Police,-0.660401,50.787106,On or near Theme/Adventure Park,E01031431,Arun 017A,Violence and sexual offences,Unable to prosecute suspect,
5af899817d736b0df495ccc30e09d3dc0df7a918f974caaa088cc0ea2eb702f7,2017-03,Sussex Police,Sussex Police,-0.662250,50.785967,On or near Theme/Adventure Park,E01031431,Arun 017A,Violence and sexual offences,Awaiting court outcome,
ce5ce90cde47ad9c77c81d82a9b77f5ee17d11cefc04d03545b7eb0f2fb88918,2017-03,Sussex Police,Sussex Police,-0.669934,50.786127,On or near Sports/Recreation Area,E01031431,Arun 017A,Violence and sexual offences,Offender given a caution,
979a4166e2481d27a5c0ca42acbdaffd0d63a6b66991bf5deb58d83924651d48,2017-03,Sussex Police,Sussex Police,-0.660401,50.787106,On or near Theme/Adventure Park,E01031431,Arun 017A,Violence and sexual offences,Unable to prosecute suspect,
67df29788912604159e013b4963c7fa8ddf5c17fe92c5c58c5bbffd78e2932b8,2017-03,Sussex Police,Sussex Police,-0.670148,50.784600,On or near High Street,E01031431,Arun 017A,Violence and sexual offences,Further investigation is not in the public interest,
c82158812a915ef5f2e9e18d6290a94183141fff40324e6448d5483b5aebdab9,2017-03,Sussex Police,Sussex Police,-0.666624,50.784299,On or near Gloucester Road,E01031431,Arun 017A,Other crime,Unable to prosecute suspect,
,2017-03,Sussex Police,Sussex Police,-0.672379,50.786478,On or near Queen'S Square,E01031432,Arun 017B,Anti-social behaviour,,
,2017-03,Sussex Police,Sussex Police,-0.670451,50.789406,On or near Pedestrian Subway,E01031432,Arun 017B,Anti-social behaviour,,
,2017-03,Sussex Police,Sussex Police,-0.674917,50.786498,On or near Lyon Street West,E01031432,Arun 017B,Anti-social behaviour,,
,2017-03,Sussex Police,Sussex Police,-0.672379,50.786478,On or near Queen'S Square,E01031432,Arun 017B,Anti-social behaviour,,
,2017-03,Sussex Police,Sussex Police,-0.671438,50.783635,On or near Sussex Street,E01031432,Arun 017B,Anti-social behaviour,,
,2017-03,Sussex Police,Sussex Police,-0.673220,50.787828,On or near London Road,E01031432,Arun 017B,Anti-social behaviour,,
,2017-03,Sussex Police,Sussex Police,-0.671255,50.786573,On or near Glamis Court,E01031432,Arun 017B,Anti-social behaviour,,
,2017-03,Sussex Police,Sussex Police,-0.674917,50.786498,On or near Lyon Street West,E01031432,Arun 017B,Anti-social behaviour,,
,2017-03,Sussex Police,Sussex Police,-0.669998,50.785381,On or near Den Avenue,E01031432,Arun 017B,Anti-social behaviour,,
,2017-03,Sussex Police,Sussex Police,-0.670094,50.783502,On or near Clarence Road,E01031432,Arun 017B,Anti-social behaviour,,
,2017-03,Sussex Police,Sussex Police,-0.675687,50.786354,On or near Richmond Road,E01031432,Arun 017B,Anti-social behaviour,,
,2017-03,Sussex Police,Sussex Police,-0.672006,50.784091,On or near Further/Higher Educational Building,E01031432,Arun 017B,Anti-social behaviour,,
,2017-03,Sussex Police,Sussex Police,-0.672006,50.784091,On or near Further/Higher Educational Building,E01031432,Arun 017B,Anti-social behaviour,,
,2017-03,Sussex Police,Sussex Police,-0.672727,50.783182,On or near York Road,E01031432,Arun 017B,Anti-social behaviour,,
,2017-03,Sussex Police,Sussex Police,-0.673220,50.787828,On or near London Road,E01031432,Arun 017B,Anti-social behaviour,,
,2017-03,Sussex Police,Sussex Police,-0.673014,50.785065,On or near Sudley Road,E01031432,Arun 017B,Anti-social behaviour,,
,2017-03,Sussex Police,Sussex Police,-0.673014,50.785065,On or near Sudley Road,E01031432,Arun 017B,Anti-social behaviour,,
0b56880758255b254bf4b81590bbb798fd485372168b0d392160541390ebdd6b,2017-03,Sussex Police,Sussex Police,-0.674917,50.786498,On or near Lyon Street West,E01031432,Arun 017B,Bicycle theft,Investigation complete; no suspect identified,
74d0fdec2283506e8307abc9818bb7f0a77bcfe30311bc4b42ea131f0db78903,2017-03,Sussex Police,Sussex Police,-0.672727,50.783182,On or near York Road,E01031432,Arun 017B,Bicycle theft,Investigation complete; no suspect identified,
3b78e59117732c431b32f62d94b6450aa43667b8fcfe4853ed5f1b35b7b6bd71,2017-03,Sussex Police,Sussex Police,-0.670094,50.783502,On or near Clarence Road,E01031432,Arun 017B,Burglary,Investigation complete; no suspect identified,
dbc5e54114b562e998a3a5d93d5f8fbe04c6722910d207f988b1988b14aa24c6,2017-03,Sussex Police,Sussex Police,-0.672727,50.783182,On or near York Road,E01031432,Arun 017B,Burglary,Investigation complete; no suspect identified,
ebb7c8fa2d4ea860005ece8cb674d3579d6c71420e2cb872742c08d9a60606a2,2017-03,Sussex Police,Sussex Police,-0.674917,50.786498,On or near Lyon Street West,E01031432,Arun 017B,Burglary,Investigation complete; no suspect identified,
ed8e9ebfe5626958bf2fd94ea7b3515b98692742b48da9fc7cd99bd50b77a4a9,2017-03,Sussex Police,Sussex Police,-0.673220,50.787828,On or near London Road,E01031432,Arun 017B,Criminal damage and arson,Investigation complete; no suspect identified,
5e87069a83e09a76b2d83d9755519ada4c3aa10cee979cd87fd6a1257156cca3,2017-03,Sussex Police,Sussex Police,-0.672727,50.783182,On or near York Road,E01031432,Arun 017B,Other theft,Status update unavailable,
28d40ddcc843d3b3ebb1842cd4ab5264790439bb7829d034943ceb992df09913,2017-03,Sussex Police,Sussex Police,-0.671255,50.786573,On or near Glamis Court,E01031432,Arun 017B,Other theft,Investigation complete; no suspect identified,
37b83d5c35c16c6a703ff753b650607193eb711472e505833063f92cc355b411,2017-03,Sussex Police,Sussex Police,-0.673317,50.789897,On or near East Lake,E01031432,Arun 017B,Other theft,Investigation complete; no suspect identified,
d442eebe2b3caa82302e82546c6f8c9284f25b9062078287522192f9eb8ac71e,2017-03,Sussex Police,Sussex Police,-0.667570,50.783465,On or near Walton Avenue,E01031432,Arun 017B,Public order,Investigation complete; no suspect identified,
615048bbf27a4bd3ade212e1724c7a2f6155dcdec8e7b5a51d7e21d318efe386,2017-03,Sussex Police,Sussex Police,-0.673220,50.787828,On or near London Road,E01031432,Arun 017B,Public order,Unable to prosecute suspect,
90a9a64830b43c9eac8ddfb839fad4c3d00b4fc696ce8d205defaa10aa4cde7d,2017-03,Sussex Police,Sussex Police,-0.672006,50.784091,On or near Further/Higher Educational Building,E01031432,Arun 017B,Public order,Investigation complete; no suspect identified,
381b2ae813413bcdb8d0b6bc86fcea633d2980211181aff82187f6b147a0b6de,2017-03,Sussex Police,Sussex Police,-0.673732,50.789281,On or near Cheshire Close,E01031432,Arun 017B,Robbery,Unable to prosecute suspect,
3449a34ca4f2ec77c00e3f3b35454311dceb7d687017fe053000620fecfb2fad,2017-03,Sussex Police,Sussex Police,-0.672379,50.786478,On or near Queen'S Square,E01031432,Arun 017B,Robbery,Unable to prosecute suspect,
da58512a4cdc1528f05cc2fc4e9e7bd62f6351ae0cdeb81dee71446386a74fd3,2017-03,Sussex Police,Sussex Police,-0.673014,50.785065,On or near Sudley Road,E01031432,Arun 017B,Shoplifting,Awaiting court outcome,
39e4e2cf66586e3b1347c863bcce272520027b057a3c5878a9daf9dba91834ff,2017-03,Sussex Police,Sussex Police,-0.673983,50.787926,On or near Spencer Street,E01031432,Arun 017B,Shoplifting,Offender given conditional discharge,
869061cdf2d066b29a929f4435c0da854ddc41ab5ccf0a1c8c8ad81cd703c261,2017-03,Sussex Police,Sussex Police,-0.673014,50.785065,On or near Sudley Road,E01031432,Arun 017B,Shoplifting,Court result unavailable,
a5bc8d75078f462a886a9f33c5c8f7a6006b08f72bb19e1df73d4d740a7dfe4a,2017-03,Sussex Police,Sussex Police,-0.673014,50.785065,On or near Sudley Road,E01031432,Arun 017B,Shoplifting,Awaiting court outcome,
cf9b521385a1f59c75d0ad6142ffe0a51d380317f656807c8aee1202363c3c63,2017-03,Sussex Police,Sussex Police,-0.673014,50.785065,On or near Sudley Road,E01031432,Arun 017B,Shoplifting,Unable to prosecute suspect,
689b1ba0b3253658420e03e0151b880fcb036dc36d79294fb4ac16ca05a54fa5,2017-03,Sussex Police,Sussex Police,-0.673014,50.785065,On or near Sudley Road,E01031432,Arun 017B,Shoplifting,Investigation complete; no suspect identified,
431d243f6e944abd2e368370f0bc2fc7549765adcf0ec3a925d3767a271f634a,2017-03,Sussex Police,Sussex Police,-0.673014,50.785065,On or near Sudley Road,E01031432,Arun 017B,Shoplifting,Further investigation is not in the public interest,
8095b65f4eeaf7f0644f94d00fe7f7e614a692c3813f2743770a0e88256c134e,2017-03,Sussex Police,Sussex Police,-0.673014,50.785065,On or near Sudley Road,E01031432,Arun 017B,Theft from the person,Investigation complete; no suspect identified,
229edd726fe3da9084600efa2b32afd3216c33b534cc0cb81f883024f377c195,2017-03,Sussex Police,Sussex Police,-0.672727,50.783182,On or near York Road,E01031432,Arun 017B,Vehicle crime,Investigation complete; no suspect identified,
293cdfaf2292a21f52f89d6366a7a7adbd040beb3abdd9a9e8baf4f5ac9a869f,2017-03,Sussex Police,Sussex Police,-0.672363,50.785516,On or near Lyon Street,E01031432,Arun 017B,Vehicle crime,Investigation complete; no suspect identified,
a8cff35d5a3e639e958311c477cdd4a7a2b050164284b3e39752ee0e9f95b08f,2017-03,Sussex Police,Sussex Police,-0.672824,50.786276,On or near William Street,E01031432,Arun 017B,Vehicle crime,Unable to prosecute suspect,
3c04b982e9fdcd73944c3d4d90455adb78b81bfbdf4f2ce99ff268295e470e98,2017-03,Sussex Police,Sussex Police,-0.672006,50.784091,On or near Further/Higher Educational Building,E01031432,Arun 017B,Violence and sexual offences,Investigation complete; no suspect identified,
6ebacbc8ada23cc87fde48044fbd0a5041d75539e8037e50a48eb44056d4b45b,2017-03,Sussex Police,Sussex Police,-0.674917,50.786498,On or near Lyon Street West,E01031432,Arun 017B,Violence and sexual offences,Investigation complete; no suspect identified,
f841f303597909a37e62fb0f2f5ac83415075bfd5f178579304fc788a1dacfb9,2017-03,Sussex Police,Sussex Police,-0.673505,50.790286,On or near Richmond Road North,E01031432,Arun 017B,Violence and sexual offences,Investigation complete; no suspect identified,
,2017-03,Sussex Police,Sussex Police,-0.689184,50.785139,On or near Nelson Road,E01031435,Arun 017C,Anti-social behaviour,,
49e805d6d44497f36c28fe838d87e5808b605773a522e17688e7288ce11f1772,2017-03,Sussex Police,Sussex Police,-0.688999,50.783150,On or near Richmond Avenue,E01031435,Arun 017C,Criminal damage and arson,Investigation complete; no suspect identified,
143d37702f7ea7e06c112e3888af72520a1da0620d67df26a9bceb7e1d611aef,2017-03,Sussex Police,Sussex Police,-0.682232,50.784180,On or near Wellington Road,E01031435,Arun 017C,Violence and sexual offences,Offender given a caution,
,2017-03,Sussex Police,Sussex Police,-0.674957,50.784601,On or near Supermarket,E01031436,Arun 017D,Anti-social behaviour,,
,2017-03,Sussex Police,Sussex Police,-0.674957,50.784601,On or near Supermarket,E01031436,Arun 017D,Anti-social behaviour,,
,2017-03,Sussex Police,Sussex Police,-0.675901,50.784315,On or near Queensway,E01031436,Arun 017D,Anti-social behaviour,,
,2017-03,Sussex Police,Sussex Police,-0.673993,50.783583,On or near John Street,E01031436,Arun 017D,Anti-social behaviour,,
,2017-03,Sussex Police,Sussex Police,-0.675800,50.782380,On or near Waterloo Square,E01031436,Arun 017D,Anti-social behaviour,,
,2017-03,Sussex Police,Sussex Police,-0.674913,50.783135,On or near Supermarket,E01031436,Arun 017D,Anti-social behaviour,,
,2017-03,Sussex Police,Sussex Police,-0.674735,50.782404,On or near Lennox Street,E01031436,Arun 017D,Anti-social behaviour,,
,2017-03,Sussex Police,Sussex Police,-0.674913,50.783135,On or near Supermarket,E01031436,Arun 017D,Anti-social behaviour,,
,2017-03,Sussex Police,Sussex Police,-0.674735,50.782404,On or near Lennox Street,E01031436,Arun 017D,Anti-social behaviour,,
,2017-03,Sussex Police,Sussex Police,-0.674735,50.782404,On or near Lennox Street,E01031436,Arun 017D,Anti-social behaviour,,
,2017-03,Sussex Police,Sussex Police,-0.674913,50.783135,On or near Supermarket,E01031436,Arun 017D,Anti-social behaviour,,
,2017-03,Sussex Police,Sussex Police,-0.674957,50.784601,On or near Supermarket,E01031436,Arun 017D,Anti-social behaviour,,
,2017-03,Sussex Police,Sussex Police,-0.674957,50.784601,On or near Supermarket,E01031436,Arun 017D,Anti-social behaviour,,
,2017-03,Sussex Police,Sussex Police,-0.674735,50.782404,On or near Lennox Street,E01031436,Arun 017D,Anti-social behaviour,,
,2017-03,Sussex Police,Sussex Police,-0.674957,50.784601,On or near Supermarket,E01031436,Arun 017D,Anti-social behaviour,,
,2017-03,Sussex Police,Sussex Police,-0.674957,50.784601,On or near Supermarket,E01031436,Arun 017D,Anti-social behaviour,,
,2017-03,Sussex Police,Sussex Police,-0.674957,50.784601,On or near Supermarket,E01031436,Arun 017D,Anti-social behaviour,,
,2017-03,Sussex Police,Sussex Police,-0.675901,50.784315,On or near Queensway,E01031436,Arun 017D,Anti-social behaviour,,
,2017-03,Sussex Police,Sussex Police,-0.677371,50.781481,On or near Manor Place,E01031436,Arun 017D,Anti-social behaviour,,
,2017-03,Sussex Police,Sussex Police,-0.675901,50.784315,On or near Queensway,E01031436,Arun 017D,Anti-social behaviour,,
,2017-03,Sussex Police,Sussex Police,-0.677718,50.783778,On or near Steyne Street,E01031436,Arun 017D,Anti-social behaviour,,
,2017-03,Sussex Police,Sussex Police,-0.679389,50.782349,On or near Bakery Lane,E01031436,Arun 017D,Anti-social behaviour,,
,2017-03,Sussex Police,Sussex Police,-0.677718,50.783778,On or near Steyne Street,E01031436,Arun 017D,Anti-social behaviour,,
,2017-03,Sussex Police,Sussex Police,-0.678389,50.785620,On or near Ockley Road,E01031436,Arun 017D,Anti-social behaviour,,
,2017-03,Sussex Police,Sussex Police,-0.674957,50.784601,On or near Supermarket,E01031436,Arun 017D,Anti-social behaviour,,
,2017-03,Sussex Police,Sussex Police,-0.675901,50.784315,On or near Queensway,E01031436,Arun 017D,Anti-social behaviour,,
011d8290b1f071fd6a73aab48b4f1c18016e3fed4d6011cc54ba8d69c31ca878,2017-03,Sussex Police,Sussex Police,-0.674735,50.782404,On or near Lennox Street,E01031436,Arun 017D,Bicycle theft,Investigation complete; no suspect identified,
7ccb64c5b4585b510feae11e60b488247ec6b5925f6a8e56833efc71a28939af,2017-03,Sussex Police,Sussex Police,-0.674957,50.784601,On or near Supermarket,E01031436,Arun 017D,Bicycle theft,Investigation complete; no suspect identified,
7ffe89d1505303fd0bb2aaad5cbfec16bb608d4302c05d690563ec15e8fd9ef2,2017-03,Sussex Police,Sussex Police,-0.675840,50.785987,On or near Station Road,E01031436,Arun 017D,Bicycle theft,Investigation complete; no suspect identified,
f9663e90777e207e9978e0559466b9bac6f7c388de901e56ad53adaa7d2be434,2017-03,Sussex Police,Sussex Police,-0.674957,50.784601,On or near Supermarket,E01031436,Arun 017D,Burglary,Investigation complete; no suspect identified,
022ddea4ee7b1b0c915cf5c3582b00e7831e21f2463e88e30591af65f11eb955,2017-03,Sussex Police,Sussex Police,-0.679025,50.781688,On or near West Street,E01031436,Arun 017D,Burglary,Investigation complete; no suspect identified,
bb9a2ea59862e02708fca5a81b9adeb261ca1859c0bc778be2508c69166cf00c,2017-03,Sussex Police,Sussex Police,-0.677410,50.782120,On or near Market Street,E01031436,Arun 017D,Burglary,Investigation complete; no suspect identified,
6533a3c42d0b52abfb631cd2e5d75a542d732adcba52b200affafa4cd7d643c6,2017-03,Sussex Police,Sussex Police,-0.675891,50.785187,On or near Crescent Road,E01031436,Arun 017D,Criminal damage and arson,Investigation complete; no suspect identified,
37636668bf22b1f8341d13f7ed3e8d47a19eefcd06572e1efa451f369b9249ca,2017-03,Sussex Police,Sussex Police,-0.675901,50.784315,On or near Queensway,E01031436,Arun 017D,Criminal damage and arson,Court result unavailable,
899001724f02bef72f66ea65f803dbb5ebede194defa4501cc5204e0c8a093ba,2017-03,Sussex Police,Sussex Police,-0.674735,50.782404,On or near Lennox Street,E01031436,Arun 017D,Criminal damage and arson,Investigation complete; no suspect identified,
d972c0415670f3c9d33477573052abb09986d73346a9d5a19739a31e3b6696ec,2017-03,Sussex Police,Sussex Police,-0.677410,50.782120,On or near Market Street,E01031436,Arun 017D,Criminal damage and arson,Offender given a caution,
873930089ccf214598c72ab415f9487c0900dcd0241ebbcd983539ea3746a6d0,2017-03,Sussex Police,Sussex Police,-0.674957,50.784601,On or near Supermarket,E01031436,Arun 017D,Criminal damage and arson,Investigation complete; no suspect identified,
840c39503b92b3b927394d517de734dae4ff0a86670b8ab2ef7a1d019ce8c654,2017-03,Sussex Police,Sussex Police,-0.677985,50.782873,On or near Chapel Street,E01031436,Arun 017D,Criminal damage and arson,Unable to prosecute suspect,
eb93f85a83ad01ef000a53f065338b5c17097cf0630a01a09a663bb5390f2a43,2017-03,Sussex Police,Sussex Police,-0.675840,50.785987,On or near Station Road,E01031436,Arun 017D,Criminal damage and arson,Further investigation is not in the public interest,
259db1b1dfc339f978eb3f8fd70ae04c80499fbadc88a2169e43e2ff2e3f749f,2017-03,Sussex Police,Sussex Police,-0.675891,50.785187,On or near Crescent Road,E01031436,Arun 017D,Criminal damage and arson,Investigation complete; no suspect identified,
153dc963519683848f3ed25947784a5649588332a3b50971a24ba17d0e714202,2017-03,Sussex Police,Sussex Police,-0.675901,50.784315,On or near Queensway,E01031436,Arun 017D,Drugs,Local resolution,
c70c584aee07a323604439fd4776aca2d75fbd518794180a95b8483df8039e13,2017-03,Sussex Police,Sussex Police,-0.675840,50.785987,On or near Station Road,E01031436,Arun 017D,Other theft,Investigation complete; no suspect identified,
1c51cff5dfc1c9ba0603061277cfb257a3f38a945aeea707c97e7588763d86ff,2017-03,Sussex Police,Sussex Police,-0.678777,50.783439,On or near Argyle Road,E01031436,Arun 017D,Other theft,Offender given a caution,
5e7f2b6f4e361d67e8a413cbd67f7e9841f6e52d3d4a1758fd7372af23f017f3,2017-03,Sussex Police,Sussex Police,-0.679025,50.781688,On or near West Street,E01031436,Arun 017D,Other theft,Further investigation is not in the public interest,
1c7adb844770c7bc970ff4b535226a82815474cb37569a1f4d6a920ca258453d,2017-03,Sussex Police,Sussex Police,-0.677062,50.782880,On or near West Street,E01031436,Arun 017D,Other theft,Investigation complete; no suspect identified,
0274a1432134bea45f526330701996d2597c22528aa0a33c743f4fc5feca63af,2017-03,Sussex Police,Sussex Police,-0.673993,50.783583,On or near John Street,E01031436,Arun 017D,Other theft,Investigation complete; no suspect identified,
06f42b0157b59f54a08595fac78fb6a5ca02dbfd70f3d5013b46e21b5fb0846f,2017-03,Sussex Police,Sussex Police,-0.673993,50.783583,On or near John Street,E01031436,Arun 017D,Other theft,Investigation complete; no suspect identified,
cc148886cb99b11d72987e318899603584d1827050133672f334e9a820eeb85d,2017-03,Sussex Police,Sussex Police,-0.674913,50.783135,On or near Supermarket,E01031436,Arun 017D,Other theft,Investigation complete; no suspect identified,
6bc51333069d7113b15e122e0b6d9528f829ba28fa12710a0dff9d4e4619d360,2017-03,Sussex Police,Sussex Police,-0.679025,50.781688,On or near West Street,E01031436,Arun 017D,Other theft,Investigation complete; no suspect identified,
e03e6f4c4e023b269ddb2e2e36e0cdbb7541d7ceecce638de1c280c3fbdba2d5,2017-03,Sussex Police,Sussex Police,-0.675901,50.784315,On or near Queensway,E01031436,Arun 017D,Other theft,Investigation complete; no suspect identified,
844efcfbc8c3c85634d0090a2368346f6bf39a24287a4e20e4a8f879a5a0df3e,2017-03,Sussex Police,Sussex Police,-0.675840,50.785987,On or near Station Road,E01031436,Arun 017D,Other theft,Investigation complete; no suspect identified,
ff60c77634f43a8823842579d07de49dd699e08feb9b1d80bf33cd0d960306c5,2017-03,Sussex Police,Sussex Police,-0.677371,50.781481,On or near Manor Place,E01031436,Arun 017D,Possession of weapons,Investigation complete; no suspect identified,
2c220fd470d5fbcac209c446bb80d06ccc49af7340f6ac3c6abc2e8b67e58a19,2017-03,Sussex Police,Sussex Police,-0.675901,50.784315,On or near Queensway,E01031436,Arun 017D,Public order,Offender given conditional discharge,
922dd7f303125cf1cc50806502e36f35d9033a2f4e6942e92ef12bb2fe7a95b1,2017-03,Sussex Police,Sussex Police,-0.677985,50.782873,On or near Chapel Street,E01031436,Arun 017D,Public order,Investigation complete; no suspect identified,
39ed6c350627182b293b4f92b290e13403509a87274b0eee0e67aba89c21cc05,2017-03,Sussex Police,Sussex Police,-0.674957,50.784601,On or near Supermarket,E01031436,Arun 017D,Shoplifting,Local resolution,
e0cda951a8ee44019a7e464756d363021c06d35f4cf29d6e903443be9de2d4c1,2017-03,Sussex Police,Sussex Police,-0.673993,50.783583,On or near John Street,E01031436,Arun 017D,Shoplifting,Unable to prosecute suspect,
e1a45cee3ca5b458868eee25bc3b6cef026b2ceaffa951d8d3179ae1e4cebaff,2017-03,Sussex Police,Sussex Police,-0.675901,50.784315,On or near Queensway,E01031436,Arun 017D,Shoplifting,Further investigation is not in the public interest,
fd46e69d633e4fbefaf9ef7b28cfc3b053417f027891f10d22e43a4e29e35c0f,2017-03,Sussex Police,Sussex Police,-0.675840,50.785987,On or near Station Road,E01031436,Arun 017D,Shoplifting,Offender given suspended prison sentence,
35e111a9bbfe54ebd106f08bc86a4262e4b344176210e66b6b2afe6934557587,2017-03,Sussex Police,Sussex Police,-0.674957,50.784601,On or near Supermarket,E01031436,Arun 017D,Shoplifting,Suspect charged as part of another case,
1504a2ea84516421570bc7a6a45fc92c3a5dc45dcaab3539eeae4c71331acaa6,2017-03,Sussex Police,Sussex Police,-0.673993,50.783583,On or near John Street,E01031436,Arun 017D,Shoplifting,Unable to prosecute suspect,
86106ab8a2cbf457e2d054c10eb5fbe513c308756f3b62e0c31a72edf8023705,2017-03,Sussex Police,Sussex Police,-0.673993,50.783583,On or near John Street,E01031436,Arun 017D,Shoplifting,Local resolution,
de1a32faf362b713e8bbe410f33e74a7f12986debf62312babdb2c2b1d93073e,2017-03,Sussex Police,Sussex Police,-0.673993,50.783583,On or near John Street,E01031436,Arun 017D,Shoplifting,Investigation complete; no suspect identified,
9b2d5d0c798bc045d4cd77366f0bd952270ceda95fb2eb153da22bd095ef82b1,2017-03,Sussex Police,Sussex Police,-0.674913,50.783135,On or near Supermarket,E01031436,Arun 017D,Shoplifting,Further investigation is not in the public interest,
72735a7215ca5c12d724a505a58fa2398d3a55c80bd2c2fc76f34d0861bfab09,2017-03,Sussex Police,Sussex Police,-0.674957,50.784601,On or near Supermarket,E01031436,Arun 017D,Shoplifting,Local resolution,
e3a9d1aa7bc6a9c76b66c8b1e5695a8caa9ebc10297fc780f709469725afa22c,2017-03,Sussex Police,Sussex Police,-0.674957,50.784601,On or near Supermarket,E01031436,Arun 017D,Shoplifting,Court result unavailable,
16a33f516b94145033cd284dd5ddf174b96ed9e86bed227f1ec627938556d751,2017-03,Sussex Police,Sussex Police,-0.674957,50.784601,On or near Supermarket,E01031436,Arun 017D,Theft from the person,Investigation complete; no suspect identified,
62dd31ccda333b0de03b8e04a6800240c251a399d28b54d00a1b06990a4e1687,2017-03,Sussex Police,Sussex Police,-0.677371,50.781481,On or near Manor Place,E01031436,Arun 017D,Vehicle crime,Investigation complete; no suspect identified,
55141884fc4b5b3c36f31162319c98760c7c65918763503dc16629949b9f9b0d,2017-03,Sussex Police,Sussex Police,-0.679025,50.781688,On or near West Street,E01031436,Arun 017D,Vehicle crime,Investigation complete; no suspect identified,
2e42e5f6482c1a81d5b5c0e187d77ca580824e77409d4629790f8998556ee33e,2017-03,Sussex Police,Sussex Police,-0.675800,50.782380,On or near Waterloo Square,E01031436,Arun 017D,Violence and sexual offences,Unable to prosecute suspect,
77d13c6de80779e7f09f765e1d4f0fb87b76094e84d59d934ec53a40a7f6dc3e,2017-03,Sussex Police,Sussex Police,-0.675194,50.782247,On or near Norfolk Street,E01031436,Arun 017D,Violence and sexual offences,Offender given a caution,
dff6e7c75fd582d8cb74329e864c2b99c357faea78f261a9d6c37a9f4b53c91b,2017-03,Sussex Police,Sussex Police,-0.677371,50.781481,On or near Manor Place,E01031436,Arun 017D,Violence and sexual offences,Court result unavailable,
d33c82ce10722601d0a1fb9893113d3f91cf2602751083ed97065a272b5a571a,2017-03,Sussex Police,Sussex Police,-0.677531,50.784360,On or near Parking Area,E01031436,Arun 017D,Violence and sexual offences,Defendant found not guilty,
ecf981eac650aceae12a0f7ffde7ce18643fe882a7cfe7ba117cc08dc8610e5d,2017-03,Sussex Police,Sussex Police,-0.674957,50.784601,On or near Supermarket,E01031436,Arun 017D,Violence and sexual offences,Unable to prosecute suspect,
d79358f673969af0f7241584436e4aaae17d6811345d4772610a13b7015ec704,2017-03,Sussex Police,Sussex Police,-0.675800,50.782380,On or near Waterloo Square,E01031436,Arun 017D,Violence and sexual offences,Court result unavailable,
432f789eddfab8a534929d68481babc135c3013e0eb19aad78da0237bcda4f76,2017-03,Sussex Police,Sussex Police,-0.677531,50.784360,On or near Parking Area,E01031436,Arun 017D,Violence and sexual offences,Unable to prosecute suspect,
a007be17825e6031efbdc21d9adaff0e1c870a2d58d30622c5d58f106b93859a,2017-03,Sussex Police,Sussex Police,-0.677718,50.783778,On or near Steyne Street,E01031436,Arun 017D,Violence and sexual offences,Unable to prosecute suspect,
1a6b1dddb8bfb4a8c756f0c1a6446eafc35260d0cbd7b7cc765abde82343a0d9,2017-03,Sussex Police,Sussex Police,-0.677371,50.781481,On or near Manor Place,E01031436,Arun 017D,Violence and sexual offences,Investigation complete; no suspect identified,
21cc14a7c0f5208a26497d4027979b79415fdbb744c1a4985aab5c2c79555060,2017-03,Sussex Police,Sussex Police,-0.675840,50.785987,On or near Station Road,E01031436,Arun 017D,Violence and sexual offences,Unable to prosecute suspect,
6e1f0d1156df989e382e4302b4d1664ff9a479c7736446abb58dae2b63328e14,2017-03,Sussex Police,Sussex Police,-0.678777,50.783439,On or near Argyle Road,E01031436,Arun 017D,Violence and sexual offences,Unable to prosecute suspect,
730ad9469109f6a8560a084641cfab3ea0ac8ad30b7400f9320b115416adc153,2017-03,Sussex Police,Sussex Police,-0.675800,50.782380,On or near Waterloo Square,E01031436,Arun 017D,Violence and sexual offences,Offender given community sentence,
,2017-03,Sussex Police,Sussex Police,-0.686744,50.781623,On or near Supermarket,E01031437,Arun 017E,Anti-social behaviour,,
,2017-03,Sussex Police,Sussex Police,-0.686744,50.781623,On or near Supermarket,E01031437,Arun 017E,Anti-social behaviour,,
,2017-03,Sussex Police,Sussex Police,-0.685458,50.782957,On or near Ellasdale Road,E01031437,Arun 017E,Anti-social behaviour,,
,2017-03,Sussex Police,Sussex Police,-0.685844,50.783366,On or near Glencathara Road,E01031437,Arun 017E,Anti-social behaviour,,
fdf57b7043a9c2167404946751be2d430fd470f102dad7db8f61090592214a43,2017-03,Sussex Police,Sussex Police,-0.681727,50.781440,On or near Norfolk Close,E01031437,Arun 017E,Bicycle theft,Investigation complete; no suspect identified,
de5a7f53902a645a82ed4ad5d0659cc0dd09f78b8369089df723f4c549c75821,2017-03,Sussex Police,Sussex Police,-0.686379,50.782482,On or near Nyewood Place,E01031437,Arun 017E,Criminal damage and arson,Investigation complete; no suspect identified,
02cd27622303f27519019c21c2bdd36a706d38aa8cbdf3612b2db6be0063a27a,2017-03,Sussex Police,Sussex Police,-0.675946,50.781213,On or near Nightclub,E01031437,Arun 017E,Drugs,Formal action is not in the public interest,
42b220facbc1a28c5520b41c7fef05a9353fd8ff07828b17267456844ccaa0bc,2017-03,Sussex Police,Sussex Police,-0.675946,50.781213,On or near Nightclub,E01031437,Arun 017E,Other theft,Investigation complete; no suspect identified,
2346f5064b74444993b20ac2a018b5baa6176cbc69d261343b7a837f87f999ab,2017-03,Sussex Police,Sussex Police,-0.686379,50.782482,On or near Nyewood Place,E01031437,Arun 017E,Public order,Investigation complete; no suspect identified,
ee26008097de7183919288d879dc1eaba29e332a5b1a3798e7b6a9dff57a56be,2017-03,Sussex Police,Sussex Police,-0.681664,50.780648,On or near Rock Gardens,E01031437,Arun 017E,Robbery,Unable to prosecute suspect,
dd15e6351bc9311d6a68d299b6ad92c9eba5c25c22bec6e333595e56e3527352,2017-03,Sussex Police,Sussex Police,-0.686744,50.781623,On or near Supermarket,E01031437,Arun 017E,Shoplifting,Court result unavailable,
66386bef59aae82ac8219a3e2de16bc63ee9ea14f20ca4ead48983c31d648fff,2017-03,Sussex Police,Sussex Police,-0.684998,50.780641,On or near Park Road,E01031437,Arun 017E,Vehicle crime,Action to be taken by another organisation,
699c73c833f7f08d573374af906a33a3f25834446749ecc1ca6451373611ee27,2017-03,Sussex Police,Sussex Police,-0.682201,50.781760,On or near Norfolk Square,E01031437,Arun 017E,Violence and sexual offences,Unable to prosecute suspect,
16398704b549d6d82e704021402c4a1814be84605fff8cfc8a6cc8e9dad5c77e,2017-03,Sussex Police,Sussex Police,-0.686744,50.781623,On or near Supermarket,E01031437,Arun 017E,Violence and sexual offences,Offender given a caution,
5b3c7e4441b4ca4ea8ffadaf84661c85afa2cae0c4d1954055bdee80378c1d07,2017-03,Sussex Police,Sussex Police,-0.675946,50.781213,On or near Nightclub,E01031437,Arun 017E,Violence and sexual offences,Investigation complete; no suspect identified,
9d22fc547ba7825b50ae232edcc1c402ec7f911c79fb4d2b4e51e02f59465804,2017-03,Sussex Police,Sussex Police,-0.675946,50.781213,On or near Nightclub,E01031437,Arun 017E,Violence and sexual offences,Unable to prosecute suspect,
b0e1fb6efc39987a0812c5f117dd72941e5b4f21ae95772312dd8245e345dc5f,2017-03,Sussex Police,Sussex Police,-0.675946,50.781213,On or near Nightclub,E01031437,Arun 017E,Violence and sexual offences,Unable to prosecute suspect,
47b088f028196250b24e41479ef4fdd90f1294e780a5ae98b1be6bdfc1fe0621,2017-03,Sussex Police,Sussex Police,-0.685844,50.783366,On or near Glencathara Road,E01031437,Arun 017E,Violence and sexual offences,Unable to prosecute suspect,
2c163583fa597c205b4e3df558610a59cae13b7acd6b434808498c51ec7fa103,2017-03,Sussex Police,Sussex Police,-0.685844,50.783366,On or near Glencathara Road,E01031437,Arun 017E,Other crime,Investigation complete; no suspect identified,
,2017-03,Sussex Police,Sussex Police,-0.686098,50.784925,On or near Elfin Grove,E01031453,Arun 017F,Anti-social behaviour,,
,2017-03,Sussex Police,Sussex Police,-0.680150,50.786557,On or near Burnham Avenue,E01031453,Arun 017F,Anti-social behaviour,,
,2017-03,Sussex Police,Sussex Police,-0.678987,50.785546,On or near Southover Road,E01031453,Arun 017F,Anti-social behaviour,,
c0b798abb4cbef44a130d3303ddec71d4a381c40a4316aff158a25270a64674b,2017-03,Sussex Police,Sussex Police,-0.678911,50.786741,On or near Sturges Road,E01031453,Arun 017F,Bicycle theft,Offender given community sentence,
71e06e398a20048f4ae753d5c9b8f6bd22b4af636d216cc3f90a0927cff45bee,2017-03,Sussex Police,Sussex Police,-0.681728,50.787475,On or near Victoria Drive,E01031453,Arun 017F,Burglary,Investigation complete; no suspect identified,
3a86da47df65b1a2c34d664ac58d15197060c102591f8a23af2392a271d582ab,2017-03,Sussex Police,Sussex Police,-0.680518,50.785087,On or near Southdown Road,E01031453,Arun 017F,Burglary,Investigation complete; no suspect identified,
f5e50c1ed936f30239c317d7db62f5f8ecf48f216cf44d7ee7759cecb299927a,2017-03,Sussex Police,Sussex Police,-0.680238,50.786981,On or near Burnham Gardens,E01031453,Arun 017F,Burglary,Investigation complete; no suspect identified,
f3f96103c8eb066ed9c064ded2ebdd2c93a9d11ca5edb8fb995c3206b722ce60,2017-03,Sussex Police,Sussex Police,-0.685259,50.784484,On or near The Orchard Close,E01031453,Arun 017F,Criminal damage and arson,Investigation complete; no suspect identified,
b8911a9a8de1767df17d82960a768878308bd53302e2b89b5f32e499cae50c20,2017-03,Sussex Police,Sussex Police,-0.678911,50.786741,On or near Sturges Road,E01031453,Arun 017F,Other theft,Unable to prosecute suspect,
a451adee4c29139bd32e59f75c48df79f87fe9a620155cbe9d2537149eee0c20,2017-03,Sussex Police,Sussex Police,-0.680518,50.785087,On or near Southdown Road,E01031453,Arun 017F,Vehicle crime,Investigation complete; no suspect identified,
571ebe07844a980b2537d1f888147da1a3094fe0d601f2c844a568ecb6ff702f,2017-03,Sussex Police,Sussex Police,-0.681763,50.786207,On or near Devonshire Road,E01031453,Arun 017F,Vehicle crime,Investigation complete; no suspect identified,
249e39f930ded1a5774e1441b780b8a8f131289ab877f1068d90bb2a681bb121,2017-03,Sussex Police,Sussex Police,-0.683840,50.785520,On or near Hambledon Place,E01031453,Arun 017F,Violence and sexual offences,Status update unavailable,
,2017-03,Sussex Police,Sussex Police,-0.691524,50.779572,On or near Marine Drive West,E01031380,Arun 018A,Anti-social behaviour,,
,2017-03,Sussex Police,Sussex Police,-0.712676,50.776381,On or near The Drive,E01031380,Arun 018A,Anti-social behaviour,,
7af774db8bb5349aebff41bdf38fb79c7d825f45f025dc0f1a0b02487be3ce63,2017-03,Sussex Police,Sussex Police,-0.705223,50.783808,On or near Tinghall,E01031380,Arun 018A,Vehicle crime,Investigation complete; no suspect identified,
25b72ed3acbd79d37ae05e496d940fcb313865e54c68bf775f734ab5207cdfc8,2017-03,Sussex Police,Sussex Police,-0.705223,50.783808,On or near Tinghall,E01031380,Arun 018A,Vehicle crime,Investigation complete; no suspect identified,
e0ac88a8c948dcb4d85756fd31bfe470be0d84dc937d7a8ae7a7b2169f26acc8,2017-03,Sussex Police,Sussex Police,-0.704703,50.784674,On or near Stanbrok Close,E01031380,Arun 018A,Vehicle crime,Investigation complete; no suspect identified,
,2017-03,Sussex Police,Sussex Police,-0.700018,50.782761,On or near Aldwick Felds,E01031381,Arun 018B,Anti-social behaviour,,
,2017-03,Sussex Police,Sussex Police,-0.700018,50.782761,On or near Aldwick Felds,E01031381,Arun 018B,Anti-social behaviour,,
,2017-03,Sussex Police,Sussex Police,-0.700018,50.782761,On or near Aldwick Felds,E01031381,Arun 018B,Anti-social behaviour,,
,2017-03,Sussex Police,Sussex Police,-0.700018,50.782761,On or near Aldwick Felds,E01031381,Arun 018B,Anti-social behaviour,,
,2017-03,Sussex Police,Sussex Police,-0.700018,50.782761,On or near Aldwick Felds,E01031381,Arun 018B,Anti-social behaviour,,
,2017-03,Sussex Police,Sussex Police,-0.700018,50.782761,On or near Aldwick Felds,E01031381,Arun 018B,Anti-social behaviour,,
,2017-03,Sussex Police,Sussex Police,-0.700018,50.782761,On or near Aldwick Felds,E01031381,Arun 018B,Anti-social behaviour,,
f5146f8ee5ec9dbc22cd159d112474663bcc30e4f8acbe95cab000332fffc886,2017-03,Sussex Police,Sussex Police,-0.688888,50.782024,On or near Aldwick Road,E01031381,Arun 018B,Burglary,Investigation complete; no suspect identified,
a2f28569caed49385dccce750085b1344af0c8f49abd61dbc141afe4137dcd0e,2017-03,Sussex Police,Sussex Police,-0.688888,50.782024,On or near Aldwick Road,E01031381,Arun 018B,Criminal damage and arson,Local resolution,
9107f4d8a3b5686c394b7285fef0f09df8c37d39c91160ff61e1f756150810e5,2017-03,Sussex Police,Sussex Police,-0.688171,50.780299,On or near Nyewood Lane,E01031381,Arun 018B,Other theft,Investigation complete; no suspect identified,
4c5570847b17e1447b662a91cdeaf8fe8719392563127d176e8044c14aea2dfb,2017-03,Sussex Police,Sussex Police,-0.689346,50.780879,On or near Wessex Avenue,E01031381,Arun 018B,Other theft,Awaiting court outcome,
b98b8685c508cb97b58874aeb3463d9ca323cf342d8e1bdca5ec723c921b6522,2017-03,Sussex Police,Sussex Police,-0.688171,50.780299,On or near Nyewood Lane,E01031381,Arun 018B,Other theft,Status update unavailable,
35f570303b8597809ef7b8d4fedb6885d2836cfa7e486cc05feb308b04b85bb0,2017-03,Sussex Police,Sussex Police,-0.689346,50.780879,On or near Wessex Avenue,E01031381,Arun 018B,Other theft,Status update unavailable,
7ee6546e3ff26ba3b5f47c98b0e7a175f99ab04ca2affbb547e3611cbabc1cc9,2017-03,Sussex Police,Sussex Police,-0.688171,50.780299,On or near Nyewood Lane,E01031381,Arun 018B,Other theft,Status update unavailable,
3482f687a60cef765501009b609db6549607575bae45727da83a1e50ac991b0d,2017-03,Sussex Police,Sussex Police,-0.688888,50.782024,On or near Aldwick Road,E01031381,Arun 018B,Public order,Unable to prosecute suspect,
df51e180996a22a418671deb7ea55b88cf12dfafdc94498f31474e78321bd411,2017-03,Sussex Police,Sussex Police,-0.691652,50.781111,On or near Selsey Avenue,E01031381,Arun 018B,Vehicle crime,Investigation complete; no suspect identified,
180abc0bac2f4185b871ca5747b14ab0725bd83c5f4a3b5c99e7522ba9b33033,2017-03,Sussex Police,Sussex Police,-0.702561,50.782609,On or near Hechle Wood,E01031381,Arun 018B,Vehicle crime,Investigation complete; no suspect identified,
2a426f5642739100a7f4cf206392044825a2f3ba07e5ba9b8f641e2525fc49a0,2017-03,Sussex Police,Sussex Police,-0.689346,50.780879,On or near Wessex Avenue,E01031381,Arun 018B,Vehicle crime,Investigation complete; no suspect identified,
289b1dfe47cc666dd6b6166b58fc8f4a7a3497521a1267bd7ab07b4265850d2b,2017-03,Sussex Police,Sussex Police,-0.697536,50.781717,On or near Faresmead,E01031381,Arun 018B,Violence and sexual offences,Status update unavailable,
6b96db5cb5d019dc3eae58f3d430975527818df14f03a79674cb9c8c90667341,2017-03,Sussex Police,Sussex Police,-0.688171,50.780299,On or near Nyewood Lane,E01031381,Arun 018B,Violence and sexual offences,Investigation complete; no suspect identified,
6df1dfb81a8b73f9a874c98cc27a4018b9bf33a35d7d18509de15a549bc4b82d,2017-03,Sussex Police,Sussex Police,-0.688888,50.782024,On or near Aldwick Road,E01031381,Arun 018B,Violence and sexual offences,Offender given conditional discharge,
5d1e04436684a4fc55ebc35e6286369795a38173c93405714f926086553586c4,2017-03,Sussex Police,Sussex Police,-0.688171,50.780299,On or near Nyewood Lane,E01031381,Arun 018B,Violence and sexual offences,Unable to prosecute suspect,
eee92cd96efae2230e4e0d5974e19f8f923246d70e2f961b72c0d0accbb1958d,2017-03,Sussex Police,Sussex Police,-0.701472,50.787624,On or near Keble Close,E01031382,Arun 018C,Vehicle crime,Investigation complete; no suspect identified,
,2017-03,Sussex Police,Sussex Police,-0.722872,50.779047,On or near Alperton Close,E01031383,Arun 018D,Anti-social behaviour,,
1e80ed6d3256a11e274fb0b8031579157c57deee8bdcb8151de65f7a36058a62,2017-03,Sussex Police,Sussex Police,-0.722602,50.777488,On or near Langley Grove,E01031383,Arun 018D,Violence and sexual offences,Court result unavailable,
3e484943ef3d8797b21eab1a90a73cbc3d161c8330d3f2500e09b29b095ebd26,2017-03,Sussex Police,Sussex Police,-0.725824,50.774826,On or near Tithe Barn Way,E01031383,Arun 018D,Violence and sexual offences,Unable to prosecute suspect,
86810e04de64784fcc696356c2994928d90e08780ab4cd87c1809a7eaa3e144b,2017-03,Sussex Police,Sussex Police,-0.714670,50.785396,On or near Aigburth Avenue,E01031384,Arun 018E,Public order,Unable to prosecute suspect,
,2017-03,Sussex Police,Sussex Police,-0.719644,50.778832,On or near Stoney Stile Lane,E01031385,Arun 019A,Anti-social behaviour,,
,2017-03,Sussex Police,Sussex Police,-0.726262,50.780100,On or near Lovells Close,E01031385,Arun 019A,Anti-social behaviour,,
841040bf05e1a170ec24367bbe86308502e2dad74de6cda4a658a86ef274fca1,2017-03,Sussex Police,Sussex Police,-0.722855,50.780720,On or near Bucknor Close,E01031385,Arun 019A,Burglary,Investigation complete; no suspect identified,
d4ab918efd40bbdf999f4bca67e44d0c264e570f04100599f584bc6715ac376c,2017-03,Sussex Police,Sussex Police,-0.722224,50.782008,On or near Nyetimber Lane,E01031385,Arun 019A,Drugs,Further investigation is not in the public interest,
7eb3b269e6e6144791747de0524dd80d5c21803a2e75ff65c1557143826d5a89,2017-03,Sussex Police,Sussex Police,-0.727582,50.780052,On or near Leonora Drive,E01031385,Arun 019A,Public order,Investigation complete; no suspect identified,
a5d494b501d6605f43523762697cf2472cbc5ff7012d3a5d0182184e93a792d9,2017-03,Sussex Police,Sussex Police,-0.719644,50.778832,On or near Stoney Stile Lane,E01031385,Arun 019A,Violence and sexual offences,Unable to prosecute suspect,
15101ea557481eb5a4a00c587efe038e03261a1f2ca82cf06440685895be3621,2017-03,Sussex Police,Sussex Police,-0.727582,50.780052,On or near Leonora Drive,E01031385,Arun 019A,Violence and sexual offences,Unable to prosecute suspect,
,2017-03,Sussex Police,Sussex Police,-0.736322,50.778924,On or near Canterbury Close,E01031445,Arun 019B,Anti-social behaviour,,
,2017-03,Sussex Police,Sussex Police,-0.736322,50.778924,On or near Canterbury Close,E01031445,Arun 019B,Anti-social behaviour,,
378c0dae35aa9169facf8216b984eddbf8a66a851e46e05dc7067ef80dad8d69,2017-03,Sussex Police,Sussex Police,-0.736322,50.778924,On or near Canterbury Close,E01031445,Arun 019B,Public order,Unable to prosecute suspect,
6653226b0ca9132cb03c7bc8a5edbcbcecf16e82a2b4bdff97ce95f0cdb60c8e,2017-03,Sussex Police,Sussex Police,-0.735414,50.776819,On or near Lake View,E01031445,Arun 019B,Vehicle crime,Investigation complete; no suspect identified,
5e99902dd239701bc908986c847a1d55d9b16a2bfd32fb344ad1426de29ddd5f,2017-03,Sussex Police,Sussex Police,-0.735916,50.778218,On or near Hadlands,E01031445,Arun 019B,Violence and sexual offences,Unable to prosecute suspect,
76a8e8ed3e9eced727eb159a0c63dd70514bb3e736385a093724235b5d60815c,2017-03,Sussex Police,Sussex Police,-0.730599,50.780238,On or near Gloster Drive,E01031446,Arun 019C,Burglary,Unable to prosecute suspect,
c55051b8cc4d170d80efc438838fcae2d83e12ac7cc3c9b5cc62ceee3cbfe61f,2017-03,Sussex Police,Sussex Police,-0.731665,50.781706,On or near Mill Park Road,E01031446,Arun 019C,Drugs,Offender fined,
cff086f5d2f9a6d5ea90e07356a4cb9a6adc5380d9977cabd944b5f34c88ca82,2017-03,Sussex Police,Sussex Police,-0.731665,50.781706,On or near Mill Park Road,E01031446,Arun 019C,Other theft,Unable to prosecute suspect,
16938e03f00ff054438fb27e2f56566b3d693b7ab6ca3daf2bace7b8d61f6b89,2017-03,Sussex Police,Sussex Police,-0.727228,50.785282,On or near Lodsworth Road,E01031446,Arun 019C,Other theft,Unable to prosecute suspect,
3b7e59872e6ab4f4c4613ae866b74747b1d4dbfce8d6502e191ddaeb8181b4fa,2017-03,Sussex Police,Sussex Police,-0.730599,50.780238,On or near Gloster Drive,E01031446,Arun 019C,Violence and sexual offences,Court case unable to proceed,
e86c4ce90c72c5b8ce958992ce204372ff0a37b222ff07dcb054a21e54862a50,2017-03,Sussex Police,Sussex Police,-0.725785,50.785113,On or near Edwen Close,E01031446,Arun 019C,Violence and sexual offences,Unable to prosecute suspect,
4496769c8ccc89ff89b8d12ac5af812209eb04bfa210a82a3c147f158947ef68,2017-03,Sussex Police,Sussex Police,-0.729387,50.778354,On or near Pilgrims Way,E01031446,Arun 019C,Violence and sexual offences,Further investigation is not in the public interest,
a0c910aa1a9211653f1efbf3c6acf7962a363b95c6f7758a55bd6b9dff1046e2,2017-03,Sussex Police,Sussex Police,-0.736672,50.772255,On or near The Glade,E01031447,Arun 019D,Other theft,Status update unavailable,
a22e8b081cca59797f9b097b76a82a7ddaf358c3e413964336c4c038d8b558e2,2017-03,Sussex Police,Sussex Police,-0.738726,50.774444,On or near Harbour View Road,E01031447,Arun 019D,Violence and sexual offences,Unable to prosecute suspect,
,2017-03,Sussex Police,Sussex Police,-0.740657,50.768557,On or near Well Road,E01031448,Arun 019E,Anti-social behaviour,,
00520043b84ef8a401595b426392908bcbf2ce7682dbdd015e17dcd1f1a6ff48,2017-03,Sussex Police,Sussex Police,-0.744130,50.770195,On or near Martlet Way,E01031448,Arun 019E,Burglary,Investigation complete; no suspect identified,
,2017-03,Sussex Police,Sussex Police,-0.716897,50.784890,On or near Supermarket,E01031449,Arun 019F,Anti-social behaviour,,
,2017-03,Sussex Police,Sussex Police,-0.722683,50.787031,On or near Osbourne Way,E01031449,Arun 019F,Anti-social behaviour,,
,2017-03,Sussex Police,Sussex Police,-0.720259,50.785916,On or near Grosvenor Way,E01031449,Arun 019F,Anti-social behaviour,,
,2017-03,Sussex Police,Sussex Police,-0.722683,50.787031,On or near Osbourne Way,E01031449,Arun 019F,Anti-social behaviour,,
,2017-03,Sussex Police,Sussex Police,-0.723322,50.785950,On or near Rosemary Close,E01031449,Arun 019F,Anti-social behaviour,,
829d13a459c3a43cfd47722d6a5cdc2b7e192acdc71c55598d5832738caf0958,2017-03,Sussex Police,Sussex Police,-0.723322,50.785950,On or near Rosemary Close,E01031449,Arun 019F,Burglary,Investigation complete; no suspect identified,
a4445243985ba362554c392b7b11be698945944aff38f195a8837e6ae9eb2730,2017-03,Sussex Police,Sussex Police,-0.718925,50.788024,On or near Lincoln Avenue,E01031449,Arun 019F,Criminal damage and arson,Investigation complete; no suspect identified,
d9039631a52cea8138a58136b3be527e760806795315201019073028501b4a19,2017-03,Sussex Police,Sussex Police,-0.722683,50.787031,On or near Osbourne Way,E01031449,Arun 019F,Criminal damage and arson,Investigation complete; no suspect identified,
a6a25d3a1ec37f3b6cdcdad103768d0af1dadf4efb01b3bfc4defb4ca70d2e6a,2017-03,Sussex Police,Sussex Police,-0.716897,50.784890,On or near Supermarket,E01031449,Arun 019F,Possession of weapons,Status update unavailable,
d7f6ca0be0feb66fe9cab32878e858e5fe69a11d6882bef4b31a8b9e845c1232,2017-03,Sussex Police,Sussex Police,-0.719359,50.786653,On or near Supermarket,E01031449,Arun 019F,Shoplifting,Investigation complete; no suspect identified,
,2017-03,Sussex Police,Sussex Police,-0.143256,50.864370,On or near Ladies Mile Close,E01016924,Brighton and Hove 001A,Anti-social behaviour,,
,2017-03,Sussex Police,Sussex Police,-0.141506,50.864072,On or near Ladies' Mile Road,E01016924,Brighton and Hove 001A,Anti-social behaviour,,
6b7cda206869e89698254627165cae0c79dc80764d540b6cee131c83a14b3774,2017-03,Sussex Police,Sussex Police,-0.142789,50.861835,On or near Warmdene Road,E01016924,Brighton and Hove 001A,Burglary,Local resolution,
a4124b8de2d514ad1d363466af783bcc87ad7b2370d4e067ac576f23d549bba6,2017-03,Sussex Police,Sussex Police,-0.141506,50.864072,On or near Ladies' Mile Road,E01016924,Brighton and Hove 001A,Public order,Investigation complete; no suspect identified,
2ba06e2d2b5c2ef3c276f830934c56b0bafc55e858a4affaaade03709ce4ae71,2017-03,Sussex Police,Sussex Police,-0.143256,50.864370,On or near Ladies Mile Close,E01016924,Brighton and Hove 001A,Theft from the person,Investigation complete; no suspect identified,
493f1bd62e3e95f0e551c757428ab3557ff8dc6680f4cfdfe377a68d391f1635,2017-03,Sussex Police,Sussex Police,-0.142789,50.861835,On or near Warmdene Road,E01016924,Brighton and Hove 001A,Violence and sexual offences,Further investigation is not in the public interest,
8c712dc4850a556e1c2fe1b6d38ef25f3cd3ce3a09a8f3397d53b4c06b05fc9b,2017-03,Sussex Police,Sussex Police,-0.142789,50.861835,On or near Warmdene Road,E01016924,Brighton and Hove 001A,Violence and sexual offences,Unable to prosecute suspect,
2d4a4d1b4678e1e2fee1f31725f32bfa4a86dcb0ed6522b9f164bda68dd8ee4c,2017-03,Sussex Police,Sussex Police,-0.141506,50.864072,On or near Ladies' Mile Road,E01016924,Brighton and Hove 001A,Violence and sexual offences,Investigation complete; no suspect identified,
6662f31e275db1e72fc5c5e0748a522c24d35a736aadab854ffa247d4c7d8eb9,2017-03,Sussex Police,Sussex Police,-0.145864,50.864564,On or near Warmdene Avenue,E01016924,Brighton and Hove 001A,Violence and sexual offences,Unable to prosecute suspect,
10072d782ec824cb5850f85b7deba2e86370480d898e043b116ccc8690b2d61b,2017-03,Sussex Police,Sussex Police,-0.145864,50.864564,On or near Warmdene Avenue,E01016924,Brighton and Hove 001A,Violence and sexual offences,Unable to prosecute suspect,
ada819645b9a0236c09762e21e1da7d5e0e724b9b1fc9a8769fca930be305ea1,2017-03,Sussex Police,Sussex Police,-0.142789,50.861835,On or near Warmdene Road,E01016924,Brighton and Hove 001A,Violence and sexual offences,Investigation complete; no suspect identified,
ef82afe539882eeb7235adf0a1b49875a00067c055bb325027b4354ff49c8e92,2017-03,Sussex Police,Sussex Police,-0.141506,50.864072,On or near Ladies' Mile Road,E01016924,Brighton and Hove 001A,Violence and sexual offences,Investigation complete; no suspect identified,
8e805da97ab0dae510926a7981692c1412fcc8bb84895106ec329fec18e8bf0e,2017-03,Sussex Police,Sussex Police,-0.142789,50.861835,On or near Warmdene Road,E01016924,Brighton and Hove 001A,Violence and sexual offences,Further investigation is not in the public interest,
,2017-03,Sussex Police,Sussex Police,-0.123094,50.864308,On or near Bramble Way,E01016926,Brighton and Hove 001B,Anti-social behaviour,,
,2017-03,Sussex Police,Sussex Police,-0.122572,50.862447,On or near Elsted Crescent,E01016926,Brighton and Hove 001B,Anti-social behaviour,,
,2017-03,Sussex Police,Sussex Police,-0.127903,50.858468,On or near Cuckmere Way,E01016926,Brighton and Hove 001B,Anti-social behaviour,,
,2017-03,Sussex Police,Sussex Police,-0.125110,50.863990,On or near Chelwood Close,E01016926,Brighton and Hove 001B,Anti-social behaviour,,
,2017-03,Sussex Police,Sussex Police,-0.129373,50.865776,On or near Carden Avenue,E01016926,Brighton and Hove 001B,Anti-social behaviour,,
,2017-03,Sussex Police,Sussex Police,-0.127903,50.858468,On or near Cuckmere Way,E01016926,Brighton and Hove 001B,Anti-social behaviour,,
,2017-03,Sussex Police,Sussex Police,-0.126697,50.867648,On or near Petrol Station,E01016926,Brighton and Hove 001B,Anti-social behaviour,,
,2017-03,Sussex Police,Sussex Police,-0.127903,50.858468,On or near Cuckmere Way,E01016926,Brighton and Hove 001B,Anti-social behaviour,,
,2017-03,Sussex Police,Sussex Police,-0.129373,50.865776,On or near Carden Avenue,E01016926,Brighton and Hove 001B,Anti-social behaviour,,
af8f68061a4545e1a4b4101a433fba31d1646810926747d74d6e64426556e08f,2017-03,Sussex Police,Sussex Police,-0.123899,50.867954,On or near Supermarket,E01016926,Brighton and Hove 001B,Burglary,Court result unavailable,
89bf25980d1c119eb44239909dedd3f1daf731c44e19d0bb8cf787600e0e9244,2017-03,Sussex Police,Sussex Police,-0.127903,50.858468,On or near Cuckmere Way,E01016926,Brighton and Hove 001B,Criminal damage and arson,Investigation complete; no suspect identified,
e3241949ceff9b41d02f0aa98980c67a9ab68f6b489a3dd029d397d519095455,2017-03,Sussex Police,Sussex Police,-0.125466,50.867161,On or near Crowhurst Road,E01016926,Brighton and Hove 001B,Criminal damage and arson,Offender given community sentence,
06e715a426a9fc28125c30e8e256d681b4c9c202b54c2a88da2efc086c3efbe5,2017-03,Sussex Police,Sussex Police,-0.123899,50.867954,On or near Supermarket,E01016926,Brighton and Hove 001B,Drugs,Offender given a caution,
ef36ec6204f67eab02e88e6b1205949b2c4c01ff19c3f88910ece9a66564268c,2017-03,Sussex Police,Sussex Police,-0.123081,50.867455,On or near Police Station,E01016926,Brighton and Hove 001B,Drugs,Court result unavailable,
1f2524e566c47facd3b2e01729ad64630efe4b9450fbb0cab18b1fab570634dd,2017-03,Sussex Police,Sussex Police,-0.127903,50.858468,On or near Cuckmere Way,E01016926,Brighton and Hove 001B,Drugs,Local resolution,
a31e56f93a0a26ca694a0db8e7bd48a3d45d3f6a449fa66b3d64151ea6b2005b,2017-03,Sussex Police,Sussex Police,-0.123081,50.867455,On or near Police Station,E01016926,Brighton and Hove 001B,Drugs,Offender given a caution,
b62348554bd49b45d62813d62e6b643d543ca917b7a6807f60e7cbe6afc638e3,2017-03,Sussex Police,Sussex Police,-0.123899,50.867954,On or near Supermarket,E01016926,Brighton and Hove 001B,Other theft,Investigation complete; no suspect identified,
325b9ce082fed87880e17abd6471f3aa8beb67845284ccf4789c25e7fb0f121d,2017-03,Sussex Police,Sussex Police,-0.126061,50.861190,On or near Keymer Road,E01016926,Brighton and Hove 001B,Other theft,Investigation complete; no suspect identified,
aa3cfd543246cdf2fe6caa1a27d8c80c585ab80578a98c7d21dc19ecd36f521f,2017-03,Sussex Police,Sussex Police,-0.123094,50.864308,On or near Bramble Way,E01016926,Brighton and Hove 001B,Public order,Formal action is not in the public interest,
913777a661626734404e4052b6f8c009c6d22852f4b064d224c2fa35754296da,2017-03,Sussex Police,Sussex Police,-0.122572,50.862447,On or near Elsted Crescent,E01016926,Brighton and Hove 001B,Public order,Investigation complete; no suspect identified,
81c5158d2efc9b45b8883cee1978725b0fd48c2341463d48eeedce1bf32391f0,2017-03,Sussex Police,Sussex Police,-0.123899,50.867954,On or near Supermarket,E01016926,Brighton and Hove 001B,Public order,Court result unavailable,
89f66cc77ebb77fba65f4816dcad34ec82bb7cdc8ea9f3629a9df3443e994900,2017-03,Sussex Police,Sussex Police,-0.125778,50.862229,On or near Rotherfield Close,E01016926,Brighton and Hove 001B,Public order,Further investigation is not in the public interest,
f5088a2dcc4b8756b9147ce580007a35871b6026b9615cca81a23d5659677b2c,2017-03,Sussex Police,Sussex Police,-0.123899,50.867954,On or near Supermarket,E01016926,Brighton and Hove 001B,Public order,Court result unavailable,
25163e1a6ed19680584cc12016bb327cc68520d7c443d82299f78891d3485d85,2017-03,Sussex Police,Sussex Police,-0.123899,50.867954,On or near Supermarket,E01016926,Brighton and Hove 001B,Public order,Investigation complete; no suspect identified,
1a9070ca1fcd735d54a9952465df9ab91a773fb1cc0d234b84f9bae959beeb17,2017-03,Sussex Police,Sussex Police,-0.123899,50.867954,On or near Supermarket,E01016926,Brighton and Hove 001B,Shoplifting,Unable to prosecute suspect,
8dec6bc0b90d2c6c28b279146a08ad20090e59b01dff3d6e694bf2338a568363,2017-03,Sussex Police,Sussex Police,-0.123899,50.867954,On or near Supermarket,E01016926,Brighton and Hove 001B,Shoplifting,Unable to prosecute suspect,
aa45289ea8bf46260340ea0bc8bdf95208534b4be2249052ff2e3e605f459103,2017-03,Sussex Police,Sussex Police,-0.123899,50.867954,On or near Supermarket,E01016926,Brighton and Hove 001B,Shoplifting,Offender fined,
ae642052e5e07df28e076dbae033a075d53f609c09a42f7b60fe0fe2d83546a2,2017-03,Sussex Police,Sussex Police,-0.123899,50.867954,On or near Supermarket,E01016926,Brighton and Hove 001B,Shoplifting,Investigation complete; no suspect identified,
bfad124b28f466ec747f7361e5884dd48cffdeed6ab57837f07ddf8fdc0562d4,2017-03,Sussex Police,Sussex Police,-0.129373,50.865776,On or near Carden Avenue,E01016926,Brighton and Hove 001B,Shoplifting,Investigation complete; no suspect identified,
1838d4ac431980e3dc8f15fa4e686e2092b483dbd0c697811ef75e61e17dbf47,2017-03,Sussex Police,Sussex Police,-0.123899,50.867954,On or near Supermarket,E01016926,Brighton and Hove 001B,Shoplifting,Investigation complete; no suspect identified,
a2dfea2387ea873bfa28cbf78c699475a155ed5ddb1dadaef58e760b0b1fc228,2017-03,Sussex Police,Sussex Police,-0.123899,50.867954,On or near Supermarket,E01016926,Brighton and Hove 001B,Shoplifting,Unable to prosecute suspect,
f032a8923b260608c1d493f638191dc19d265b37ceb629677a97f92c7ce16d36,2017-03,Sussex Police,Sussex Police,-0.123899,50.867954,On or near Supermarket,E01016926,Brighton and Hove 001B,Shoplifting,Investigation complete; no suspect identified,
3947e583a88a54e96ba7de60b4343fbbe446364a716c2400d6af3b7fd5148e38,2017-03,Sussex Police,Sussex Police,-0.123899,50.867954,On or near Supermarket,E01016926,Brighton and Hove 001B,Shoplifting,Unable to prosecute suspect,
ab79cb029ff3a20c8c91c038d854d8f58f217345c5488817222b1cea5f4814e7,2017-03,Sussex Police,Sussex Police,-0.123899,50.867954,On or near Supermarket,E01016926,Brighton and Hove 001B,Theft from the person,Investigation complete; no suspect identified,
5f546938b350204eafabfa6dfb1c73c189aa188a791809c366e50db4325e9692,2017-03,Sussex Police,Sussex Police,-0.125466,50.867161,On or near Crowhurst Road,E01016926,Brighton and Hove 001B,Vehicle crime,Investigation complete; no suspect identified,
41539339175272057ad8ca7964c70487385869a6b26752666e72e11cf17b287e,2017-03,Sussex Police,Sussex Police,-0.129373,50.865776,On or near Carden Avenue,E01016926,Brighton and Hove 001B,Violence and sexual offences,Unable to prosecute suspect,
0910946ce04cc6c20fe3765d0e23af98387df66b6e1c1c1f7267c4f5c7ff5e08,2017-03,Sussex Police,Sussex Police,-0.126065,50.861433,On or near Fernhurst Close,E01016926,Brighton and Hove 001B,Violence and sexual offences,Unable to prosecute suspect,
4670f6be70fcf07a557cdf1b7e636ff278d81f709247deb88b94124befa1b5e1,2017-03,Sussex Police,Sussex Police,-0.125466,50.867161,On or near Crowhurst Road,E01016926,Brighton and Hove 001B,Violence and sexual offences,Offender given community sentence,
d7080e761b288fbcaf234ca75183c6b883c55b674cdf9272d9f699809139cf98,2017-03,Sussex Police,Sussex Police,-0.123081,50.867455,On or near Police Station,E01016926,Brighton and Hove 001B,Other crime,Status update unavailable,
569b8260aabb51c58e5da9ffa54e9f3550ed8f184c0838c3004c886631b38437,2017-03,Sussex Police,Sussex Police,-0.129373,50.865776,On or near Carden Avenue,E01016926,Brighton and Hove 001B,Other crime,Unable to prosecute suspect,
,2017-03,Sussex Police,Sussex Police,-0.133955,50.863142,On or near Carden Crescent,E01016927,Brighton and Hove 001C,Anti-social behaviour,,
,2017-03,Sussex Police,Sussex Police,-0.134022,50.862523,On or near Darcey Drive,E01016927,Brighton and Hove 001C,Anti-social behaviour,,
8d2bb8c40ff25f1775b96f9e50a8f489d2845e7ea6fe27ab7746a7b71bd3ec84,2017-03,Sussex Police,Sussex Police,-0.130642,50.862460,On or near Supermarket,E01016927,Brighton and Hove 001C,Public order,Status update unavailable,
bc6ffab95c8551f3e877433b8e010dc29c32e28fe1da44355b0cd8f53fdb0637,2017-03,Sussex Police,Sussex Police,-0.137137,50.862105,On or near Sunnydale Avenue,E01016927,Brighton and Hove 001C,Violence and sexual offences,Unable to prosecute suspect,
80f0329d5c5714aab3acd58352371ccf179c87594e17dc98a8d3aa0fb2610b9f,2017-03,Sussex Police,Sussex Police,-0.131074,50.863762,On or near Midhurst Rise,E01016927,Brighton and Hove 001C,Violence and sexual offences,Investigation complete; no suspect identified,
90f459c9153f0daf1268642c7dfcaa227470e92f3f9dbfbf546d5c073a9d6ecc,2017-03,Sussex Police,Sussex Police,-0.137137,50.862105,On or near Sunnydale Avenue,E01016927,Brighton and Hove 001C,Violence and sexual offences,Unable to prosecute suspect,
8b0d10bd821c8768ffb5e60228c1fcc1e747a0da343e817f3f8d5c4f07ef99f4,2017-03,Sussex Police,Sussex Police,-0.131074,50.863762,On or near Midhurst Rise,E01016927,Brighton and Hove 001C,Violence and sexual offences,Unable to prosecute suspect,
,2017-03,Sussex Police,Sussex Police,-0.137886,50.859347,On or near Wilmington Close,E01016929,Brighton and Hove 001D,Anti-social behaviour,,
4951d0bb97de16d9b8a0a5957d6d8b3756a96acb6b9224385b81f777508ac5fd,2017-03,Sussex Police,Sussex Police,-0.141175,50.858455,On or near Mayfield Crescent,E01016929,Brighton and Hove 001D,Criminal damage and arson,Investigation complete; no suspect identified,
4be245857b3d4188ad9e24f95add1bf2f01be30b3cafaab64ea4486940737d99,2017-03,Sussex Police,Sussex Police,-0.133386,50.860291,On or near Warnham Rise,E01016929,Brighton and Hove 001D,Violence and sexual offences,Formal action is not in the public interest,
,2017-03,Sussex Police,Sussex Police,-0.134466,50.868133,On or near Glenfalls Avenue,E01016931,Brighton and Hove 001E,Anti-social behaviour,,
,2017-03,Sussex Police,Sussex Police,-0.133372,50.868484,On or near Eskbank Avenue,E01016931,Brighton and Hove 001E,Anti-social behaviour,,
dc2febe507c233fca8618531da2b826084d54a4d839488637d99190475f1821a,2017-03,Sussex Police,Sussex Police,-0.130849,50.869388,On or near Eastwick Close,E01016931,Brighton and Hove 001E,Criminal damage and arson,Investigation complete; no suspect identified,
edbe38f8971756b31340537577dc95523d224d017cba36d156d6bf791b7177a4,2017-03,Sussex Police,Sussex Police,-0.135438,50.866925,On or near Mackie Avenue,E01016931,Brighton and Hove 001E,Criminal damage and arson,Investigation complete; no suspect identified,
d18cb571de5cca997a528f7176868cd251017d096655596f3770f41cc672530e,2017-03,Sussex Police,Sussex Police,-0.130849,50.869388,On or near Eastwick Close,E01016931,Brighton and Hove 001E,Violence and sexual offences,Offender given a caution,
33153989273aa4498216742ef103df39ca354b9d9ebced86a0e45c0dca4a1994,2017-03,Sussex Police,Sussex Police,-0.136572,50.867006,On or near Plainfields Avenue,E01016931,Brighton and Hove 001E,Violence and sexual offences,Unable to prosecute suspect,
d673a2fbfbe7e3eea727ee1ef2e6bde4f0cfb981a6f590627abb94216e83b18f,2017-03,Sussex Police,Sussex Police,-0.141358,50.866732,On or near Sanyhils Avenue,E01016931,Brighton and Hove 001E,Violence and sexual offences,Defendant found not guilty,
,2017-03,Sussex Police,Sussex Police,-0.114223,50.864039,On or near The Charltons,E01016898,Brighton and Hove 002A,Anti-social behaviour,,
,2017-03,Sussex Police,Sussex Police,-0.114223,50.864039,On or near The Charltons,E01016898,Brighton and Hove 002A,Anti-social behaviour,,
,2017-03,Sussex Police,Sussex Police,-0.114692,50.864739,On or near Haig Avenue,E01016898,Brighton and Hove 002A,Anti-social behaviour,,
,2017-03,Sussex Police,Sussex Police,-0.114692,50.864739,On or near Haig Avenue,E01016898,Brighton and Hove 002A,Anti-social behaviour,,
,2017-03,Sussex Police,Sussex Police,-0.114692,50.864739,On or near Haig Avenue,E01016898,Brighton and Hove 002A,Anti-social behaviour,,
fa2d37c6fc1c1bea35ac10d1d2a9dc1bbe92e5b93915b7cbb81a28e204d14107,2017-03,Sussex Police,Sussex Police,-0.108676,50.863805,On or near Chalvington Close,E01016898,Brighton and Hove 002A,Bicycle theft,Investigation complete; no suspect identified,
0af13f073d702ff4f7683e0bca033073f1e94978cff03d95f74ec1ffa71d218a,2017-03,Sussex Police,Sussex Police,-0.114223,50.864039,On or near The Charltons,E01016898,Brighton and Hove 002A,Public order,Status update unavailable,
ebe52802177075759c480805d65050a04489d147667fac148c16642358083f64,2017-03,Sussex Police,Sussex Police,-0.108676,50.863805,On or near Chalvington Close,E01016898,Brighton and Hove 002A,Public order,Status update unavailable,
13bec8602ece14cb6e5b399ed68eadff1ad82a7b8de7ec35900c09bcea2f6406,2017-03,Sussex Police,Sussex Police,-0.115401,50.862313,On or near Standean Close,E01016898,Brighton and Hove 002A,Vehicle crime,Investigation complete; no suspect identified,
9d373e29abfd9b0a8b9edd2b519d7aae709ce41d801fb69076470b1d67ef5eac,2017-03,Sussex Police,Sussex Police,-0.110003,50.860140,On or near The Byway,E01016898,Brighton and Hove 002A,Violence and sexual offences,Further investigation is not in the public interest,
,2017-03,Sussex Police,Sussex Police,-0.101118,50.870733,On or near Parking Area,E01016899,Brighton and Hove 002B,Anti-social behaviour,,
,2017-03,Sussex Police,Sussex Police,-0.085701,50.863017,On or near Falmer Hill,E01016899,Brighton and Hove 002B,Anti-social behaviour,,
,2017-03,Sussex Police,Sussex Police,-0.101118,50.870733,On or near Parking Area,E01016899,Brighton and Hove 002B,Anti-social behaviour,,
,2017-03,Sussex Police,Sussex Police,-0.105865,50.864093,On or near A27,E01016899,Brighton and Hove 002B,Anti-social behaviour,,
,2017-03,Sussex Police,Sussex Police,-0.107467,50.860323,On or near Rushlake Road,E01016899,Brighton and Hove 002B,Anti-social behaviour,,
1467e9972aa68031e50c3d0de36ebecf1b7b84599d105000a3036dea2a1337fc,2017-03,Sussex Police,Sussex Police,-0.085701,50.863017,On or near Falmer Hill,E01016899,Brighton and Hove 002B,Bicycle theft,Investigation complete; no suspect identified,
90f6944ddc3295007dd180534eede7f3d262d069541660cc1382f654a63f47a6,2017-03,Sussex Police,Sussex Police,-0.085701,50.863017,On or near Falmer Hill,E01016899,Brighton and Hove 002B,Bicycle theft,Investigation complete; no suspect identified,
5759a400af4d4fe9d8110a7944cf79021d27c7326e5adea5eed546946c533f88,2017-03,Sussex Police,Sussex Police,-0.089537,50.869978,On or near Park Village Road,E01016899,Brighton and Hove 002B,Burglary,Awaiting court outcome,
bd19bc08534a3cc47777faff5741999a108b38473929a6f4a61cebc5c6410851,2017-03,Sussex Police,Sussex Police,-0.085701,50.863017,On or near Falmer Hill,E01016899,Brighton and Hove 002B,Burglary,Investigation complete; no suspect identified,
6509d99637940d56a48a11f91411d3b9d73eaa25b8ea56bd4b6753fb90d04ea0,2017-03,Sussex Police,Sussex Police,-0.102381,50.857480,On or near Lewes Road,E01016899,Brighton and Hove 002B,Criminal damage and arson,Investigation complete; no suspect identified,
96a915730adc7822e31631cf635c47a020d8ad89b9c4d533feb660f61b5d8ae2,2017-03,Sussex Police,Sussex Police,-0.089537,50.869978,On or near Park Village Road,E01016899,Brighton and Hove 002B,Criminal damage and arson,Unable to prosecute suspect,
c36d17b52476a2b30c509edfae17afaded776d3e8196240cd21511233ad2fb1f,2017-03,Sussex Police,Sussex Police,-0.107467,50.860323,On or near Rushlake Road,E01016899,Brighton and Hove 002B,Criminal damage and arson,Investigation complete; no suspect identified,
7cdf5e287f6a22472c65f2c331a5fb943ce7aa0df570d5ab5a22a7d3030cdfc1,2017-03,Sussex Police,Sussex Police,-0.087809,50.866721,On or near Pedestrian Subway,E01016899,Brighton and Hove 002B,Criminal damage and arson,Unable to prosecute suspect,
62f0ecc0ce24159820f97e691d5922d765b1d669331a77b404a0dd8a304ae899,2017-03,Sussex Police,Sussex Police,-0.089537,50.869978,On or near Park Village Road,E01016899,Brighton and Hove 002B,Criminal damage and arson,Investigation complete; no suspect identified,
8cd469f38aca84e4806489d213b467ca2095604feae9038324e9559cab5d189a,2017-03,Sussex Police,Sussex Police,-0.089537,50.869978,On or near Park Village Road,E01016899,Brighton and Hove 002B,Criminal damage and arson,Unable to prosecute suspect,
f4f990273f03b9dbce14c9851b964a953fe659926cacb76c89d249b64cf69882,2017-03,Sussex Police,Sussex Police,-0.087809,50.866721,On or near Pedestrian Subway,E01016899,Brighton and Hove 002B,Criminal damage and arson,Investigation complete; no suspect identified,
bf93bc2f784fa9ef08e491fb09b0dbf7fd47c99fd4b030439bf9648aa60f69de,2017-03,Sussex Police,Sussex Police,-0.089537,50.869978,On or near Park Village Road,E01016899,Brighton and Hove 002B,Drugs,Unable to prosecute suspect,
807eef5ed731a8273b4c8e96af7a3ae9f6a9f728b15d1da22bc4e1007d111c1a,2017-03,Sussex Police,Sussex Police,-0.089537,50.869978,On or near Park Village Road,E01016899,Brighton and Hove 002B,Drugs,Offender given a drugs possession warning,
6d0f820d9626caea4024acccd4fc047171321fdc227bc52f90480b3181f258c9,2017-03,Sussex Police,Sussex Police,-0.089537,50.869978,On or near Park Village Road,E01016899,Brighton and Hove 002B,Drugs,Offender given a drugs possession warning,
591165c503ebdfe70f656d54a891264cec09d2d7e04a41a3c66e5af7f66e2682,2017-03,Sussex Police,Sussex Police,-0.087809,50.866721,On or near Pedestrian Subway,E01016899,Brighton and Hove 002B,Other theft,Investigation complete; no suspect identified,
10db92ede4356db682714cfb7ada67f46831bddf06c0d603367ab2b87a7f9144,2017-03,Sussex Police,Sussex Police,-0.108532,50.859279,On or near Arlington Crescent,E01016899,Brighton and Hove 002B,Other theft,Unable to prosecute suspect,
e0dbfb3dc5708d024eadbe2c46c0419318d7544ffe102e4a07769647f80e1c2c,2017-03,Sussex Police,Sussex Police,-0.085701,50.863017,On or near Falmer Hill,E01016899,Brighton and Hove 002B,Other theft,Investigation complete; no suspect identified,
d51706b7f0b8d18b0dc28997845bb3933edbf47072d42962f2e3a4b1866c3985,2017-03,Sussex Police,Sussex Police,-0.085701,50.863017,On or near Falmer Hill,E01016899,Brighton and Hove 002B,Other theft,Investigation complete; no suspect identified,
0ed52f7c182c7ef83ded8592d2a3d9c0132f1c5c1ac2826e4f4e16e4b9fb7d61,2017-03,Sussex Police,Sussex Police,-0.089537,50.869978,On or near Park Village Road,E01016899,Brighton and Hove 002B,Other theft,Unable to prosecute suspect,
df83d38e097606e34558f747bbf04f43991d4ae14313a72fae9de7edda669fd8,2017-03,Sussex Police,Sussex Police,-0.087809,50.866721,On or near Pedestrian Subway,E01016899,Brighton and Hove 002B,Other theft,Investigation complete; no suspect identified,
462cc58a561c46a7c237c674827cd7061bba0df9b3c76096195f9389de9b0c31,2017-03,Sussex Police,Sussex Police,-0.087809,50.866721,On or near Pedestrian Subway,E01016899,Brighton and Hove 002B,Other theft,Investigation complete; no suspect identified,
73cc4a5ffc0b0be800f6414e9cb7e4555f8e60c6ebd65f6f2ddfdcc9b50ae9fd,2017-03,Sussex Police,Sussex Police,-0.087809,50.866721,On or near Pedestrian Subway,E01016899,Brighton and Hove 002B,Public order,Investigation complete; no suspect identified,
d9339ec79f7e8c5877b59d73a2f934d91ce30cfb95688419af48e8b9b92cba07,2017-03,Sussex Police,Sussex Police,-0.108532,50.859279,On or near Arlington Crescent,E01016899,Brighton and Hove 002B,Violence and sexual offences,Unable to prosecute suspect,
8d162746c86ceeba354ae7e0e9667b5c191180e213768c1b6df1195c2f489f44,2017-03,Sussex Police,Sussex Police,-0.102381,50.857480,On or near Lewes Road,E01016899,Brighton and Hove 002B,Violence and sexual offences,Unable to prosecute suspect,
30eb6235740aaf3ced1dfd0b4226d5a1ccb5de3f93b06bb9dd10aaecedd61ac4,2017-03,Sussex Police,Sussex Police,-0.105295,50.858507,On or near Park Road,E01016899,Brighton and Hove 002B,Violence and sexual offences,Unable to prosecute suspect,
e50998b965805028f41dc81900af000e791d987f31bdd58fa77dbbadc9b2c7ba,2017-03,Sussex Police,Sussex Police,-0.089537,50.869978,On or near Park Village Road,E01016899,Brighton and Hove 002B,Violence and sexual offences,Further investigation is not in the public interest,
,2017-03,Sussex Police,Sussex Police,-0.096035,50.857349,On or near Egginton Close,E01016914,Brighton and Hove 002C,Anti-social behaviour,,
,2017-03,Sussex Police,Sussex Police,-0.082292,50.860551,On or near Village Way,E01016914,Brighton and Hove 002C,Anti-social behaviour,,
,2017-03,Sussex Police,Sussex Police,-0.101001,50.854723,On or near Bolney Road,E01016914,Brighton and Hove 002C,Anti-social behaviour,,
,2017-03,Sussex Police,Sussex Police,-0.100947,50.855361,On or near Halland Road,E01016914,Brighton and Hove 002C,Anti-social behaviour,,
b9475f3d2a841090a522b93bfe39db244a9324c5b6679b41134b8648ccfee9d0,2017-03,Sussex Police,Sussex Police,-0.096035,50.857349,On or near Egginton Close,E01016914,Brighton and Hove 002C,Bicycle theft,Offender given a caution,
d4b3ddee775c881470217f6bf9707f111b30fa56a814e0412348a444dc06af85,2017-03,Sussex Police,Sussex Police,-0.103724,50.857313,On or near Pedestrian Subway,E01016914,Brighton and Hove 002C,Criminal damage and arson,Investigation complete; no suspect identified,
45d17005f1c94a73ac0e2fb92d88bb1d9cf481dbbae4e7286d9d58fa25576d96,2017-03,Sussex Police,Sussex Police,-0.103039,50.857374,On or near Coldean Lane,E01016914,Brighton and Hove 002C,Criminal damage and arson,Investigation complete; no suspect identified,
ab24a47c6caf24fcbd320a80501a005ce4257d35a1d136784ca3df053cd7d13d,2017-03,Sussex Police,Sussex Police,-0.103039,50.857374,On or near Coldean Lane,E01016914,Brighton and Hove 002C,Criminal damage and arson,Investigation complete; no suspect identified,
292fbd14e12eb5745799f200bf8ff26b215f15be4da4e4299ccd71e90df6c97c,2017-03,Sussex Police,Sussex Police,-0.099963,50.856505,On or near Parking Area,E01016914,Brighton and Hove 002C,Drugs,Status update unavailable,
fd6cd03b4fef7246c5457437ce37817713ff6be0146d6be4ad01a93e32a1bedd,2017-03,Sussex Police,Sussex Police,-0.084488,50.860353,On or near Further/Higher Educational Building,E01016914,Brighton and Hove 002C,Other theft,Investigation complete; no suspect identified,
7ccdc95eeeb828e19ca1f29ae46858d7ae6d24051b762cc108e8a4a5f939568d,2017-03,Sussex Police,Sussex Police,-0.100947,50.855361,On or near Halland Road,E01016914,Brighton and Hove 002C,Other theft,Unable to prosecute suspect,
a3d6f05583ffe04097b1b60ec5063dc714767207bbad5d805af97b13ea3e0c0b,2017-03,Sussex Police,Sussex Police,-0.087807,50.862584,On or near Pedestrian Subway,E01016914,Brighton and Hove 002C,Possession of weapons,Further investigation is not in the public interest,
8fcba67b6bdbd7da63386c21dab9ff3f269940060fe481674e7b29493d802593,2017-03,Sussex Police,Sussex Police,-0.101001,50.854723,On or near Bolney Road,E01016914,Brighton and Hove 002C,Public order,Investigation complete; no suspect identified,
7ef77ac588e58f7f5ccb22f7d617bba751cab5746e1df55e166f55bade156675,2017-03,Sussex Police,Sussex Police,-0.087807,50.862584,On or near Pedestrian Subway,E01016914,Brighton and Hove 002C,Public order,Investigation complete; no suspect identified,
db8f0f3c2c615d88c45b3e6c75f9e4bba89cd07ca385545fa856098ecb0c6251,2017-03,Sussex Police,Sussex Police,-0.087807,50.862584,On or near Pedestrian Subway,E01016914,Brighton and Hove 002C,Public order,Court result unavailable,
35274d6b81a5deb435b1619aaf387a2c580f8e937b71a37ff720472d817431a1,2017-03,Sussex Police,Sussex Police,-0.103724,50.857313,On or near Pedestrian Subway,E01016914,Brighton and Hove 002C,Violence and sexual offences,Offender given a caution,
59dbff84d7c476f931b7856c36149e0757372f08ce6bb9deaea817a964c4b38c,2017-03,Sussex Police,Sussex Police,-0.087807,50.862584,On or near Pedestrian Subway,E01016914,Brighton and Hove 002C,Violence and sexual offences,Status update unavailable,
99c08eaf0e3244a73280cc20be7504f33538fe43995896cc20226d35407b8d0f,2017-03,Sussex Police,Sussex Police,-0.100947,50.855361,On or near Halland Road,E01016914,Brighton and Hove 002C,Violence and sexual offences,Offender given a caution,
acf41964f04afe6f9479871c0cd6f49d2c79157c8139d19d57fbf5c063f95a50,2017-03,Sussex Police,Sussex Police,-0.087807,50.862584,On or near Pedestrian Subway,E01016914,Brighton and Hove 002C,Violence and sexual offences,Investigation complete; no suspect identified,
b09399e4d1ea9b9a18de2b87586e2846a231d6300e52c52b63b2bb863ab5987e,2017-03,Sussex Police,Sussex Police,-0.097525,50.857050,On or near Lucraft Road,E01016914,Brighton and Hove 002C,Violence and sexual offences,Defendant found not guilty,
e95596bb3966e8a6d6095f7ac8e45f37d31162a72cdec46f360096c266d2bd25,2017-03,Sussex Police,Sussex Police,-0.099963,50.856505,On or near Parking Area,E01016914,Brighton and Hove 002C,Violence and sexual offences,Status update unavailable,
c5cb8389302faffc11a65abd479b85253ee22f0e761fbf5c635cd26a42cb093e,2017-03,Sussex Police,Sussex Police,-0.100947,50.855361,On or near Halland Road,E01016914,Brighton and Hove 002C,Violence and sexual offences,Offender given a caution,
5705acc836234cc3603675793debfc82086c9637dfb5a69e6189ac811153c978,2017-03,Sussex Police,Sussex Police,-0.101001,50.854723,On or near Bolney Road,E01016914,Brighton and Hove 002C,Violence and sexual offences,Unable to prosecute suspect,
13760ace10f0be70ccf88523455b776a0ffad6794f31da9b0f6050156b57d8ff,2017-03,Sussex Police,Sussex Police,-0.100947,50.855361,On or near Halland Road,E01016914,Brighton and Hove 002C,Violence and sexual offences,Offender given a caution,
8d99761b803a46552d5578795cdcda8967da8a2c812af023f636b571f537b897,2017-03,Sussex Police,Sussex Police,-0.087807,50.862584,On or near Pedestrian Subway,E01016914,Brighton and Hove 002C,Violence and sexual offences,Investigation complete; no suspect identified,
632e26d1a5fd395cc6bfd95dad6b69fff44a96b60087b745eaf724116cc6063b,2017-03,Sussex Police,Sussex Police,-0.087807,50.862584,On or near Pedestrian Subway,E01016914,Brighton and Hove 002C,Violence and sexual offences,Investigation complete; no suspect identified,
208cf7af519986d3b23e0ccdbaface9731c4d796f91b33fa6311428556b7a56e,2017-03,Sussex Police,Sussex Police,-0.087807,50.862584,On or near Pedestrian Subway,E01016914,Brighton and Hove 002C,Violence and sexual offences,Investigation complete; no suspect identified,
45150558cb3b1934eeca81345dc2cd30775746ea59245f1647301a4fb1d765bb,2017-03,Sussex Police,Sussex Police,-0.087807,50.862584,On or near Pedestrian Subway,E01016914,Brighton and Hove 002C,Violence and sexual offences,Investigation complete; no suspect identified,
,2017-03,Sussex Police,Sussex Police,-0.100247,50.854405,On or near Stonecross Road,E01016915,Brighton and Hove 002D,Anti-social behaviour,,
,2017-03,Sussex Police,Sussex Police,-0.101944,50.853911,On or near Shortgate Road,E01016915,Brighton and Hove 002D,Anti-social behaviour,,
,2017-03,Sussex Police,Sussex Police,-0.102830,50.853422,On or near Sullington Close,E01016915,Brighton and Hove 002D,Anti-social behaviour,,
,2017-03,Sussex Police,Sussex Police,-0.104239,50.855810,On or near Chailey Road,E01016915,Brighton and Hove 002D,Anti-social behaviour,,
,2017-03,Sussex Police,Sussex Police,-0.102830,50.853422,On or near Sullington Close,E01016915,Brighton and Hove 002D,Anti-social behaviour,,
,2017-03,Sussex Police,Sussex Police,-0.104584,50.855708,On or near Newick Road,E01016915,Brighton and Hove 002D,Anti-social behaviour,,
,2017-03,Sussex Police,Sussex Police,-0.104584,50.855708,On or near Newick Road,E01016915,Brighton and Hove 002D,Anti-social behaviour,,
6b1b620d62d6a245187aadc7f5d9dd61dfbb3ba5dff0839abe7c15dea00200c4,2017-03,Sussex Police,Sussex Police,-0.109871,50.852511,On or near Home Farm Road,E01016915,Brighton and Hove 002D,Bicycle theft,Investigation complete; no suspect identified,
0ffc69ec88ec9cb6d4a9d36c598f7fd7aecbf84ba959a3df539b1fc9f0fdd68a,2017-03,Sussex Police,Sussex Police,-0.107421,50.855826,On or near Barcombe Road,E01016915,Brighton and Hove 002D,Burglary,Investigation complete; no suspect identified,
a988b942c8e85afb2b39e2031c3bb2146113c4a902b8de6fc0a4b3440a0600bd,2017-03,Sussex Police,Sussex Police,-0.102059,50.855973,On or near Ringmer Drive,E01016915,Brighton and Hove 002D,Criminal damage and arson,Unable to prosecute suspect,
ba7924dde8b67f09a23bba14f2ac2f9de09f6e4ccd4fd3605bf4d8d451c4db6f,2017-03,Sussex Police,Sussex Police,-0.100247,50.854405,On or near Stonecross Road,E01016915,Brighton and Hove 002D,Criminal damage and arson,Investigation complete; no suspect identified,
eecf355914f15f6833f78429cba249e02e97ed96d979797d2ea6d2e217b5f77c,2017-03,Sussex Police,Sussex Police,-0.102830,50.853422,On or near Sullington Close,E01016915,Brighton and Hove 002D,Criminal damage and arson,Investigation complete; no suspect identified,
dd37f79fafa589b3334ecd551fccb8555b54599f138cc5b0e64ab7148c739646,2017-03,Sussex Police,Sussex Police,-0.107421,50.855826,On or near Barcombe Road,E01016915,Brighton and Hove 002D,Criminal damage and arson,Investigation complete; no suspect identified,
e9bb6d65aeb0c581cc102ba555af515c536223fc3134cca3aa16650c9e714e1f,2017-03,Sussex Police,Sussex Police,-0.102830,50.853422,On or near Sullington Close,E01016915,Brighton and Hove 002D,Other theft,Status update unavailable,
f9b1e89e8241cddbcca023e615d03208e65bfe48e51c03dac3017fdd77679f78,2017-03,Sussex Police,Sussex Police,-0.100247,50.854405,On or near Stonecross Road,E01016915,Brighton and Hove 002D,Violence and sexual offences,Unable to prosecute suspect,
1d880cec7b1f301bb1815a1fa6ec06f188bd0585375638d062403155b2892432,2017-03,Sussex Police,Sussex Police,-0.100247,50.854405,On or near Stonecross Road,E01016915,Brighton and Hove 002D,Violence and sexual offences,Unable to prosecute suspect,
1b38da69256335243ef7d402f117014647d258fbc435225d5a7ab52cee07a7e7,2017-03,Sussex Police,Sussex Police,-0.104239,50.855810,On or near Chailey Road,E01016915,Brighton and Hove 002D,Violence and sexual offences,Investigation complete; no suspect identified,
74a8ec990a07f61f236d63a61be539c54ca93c245583fe675e5de7717be13967,2017-03,Sussex Police,Sussex Police,-0.100247,50.854405,On or near Stonecross Road,E01016915,Brighton and Hove 002D,Violence and sexual offences,Unable to prosecute suspect,
9c8d07aa508eeb8998defdab3f5d477898fd2f5de6fa4f7fe5121b6d804bd429,2017-03,Sussex Police,Sussex Police,-0.100247,50.854405,On or near Stonecross Road,E01016915,Brighton and Hove 002D,Violence and sexual offences,Unable to prosecute suspect,
45e0b539ee5ad0a958d8bd64aa20501f676937bdf18cd4f5bc51402455bc4867,2017-03,Sussex Police,Sussex Police,-0.107907,50.853657,On or near Ringmer Road,E01016915,Brighton and Hove 002D,Other crime,Court result unavailable,
,2017-03,Sussex Police,Sussex Police,-0.150877,50.857089,On or near Overhill Gardens,E01016923,Brighton and Hove 003A,Anti-social behaviour,,
,2017-03,Sussex Police,Sussex Police,-0.152299,50.858497,On or near The Woodlands,E01016923,Brighton and Hove 003A,Anti-social behaviour,,
72cefd9c44acc421a019f78ea87f4f336475f1305d6c37010969bb8923c3cc92,2017-03,Sussex Police,Sussex Police,-0.151127,50.858667,On or near Ridgeside Avenue,E01016923,Brighton and Hove 003A,Burglary,Investigation complete; no suspect identified,
5ac4a95c0ce5728d71b139c945513269f550ffb6ac009294a5a8a3d432d858d1,2017-03,Sussex Police,Sussex Police,-0.150877,50.857089,On or near Overhill Gardens,E01016923,Brighton and Hove 003A,Other theft,Unable to prosecute suspect,
8b0a90895b3351cd306e5105179f6e4888f301f722830fcb5e27bbca8a7aaf1c,2017-03,Sussex Police,Sussex Police,-0.152935,50.857508,On or near South Woodlands,E01016923,Brighton and Hove 003A,Vehicle crime,Investigation complete; no suspect identified,
a08c83d860b667a94bbe784f90f2bf275e66f2e80d3c9240705cf9e5d5f45348,2017-03,Sussex Police,Sussex Police,-0.152935,50.857508,On or near South Woodlands,E01016923,Brighton and Hove 003A,Violence and sexual offences,Further investigation is not in the public interest,
,2017-03,Sussex Police,Sussex Police,-0.156330,50.867617,On or near London Road,E01016928,Brighton and Hove 003B,Anti-social behaviour,,
,2017-03,Sussex Police,Sussex Police,-0.149957,50.863118,On or near Brompton Close,E01016928,Brighton and Hove 003B,Anti-social behaviour,,
,2017-03,Sussex Police,Sussex Police,-0.145448,50.862147,On or near Winfield Avenue,E01016928,Brighton and Hove 003B,Anti-social behaviour,,
,2017-03,Sussex Police,Sussex Police,-0.145448,50.862147,On or near Winfield Avenue,E01016928,Brighton and Hove 003B,Anti-social behaviour,,
,2017-03,Sussex Police,Sussex Police,-0.151497,50.863331,On or near Petrol Station,E01016928,Brighton and Hove 003B,Anti-social behaviour,,
,2017-03,Sussex Police,Sussex Police,-0.152404,50.860153,On or near Brangwyn Way,E01016928,Brighton and Hove 003B,Anti-social behaviour,,
fd5da852fa30e5f1c269957b14d27cf72589ccd35010e35ad2002d429a18a267,2017-03,Sussex Police,Sussex Police,-0.156330,50.867617,On or near London Road,E01016928,Brighton and Hove 003B,Other theft,Status update unavailable,
df26661a8213c46907fd63731ade5d9efc9fe6f58a58a907d6a09e14af9c0481,2017-03,Sussex Police,Sussex Police,-0.151497,50.863331,On or near Petrol Station,E01016928,Brighton and Hove 003B,Other theft,Investigation complete; no suspect identified,
dc4a492ab2dff3fb7240daf5fc191d727ab2ffc27f66248564271f641999991e,2017-03,Sussex Police,Sussex Police,-0.151474,50.866065,On or near Church Hill,E01016928,Brighton and Hove 003B,Vehicle crime,Investigation complete; no suspect identified,
571a1cfa5ca3fa682b3a97c0e6e2d3cb3df577515d2cfa66913b89cb044d9ad4,2017-03,Sussex Police,Sussex Police,-0.154011,50.862652,On or near Brangwyn Crescent,E01016928,Brighton and Hove 003B,Vehicle crime,Investigation complete; no suspect identified,
9837d36f104a36cde3c1645eb86d7b6ed8d93b8c4c3b706a5498b37fb2314e3c,2017-03,Sussex Police,Sussex Police,-0.151474,50.866065,On or near Church Hill,E01016928,Brighton and Hove 003B,Vehicle crime,Investigation complete; no suspect identified,
91b3e1e4168a480294f4068457d5e904ebe206b452f33f680973582e1aa64878,2017-03,Sussex Police,Sussex Police,-0.151474,50.866065,On or near Church Hill,E01016928,Brighton and Hove 003B,Vehicle crime,Unable to prosecute suspect,
9db8c1118661b43af900a2a55924e75b20c5d93042de373f786ee797a2615020,2017-03,Sussex Police,Sussex Police,-0.151474,50.866065,On or near Church Hill,E01016928,Brighton and Hove 003B,Vehicle crime,Investigation complete; no suspect identified,
ab4e0d5d8968fbe0f4db9e0dfa48c40f974a3c822eb08aba971c5d7c1f232fa3,2017-03,Sussex Police,Sussex Police,-0.150141,50.860972,On or near Audrey Close,E01016928,Brighton and Hove 003B,Violence and sexual offences,Further investigation is not in the public interest,
3de4fc55ec45ede9af9ae437e737e54860bac01d4a83d5405ec0e449a0ebabf0,2017-03,Sussex Police,Sussex Police,-0.154209,50.860514,On or near Brangwyn Drive,E01016928,Brighton and Hove 003B,Violence and sexual offences,Unable to prosecute suspect,
,2017-03,Sussex Police,Sussex Police,-0.162849,50.857611,On or near Hillcrest,E01016998,Brighton and Hove 003C,Anti-social behaviour,,
,2017-03,Sussex Police,Sussex Police,-0.158909,50.858070,On or near Dene Vale,E01016998,Brighton and Hove 003C,Anti-social behaviour,,
cc7c0a12e4fc92c6b5a2c0a4b8da9187d15d4c9d7a93945b4a3ab9a3e3f0a662,2017-03,Sussex Police,Sussex Police,-0.161884,50.861193,On or near Bramble Rise,E01016998,Brighton and Hove 003C,Criminal damage and arson,Local resolution,
,2017-03,Sussex Police,Sussex Police,-0.166263,50.864742,On or near Waterhall Road,E01016999,Brighton and Hove 003D,Anti-social behaviour,,
,2017-03,Sussex Police,Sussex Police,-0.169982,50.864855,On or near Sports/Recreation Area,E01016999,Brighton and Hove 003D,Anti-social behaviour,,
,2017-03,Sussex Police,Sussex Police,-0.168991,50.856053,On or near Gableson Avenue,E01016999,Brighton and Hove 003D,Anti-social behaviour,,
,2017-03,Sussex Police,Sussex Police,-0.165473,50.859892,On or near Westdene Drive,E01016999,Brighton and Hove 003D,Anti-social behaviour,,
,2017-03,Sussex Police,Sussex Police,-0.168991,50.856053,On or near Gableson Avenue,E01016999,Brighton and Hove 003D,Anti-social behaviour,,
,2017-03,Sussex Police,Sussex Police,-0.168991,50.856053,On or near Gableson Avenue,E01016999,Brighton and Hove 003D,Anti-social behaviour,,
c8a94f622d4cb2af279e500e31d4dcc8994b488b87025ada4ecc8d8143c37593,2017-03,Sussex Police,Sussex Police,-0.167024,50.859844,On or near Millcroft,E01016999,Brighton and Hove 003D,Burglary,Offender sent to prison,
3b0c4825225ebd73486035eef67f64aec4cc77c5f99d4369ed1da3c2c87790d4,2017-03,Sussex Police,Sussex Police,-0.170210,50.860128,On or near Green Ridge,E01016999,Brighton and Hove 003D,Burglary,Investigation complete; no suspect identified,
65b7ba1c2d6ce4d90c27893f73fe86021bc59da5c21d69eb048dd1ec1a56139e,2017-03,Sussex Police,Sussex Police,-0.164145,50.860069,On or near Mill Rise,E01016999,Brighton and Hove 003D,Public order,Investigation complete; no suspect identified,
eadfd8595f51f9902f6c47edd044b94e65383411a459b176605b71a475587ef2,2017-03,Sussex Police,Sussex Police,-0.161891,50.859925,On or near Bankside,E01016999,Brighton and Hove 003D,Public order,Status update unavailable,
5ceab4efb3e4c1ea253bb8d04f582b590864d603e5bbddfebfe54ae39390f475,2017-03,Sussex Police,Sussex Police,-0.164145,50.860069,On or near Mill Rise,E01016999,Brighton and Hove 003D,Public order,Status update unavailable,
e07d7f2ac05f4aad2f8bb82ccd11bca83e48e09e361ce4027ad035adcffaf786,2017-03,Sussex Police,Sussex Police,-0.171701,50.856509,On or near Whitethorn Drive,E01016999,Brighton and Hove 003D,Violence and sexual offences,Unable to prosecute suspect,
d1566343ae624bf12ed8360a7a1b0216803a151a116a133852671afdcd481b11,2017-03,Sussex Police,Sussex Police,-0.169347,50.859314,On or near Glen Rise,E01016999,Brighton and Hove 003D,Violence and sexual offences,Further investigation is not in the public interest,
57f57e72e9be13da3dc13bc822be30132e963651b2212acda074dae0946edfeb,2017-03,Sussex Police,Sussex Police,-0.169347,50.859314,On or near Glen Rise,E01016999,Brighton and Hove 003D,Violence and sexual offences,Further investigation is not in the public interest,
,2017-03,Sussex Police,Sussex Police,-0.158450,50.853126,On or near Parking Area,E01017000,Brighton and Hove 003E,Anti-social behaviour,,
6f33ea5a1920e505153f98ae679a088880d5b24b792ae9025286488ad2a46e34,2017-03,Sussex Police,Sussex Police,-0.165665,50.856099,On or near Valley Drive,E01017000,Brighton and Hove 003E,Burglary,Investigation complete; no suspect identified,
2f8d7fd62bc91126bd1626dd7c3601b084ecb07ab4d8cd07c61c3e97d262c294,2017-03,Sussex Police,Sussex Police,-0.154462,50.852316,On or near Withdean Rise,E01017000,Brighton and Hove 003E,Drugs,Status update unavailable,
ed2055cd2c89107a06fea91e332bb093edf216a187ff04813dea1bea38a57ef9,2017-03,Sussex Police,Sussex Police,-0.155261,50.856529,On or near The Deneway,E01017000,Brighton and Hove 003E,Violence and sexual offences,Unable to prosecute suspect,
,2017-03,Sussex Police,Sussex Police,-0.137310,50.860965,On or near Denton Drive,E01016925,Brighton and Hove 004A,Anti-social behaviour,,
d2da583acc28c90b3343a76572c7035fa2a1a8e52252ac15d203cabb09274228,2017-03,Sussex Police,Sussex Police,-0.137310,50.860965,On or near Denton Drive,E01016925,Brighton and Hove 004A,Other theft,Investigation complete; no suspect identified,
57879ea84acb9ac4e800f3cc1c2628626dfccdc5d2b2957be8f8ece7e04a14ad,2017-03,Sussex Police,Sussex Police,-0.137310,50.860965,On or near Denton Drive,E01016925,Brighton and Hove 004A,Vehicle crime,Investigation complete; no suspect identified,
d6dbf10b03269da93f73dcf30e8387e191cc0a72934997853902056446c6a026,2017-03,Sussex Police,Sussex Police,-0.128817,50.859795,On or near Fernhurst Crescent,E01016925,Brighton and Hove 004A,Violence and sexual offences,Action to be taken by another organisation,
76dd2bab08f595a51d62b9dd71f3dc573e1a921fc63450b4f6e22f472b90a8e1,2017-03,Sussex Police,Sussex Police,-0.131805,50.860742,On or near Crabtree Avenue,E01016925,Brighton and Hove 004A,Violence and sexual offences,Investigation complete; no suspect identified,
64b0493899f68f87faebe43d9831084784eccad8fc4df828bfa70b0f132db4a2,2017-03,Sussex Police,Sussex Police,-0.134786,50.860835,On or near Birch Grove Crescent,E01016925,Brighton and Hove 004A,Violence and sexual offences,Unable to prosecute suspect,
76b74aa8d33846f14bdeb346282b6322aedc298c2dea3455fdacf07ccaae2314,2017-03,Sussex Police,Sussex Police,-0.134786,50.860835,On or near Birch Grove Crescent,E01016925,Brighton and Hove 004A,Violence and sexual offences,Court result unavailable,
bd795b41d4250265c1b17e21ee5d8df940c77b8bef07367bd37f5b1dd4aa210c,2017-03,Sussex Police,Sussex Police,-0.127773,50.859248,On or near Rotherfield Crescent,E01016925,Brighton and Hove 004A,Violence and sexual offences,Further investigation is not in the public interest,
ca8eaa1f55d0520abe5653a632651f368d0be55398fe4aef9e18dc925cdedf78,2017-03,Sussex Police,Sussex Police,-0.128817,50.859795,On or near Fernhurst Crescent,E01016925,Brighton and Hove 004A,Violence and sexual offences,Unable to prosecute suspect,
,2017-03,Sussex Police,Sussex Police,-0.135745,50.855661,On or near Eastfield Crescent,E01016930,Brighton and Hove 004B,Anti-social behaviour,,
,2017-03,Sussex Police,Sussex Police,-0.135745,50.855661,On or near Eastfield Crescent,E01016930,Brighton and Hove 004B,Anti-social behaviour,,
,2017-03,Sussex Police,Sussex Police,-0.140387,50.855412,On or near Beechwood Avenue,E01016930,Brighton and Hove 004B,Anti-social behaviour,,
e3d3a76e0f93d156f66550fe54fced132dfa4bd520adf70dff14ca9b7fe75585,2017-03,Sussex Police,Sussex Police,-0.135745,50.855661,On or near Eastfield Crescent,E01016930,Brighton and Hove 004B,Criminal damage and arson,Investigation complete; no suspect identified,
35b8b6439e95e4689482a5201acb8b6ab48ebe966921db41cbe0bef85f304163,2017-03,Sussex Police,Sussex Police,-0.138746,50.855934,On or near Westfield Close,E01016930,Brighton and Hove 004B,Public order,Status update unavailable,
,2017-03,Sussex Police,Sussex Police,-0.154380,50.850435,On or near Cedars Gardens,E01017001,Brighton and Hove 004C,Anti-social behaviour,,
,2017-03,Sussex Police,Sussex Police,-0.152549,50.850739,On or near The Approach,E01017001,Brighton and Hove 004C,Anti-social behaviour,,
,2017-03,Sussex Police,Sussex Police,-0.134974,50.852564,On or near Hollingbury Copse,E01017001,Brighton and Hove 004C,Anti-social behaviour,,
,2017-03,Sussex Police,Sussex Police,-0.152549,50.850739,On or near The Approach,E01017001,Brighton and Hove 004C,Anti-social behaviour,,
563afa0f4672d0159029e8af889a6990dfc45d3304c4364f2bbc99a9e6587417,2017-03,Sussex Police,Sussex Police,-0.145415,50.850797,On or near Surrenden Road,E01017001,Brighton and Hove 004C,Robbery,Unable to prosecute suspect,
6de89e91753cea6c8ad28461157f20511cbd5b4935385ff1789f89e354f5072a,2017-03,Sussex Police,Sussex Police,-0.134974,50.852564,On or near Hollingbury Copse,E01017001,Brighton and Hove 004C,Violence and sexual offences,Investigation complete; no suspect identified,
ff0422e7d87b24290f90428da0c51c74ad6aac8643388f25f7cc6added77fb6b,2017-03,Sussex Police,Sussex Police,-0.151063,50.853459,On or near Peacock Lane,E01017001,Brighton and Hove 004C,Violence and sexual offences,Investigation complete; no suspect identified,
8a09ddfe4998cf8cbe6806a80c82ace640f8761e62efdd366234258def887e7d,2017-03,Sussex Police,Sussex Police,-0.145415,50.850797,On or near Surrenden Road,E01017001,Brighton and Hove 004C,Violence and sexual offences,Investigation complete; no suspect identified,
05cd627670bd11e5d2c0bb0139e6bd13f61fc81f188b8b88ff5ad7de2e5c6a10,2017-03,Sussex Police,Sussex Police,-0.134974,50.852564,On or near Hollingbury Copse,E01017001,Brighton and Hove 004C,Violence and sexual offences,Unable to prosecute suspect,
2d42a74a3c72b80dca417d77c9eaf33985da9f5f1afc04287318098ac6f0ae4f,2017-03,Sussex Police,Sussex Police,-0.152549,50.850739,On or near The Approach,E01017001,Brighton and Hove 004C,Violence and sexual offences,Unable to prosecute suspect,
1a814c16980a98156e8a41366801b4a4cf160d8837602d6ebbfd2a5acba34b16,2017-03,Sussex Police,Sussex Police,-0.135274,50.849295,On or near Ditchling Road,E01017001,Brighton and Hove 004C,Other crime,Status update unavailable,
bf8f36a73bf854968c541de6b04a373e42a35a7ef6eda1251a5fa3c3c193065b,2017-03,Sussex Police,Sussex Police,-0.143129,50.846111,On or near Bates Road,E01017003,Brighton and Hove 004D,Criminal damage and arson,Investigation complete; no suspect identified,
586d3616899d8b7135d6270af957063e43d94dd5c566767c65ad6315360840b8,2017-03,Sussex Police,Sussex Police,-0.144066,50.849714,On or near Varndean Holt,E01017003,Brighton and Hove 004D,Other theft,Unable to prosecute suspect,
14ac066e7c7ef51807cda920579449da52b49062ba6b9cd7fed7f61c107534fe,2017-03,Sussex Police,Sussex Police,-0.144066,50.849714,On or near Varndean Holt,E01017003,Brighton and Hove 004D,Theft from the person,Status update unavailable,
0241ea5a60c195cf8fa03abca6500b2c3594c694385452e8325bf341ee61bd60,2017-03,Sussex Police,Sussex Police,-0.143062,50.846731,On or near Loder Road,E01017003,Brighton and Hove 004D,Violence and sexual offences,Awaiting court outcome,
,2017-03,Sussex Police,Sussex Police,-0.230434,50.852900,On or near Stanley Avenue,E01016916,Brighton and Hove 005A,Anti-social behaviour,,
71c5d40f1dea198453f918e4db267c3185c8c72719089629d57b260ae5c9522d,2017-03,Sussex Police,Sussex Police,-0.233342,50.851505,On or near Oakdene Close,E01016916,Brighton and Hove 005A,Criminal damage and arson,Unable to prosecute suspect,
665cb359be6aeca37b2724aca1962744374ca42f5241865c8d2744a7bca923f0,2017-03,Sussex Police,Sussex Police,-0.226104,50.852798,On or near Sports/Recreation Area,E01016916,Brighton and Hove 005A,Criminal damage and arson,Investigation complete; no suspect identified,
c4955c6b180f1e17212e21b01e2100282dc18e34b0a1acac72463ae5ea0c565e,2017-03,Sussex Police,Sussex Police,-0.228466,50.852339,On or near Sports/Recreation Area,E01016916,Brighton and Hove 005A,Other theft,Unable to prosecute suspect,
313d12436d5ed803552f6fd4e86cd7cc7049fbeee459878d75f23aa80e9dc4dc,2017-03,Sussex Police,Sussex Police,-0.228466,50.852339,On or near Sports/Recreation Area,E01016916,Brighton and Hove 005A,Public order,Unable to prosecute suspect,
42697c4661ada9a5014175c4cc2508ea853092a3c559a1a9299bb9255de69d9f,2017-03,Sussex Police,Sussex Police,-0.226104,50.852798,On or near Sports/Recreation Area,E01016916,Brighton and Hove 005A,Public order,Unable to prosecute suspect,
4f0b39d9ffa07e1ed6b99b42bff34a3c434c9b017e3d77e6eefbd8578b100190,2017-03,Sussex Police,Sussex Police,-0.230434,50.852900,On or near Stanley Avenue,E01016916,Brighton and Hove 005A,Violence and sexual offences,Unable to prosecute suspect,
,2017-03,Sussex Police,Sussex Police,-0.226531,50.855781,On or near Overdown Rise,E01016917,Brighton and Hove 005B,Anti-social behaviour,,
,2017-03,Sussex Police,Sussex Police,-0.223457,50.853288,On or near Winfield Close,E01016917,Brighton and Hove 005B,Anti-social behaviour,,
,2017-03,Sussex Police,Sussex Police,-0.224722,50.852534,On or near Sports/Recreation Area,E01016917,Brighton and Hove 005B,Anti-social behaviour,,
dc8fcf0ad251862999080116fbbfb6094b95db4b30e0a96c54d15c66c5f227fe,2017-03,Sussex Police,Sussex Police,-0.223457,50.853288,On or near Winfield Close,E01016917,Brighton and Hove 005B,Criminal damage and arson,Further investigation is not in the public interest,
59baa562b423e53f9f83c934d79d0614686ef8758ad1f8cc8b64962e56cc8e7a,2017-03,Sussex Police,Sussex Police,-0.228112,50.855311,On or near Gorse Close,E01016917,Brighton and Hove 005B,Public order,Unable to prosecute suspect,
48ffc5c35452e5e560597ab48035bd8819edf2b6f3b4f0e768eca50538a96eb3,2017-03,Sussex Police,Sussex Police,-0.223602,50.852850,On or near Broomfield Drive,E01016917,Brighton and Hove 005B,Violence and sexual offences,Unable to prosecute suspect,
a8f22a7aeccfc726ff911c26650b738e78cc55ebc7d483dc052900b10c069ad4,2017-03,Sussex Police,Sussex Police,-0.223457,50.853288,On or near Winfield Close,E01016917,Brighton and Hove 005B,Violence and sexual offences,Court result unavailable,
5a03ed9c530fbe58c2176cd5f9d2e08c6f98b35b9aabe5bdb37a5a3a4c5236b8,2017-03,Sussex Police,Sussex Police,-0.224708,50.854773,On or near Truleigh Drive,E01016917,Brighton and Hove 005B,Violence and sexual offences,Unable to prosecute suspect,
69fd1c523a008626aa370f8324250c9023567c5aba96a287c98adae08db67b6d,2017-03,Sussex Police,Sussex Police,-0.223457,50.853288,On or near Winfield Close,E01016917,Brighton and Hove 005B,Violence and sexual offences,Unable to prosecute suspect,
,2017-03,Sussex Police,Sussex Police,-0.227496,50.849447,On or near Wickhurst Rise,E01016918,Brighton and Hove 005C,Anti-social behaviour,,
,2017-03,Sussex Police,Sussex Police,-0.229259,50.850912,On or near Stanley Avenue South,E01016918,Brighton and Hove 005C,Anti-social behaviour,,
b01504dafa08beec4f354e8a16e8d521dccc30b77b7a45ad9528b5e5dce99921,2017-03,Sussex Police,Sussex Police,-0.220353,50.851226,On or near Harebell Drive,E01016918,Brighton and Hove 005C,Public order,Unable to prosecute suspect,
607c12106c1e4850e5c23bd58442656cb133119f964c723cad477d7e06be4cc1,2017-03,Sussex Police,Sussex Police,-0.220353,50.851226,On or near Harebell Drive,E01016918,Brighton and Hove 005C,Public order,Unable to prosecute suspect,
db022d729ec14f5c31e8c72ba2f9f9a64c3a0b02ab219125f5d6abdeb241c3e3,2017-03,Sussex Police,Sussex Police,-0.225844,50.851427,On or near College Close,E01016918,Brighton and Hove 005C,Violence and sexual offences,Unable to prosecute suspect,
,2017-03,Sussex Police,Sussex Police,-0.215050,50.849482,On or near Crest Way,E01016919,Brighton and Hove 005D,Anti-social behaviour,,
,2017-03,Sussex Police,Sussex Police,-0.213791,50.848221,On or near Warrior Close,E01016919,Brighton and Hove 005D,Anti-social behaviour,,
,2017-03,Sussex Police,Sussex Police,-0.213791,50.848221,On or near Warrior Close,E01016919,Brighton and Hove 005D,Anti-social behaviour,,
,2017-03,Sussex Police,Sussex Police,-0.213791,50.848221,On or near Warrior Close,E01016919,Brighton and Hove 005D,Anti-social behaviour,,
,2017-03,Sussex Police,Sussex Police,-0.213791,50.848221,On or near Warrior Close,E01016919,Brighton and Hove 005D,Anti-social behaviour,,
,2017-03,Sussex Police,Sussex Police,-0.213791,50.848221,On or near Warrior Close,E01016919,Brighton and Hove 005D,Anti-social behaviour,,
1270314d0095ef4bf101830e8a39c76d683ad6f2987cec1bf56ec10d719b7077,2017-03,Sussex Police,Sussex Police,-0.210874,50.846495,On or near Hangleton Lane,E01016919,Brighton and Hove 005D,Criminal damage and arson,Investigation complete; no suspect identified,
3502483919c2be1b12d7b4e2a16d862a80d0f4ea60e3854e28d56ee066bbbde2,2017-03,Sussex Police,Sussex Police,-0.213791,50.848221,On or near Warrior Close,E01016919,Brighton and Hove 005D,Other theft,Unable to prosecute suspect,
,2017-03,Sussex Police,Sussex Police,-0.222004,50.847052,On or near The Crossway,E01016920,Brighton and Hove 005E,Anti-social behaviour,,
,2017-03,Sussex Police,Sussex Police,-0.222004,50.847052,On or near The Crossway,E01016920,Brighton and Hove 005E,Anti-social behaviour,,
7a4aade6c2e71bf253ae3df72e59f322ed9896774916433beea728e5cdc448b3,2017-03,Sussex Police,Sussex Police,-0.217986,50.848097,On or near Cornford Close,E01016920,Brighton and Hove 005E,Criminal damage and arson,Unable to prosecute suspect,
790037f06c9ce1bff2f48439953bec74990f8fb6ebad10304d743860d4ba72fb,2017-03,Sussex Police,Sussex Police,-0.216500,50.846842,On or near Elder Close,E01016920,Brighton and Hove 005E,Vehicle crime,Further investigation is not in the public interest,
,2017-03,Sussex Police,Sussex Police,-0.195251,50.854133,On or near Stonecroft Close,E01016882,Brighton and Hove 006A,Anti-social behaviour,,
3f2ebe2d23d8b3d1c4f162720d06cfe47b81cc0165238adc6924fe18f71e1a1d,2017-03,Sussex Police,Sussex Police,-0.196070,50.852418,On or near Barnet Way,E01016882,Brighton and Hove 006A,Other theft,Unable to prosecute suspect,
c3f1dcf6566a42956012ad16fc03de18363460dfb80e93ed570ff67f97b64660,2017-03,Sussex Police,Sussex Police,-0.196070,50.852418,On or near Barnet Way,E01016882,Brighton and Hove 006A,Violence and sexual offences,Unable to prosecute suspect,
5fd1c00baa00324609ccadd021a6009d61d95d08eb3f4fb0fa8859dd7ed669ea,2017-03,Sussex Police,Sussex Police,-0.198417,50.853822,On or near Honey Croft,E01016882,Brighton and Hove 006A,Violence and sexual offences,Unable to prosecute suspect,
,2017-03,Sussex Police,Sussex Police,-0.202472,50.851456,On or near Downsview,E01016883,Brighton and Hove 006B,Anti-social behaviour,,
5afe95368d8b96db0c8da237e4a32b0d2194deebf0181703a41dfe9ed42be9f3,2017-03,Sussex Police,Sussex Police,-0.205773,50.849861,On or near Sylvester Way,E01016883,Brighton and Hove 006B,Other theft,Unable to prosecute suspect,
,2017-03,Sussex Police,Sussex Police,-0.194977,50.844667,On or near Supermarket,E01016884,Brighton and Hove 006C,Anti-social behaviour,,
330283ad1a755e7b32c5b894068bc46807f04759378346aea3959cf9f24d4c65,2017-03,Sussex Police,Sussex Police,-0.188246,50.848664,On or near Clarke Avenue,E01016884,Brighton and Hove 006C,Other theft,Status update unavailable,
d657285af227027cc52af5f4db0179d117d97047e8fd413b6101ff8eaa792018,2017-03,Sussex Police,Sussex Police,-0.194977,50.844667,On or near Supermarket,E01016884,Brighton and Hove 006C,Vehicle crime,Court result unavailable,
a1a570aeaf4f6d5e08152520932a7e99a5163ea9850c3bdd65c21b1e434968e3,2017-03,Sussex Police,Sussex Police,-0.194977,50.844667,On or near Supermarket,E01016884,Brighton and Hove 006C,Violence and sexual offences,Unable to prosecute suspect,
be6ce1309a83d70cebeb6f5828b7096082811a08927f04e93fcab061c1b36a02,2017-03,Sussex Police,Sussex Police,-0.194977,50.844667,On or near Supermarket,E01016884,Brighton and Hove 006C,Violence and sexual offences,Status update unavailable,
abc72337931fc15332e6588f28cfb452544f5ad39ab6c5111a339ae749fb25c7,2017-03,Sussex Police,Sussex Police,-0.194977,50.844667,On or near Supermarket,E01016884,Brighton and Hove 006C,Other crime,Status update unavailable,
,2017-03,Sussex Police,Sussex Police,-0.183821,50.848469,On or near Hangleton Road,E01016885,Brighton and Hove 006D,Anti-social behaviour,,
,2017-03,Sussex Police,Sussex Police,-0.183896,50.848722,On or near Downland Crescent,E01016885,Brighton and Hove 006D,Anti-social behaviour,,
,2017-03,Sussex Police,Sussex Police,-0.193560,50.853036,On or near Hardwick Way,E01016885,Brighton and Hove 006D,Anti-social behaviour,,
,2017-03,Sussex Police,Sussex Police,-0.187666,50.850058,On or near Beeding Avenue,E01016885,Brighton and Hove 006D,Anti-social behaviour,,
807a3874281e8438ff8ec64004825f1221c2754c5617cc1fc788ee3fd190ca5c,2017-03,Sussex Police,Sussex Police,-0.185780,50.849615,On or near Clayton Way,E01016885,Brighton and Hove 006D,Bicycle theft,Investigation complete; no suspect identified,
3ea1c5fc62a486b9af70de72696fe4c94003722dc24a385f685b2a4d9158b258,2017-03,Sussex Police,Sussex Police,-0.185780,50.849615,On or near Clayton Way,E01016885,Brighton and Hove 006D,Bicycle theft,Investigation complete; no suspect identified,
dc4ec86dbd83a69a411dd7479380408a79d3a37f0e07c2622223a3c9fd008467,2017-03,Sussex Police,Sussex Police,-0.193377,50.852638,On or near Hardwick Road,E01016885,Brighton and Hove 006D,Bicycle theft,Investigation complete; no suspect identified,
49d417891e919a9244aca92c75c396fe55d57d1bdf8cc0cb91db8c03c755e160,2017-03,Sussex Police,Sussex Police,-0.193406,50.852260,On or near Harmsworth Crescent,E01016885,Brighton and Hove 006D,Burglary,Investigation complete; no suspect identified,
9afd2b5a2bc9ba50fadc117f8124e54a67d303a2c5bb0541b741d73cd728ff69,2017-03,Sussex Police,Sussex Police,-0.193406,50.852260,On or near Harmsworth Crescent,E01016885,Brighton and Hove 006D,Criminal damage and arson,Investigation complete; no suspect identified,
b7d35d145429c2cda51e0fd71177a54d6583411942780b76859b82fb6df1b1e5,2017-03,Sussex Police,Sussex Police,-0.193406,50.852260,On or near Harmsworth Crescent,E01016885,Brighton and Hove 006D,Criminal damage and arson,Investigation complete; no suspect identified,
76a7b615ea32281df7bb64950fc076d0406f9f744bd6c1e211f1ff43adaf854b,2017-03,Sussex Police,Sussex Police,-0.178493,50.852856,On or near King George Vi Avenue,E01016885,Brighton and Hove 006D,Possession of weapons,Status update unavailable,
c98c89f1c153af6c5545033740ebf7544d5ee44921f26db2a7d7fe25c6a4f616,2017-03,Sussex Police,Sussex Police,-0.193406,50.852260,On or near Harmsworth Crescent,E01016885,Brighton and Hove 006D,Public order,Investigation complete; no suspect identified,
b8ccd976c27c05506384aec3fa703c5912120b0ed6f42aee14fb369d4c0e5a72,2017-03,Sussex Police,Sussex Police,-0.193406,50.852260,On or near Harmsworth Crescent,E01016885,Brighton and Hove 006D,Public order,Status update unavailable,
91f0f9216bcb1470c04524ec99fc5f8fd30b9954cde4139d525a5f183eda0147,2017-03,Sussex Police,Sussex Police,-0.193377,50.852638,On or near Hardwick Road,E01016885,Brighton and Hove 006D,Public order,Unable to prosecute suspect,
2252dd408f3f4efebb615d2e7b81162fc717fdbd7d07102de52573d2d09fd1f3,2017-03,Sussex Police,Sussex Police,-0.187666,50.850058,On or near Beeding Avenue,E01016885,Brighton and Hove 006D,Violence and sexual offences,Unable to prosecute suspect,
390bc0756fa9978c2f6d72630538370cd42e0c55a7a6e6b5f6d594b07ddbe8e3,2017-03,Sussex Police,Sussex Police,-0.187446,50.850963,On or near Poynings Drive,E01016885,Brighton and Hove 006D,Violence and sexual offences,Unable to prosecute suspect,
2ab236e3bf91d94971ee6a26cddb6c4919451517c7ce77193b6f44a8833eac86,2017-03,Sussex Police,Sussex Police,-0.187446,50.850963,On or near Poynings Drive,E01016885,Brighton and Hove 006D,Violence and sexual offences,Unable to prosecute suspect,
50f13420167ff4ee2ca15dc20a24a7a06e351ba20ac14a5da2ea5333cac73ff6,2017-03,Sussex Police,Sussex Police,-0.183896,50.848722,On or near Downland Crescent,E01016885,Brighton and Hove 006D,Violence and sexual offences,Investigation complete; no suspect identified,
3740f485e47b57cb1f9b6c0f0e9d1a40ce028617308ec3b751c6d0d96bac7115,2017-03,Sussex Police,Sussex Police,-0.187446,50.850963,On or near Poynings Drive,E01016885,Brighton and Hove 006D,Violence and sexual offences,Further investigation is not in the public interest,
27bf56e54c6f3652c1410d3e904f90ff5f90ccccfef3e4be064162fe42fa8104,2017-03,Sussex Police,Sussex Police,-0.187666,50.850058,On or near Beeding Avenue,E01016885,Brighton and Hove 006D,Violence and sexual offences,Offender given conditional discharge,
,2017-03,Sussex Police,Sussex Police,-0.195189,50.844347,On or near Hangleton Road,E01016886,Brighton and Hove 006E,Anti-social behaviour,,
,2017-03,Sussex Police,Sussex Police,-0.195189,50.844347,On or near Hangleton Road,E01016886,Brighton and Hove 006E,Anti-social behaviour,,
,2017-03,Sussex Police,Sussex Police,-0.193085,50.846949,On or near Applesham Avenue,E01016886,Brighton and Hove 006E,Anti-social behaviour,,
,2017-03,Sussex Police,Sussex Police,-0.195189,50.844347,On or near Hangleton Road,E01016886,Brighton and Hove 006E,Anti-social behaviour,,
,2017-03,Sussex Police,Sussex Police,-0.195598,50.846260,On or near Kingston Close,E01016886,Brighton and Hove 006E,Anti-social behaviour,,
d32136b9f027fad829dcb9a2fbd6ce4546b9c5469da908b54ae972d8feab7874,2017-03,Sussex Police,Sussex Police,-0.193202,50.848345,On or near Thornhill Close,E01016886,Brighton and Hove 006E,Vehicle crime,Investigation complete; no suspect identified,
c87220c735376c59246a2a18e96b3d210f85e266bceb5f658cde3a8e28e3b3b6,2017-03,Sussex Police,Sussex Police,-0.189160,50.851475,On or near Nutley Close,E01016886,Brighton and Hove 006E,Violence and sexual offences,Unable to prosecute suspect,
b600dafaf409ba31eebcd760c0babecd136913a580318882d8702d5bbfc2866c,2017-03,Sussex Police,Sussex Police,-0.195189,50.844347,On or near Hangleton Road,E01016886,Brighton and Hove 006E,Violence and sexual offences,Unable to prosecute suspect,
317d8e7b85b35acb16876306ce76f8c9438e1b8e6ee7efb3207fc56a8156e01d,2017-03,Sussex Police,Sussex Police,-0.189160,50.851475,On or near Nutley Close,E01016886,Brighton and Hove 006E,Violence and sexual offences,Defendant found not guilty,
,2017-03,Sussex Police,Sussex Police,-0.170324,50.842700,On or near Goldstone Crescent,E01016980,Brighton and Hove 007A,Anti-social behaviour,,
,2017-03,Sussex Police,Sussex Police,-0.177564,50.842067,On or near Parking Area,E01016980,Brighton and Hove 007A,Anti-social behaviour,,
,2017-03,Sussex Police,Sussex Police,-0.181476,50.845924,On or near Frant Road,E01016980,Brighton and Hove 007A,Anti-social behaviour,,
96ccbd50980e767cfacd26657a783f5835fb7eedfcb1e66bad3feb27bed0c4e2,2017-03,Sussex Police,Sussex Police,-0.181476,50.845924,On or near Frant Road,E01016980,Brighton and Hove 007A,Bicycle theft,Investigation complete; no suspect identified,
fd804414bc5ffdc584cfe489b2bf8391624da613b65ce430a432f62e8ccd6c23,2017-03,Sussex Police,Sussex Police,-0.181476,50.845924,On or near Frant Road,E01016980,Brighton and Hove 007A,Bicycle theft,Investigation complete; no suspect identified,
2cdbe63eea2ee94e141480ddf6abc70ee9d036f19074ed340e6594bb2be996f2,2017-03,Sussex Police,Sussex Police,-0.181476,50.845924,On or near Frant Road,E01016980,Brighton and Hove 007A,Criminal damage and arson,Further investigation is not in the public interest,
4d20db2ec026c48476a2e234b484defc3b6ae8911337aafc5cffee9fa20b5659,2017-03,Sussex Police,Sussex Police,-0.170324,50.842700,On or near Goldstone Crescent,E01016980,Brighton and Hove 007A,Public order,Investigation complete; no suspect identified,
c3eb0ea96380fd42cd7da6e6ce51a595ed0e5d04c33207076ca4a2a0636f3068,2017-03,Sussex Police,Sussex Police,-0.177564,50.842067,On or near Parking Area,E01016980,Brighton and Hove 007A,Public order,Offender given penalty notice,
a4b5016eaa35b9ff73acde0bcf6131eb41acb2bc5b24e1fcb183e353039aa4a9,2017-03,Sussex Police,Sussex Police,-0.176474,50.839793,On or near Orchard Gardens,E01016980,Brighton and Hove 007A,Violence and sexual offences,Court case unable to proceed,
440b9dd2079c1410b682d7d108aed1f1e104394f04b81de4852a233aa9a22402,2017-03,Sussex Police,Sussex Police,-0.176210,50.841102,On or near Orchard Road,E01016980,Brighton and Hove 007A,Violence and sexual offences,Unable to prosecute suspect,
aef61a1ba82060aa833b3164bc851f3aadfbd196988b8297a4de7a23916faeef,2017-03,Sussex Police,Sussex Police,-0.177564,50.842067,On or near Parking Area,E01016980,Brighton and Hove 007A,Violence and sexual offences,Unable to prosecute suspect,
7f6441da572bfe25666b19cf8ba2a3af601add565fa737e48ba45486c3167c8c,2017-03,Sussex Police,Sussex Police,-0.176407,50.843686,On or near Supermarket,E01016980,Brighton and Hove 007A,Violence and sexual offences,Further investigation is not in the public interest,
95674f0f3ce9b91e7dc540ee688a6539e899b64b882ed0d64d54706515e20a7f,2017-03,Sussex Police,Sussex Police,-0.177075,50.850972,On or near Queen Caroline Close,E01016982,Brighton and Hove 007B,Criminal damage and arson,Investigation complete; no suspect identified,
32f404437bdb2f2b21a15ff465c4e99a6521fa9e9f0b4247b061c0b8dce3e42e,2017-03,Sussex Police,Sussex Police,-0.175166,50.847462,On or near Woodland Close,E01016982,Brighton and Hove 007B,Other theft,Investigation complete; no suspect identified,
5ebc8ce70b2d87a15a1bb66cd5d9e74a566dfb238bb7e4bd9a1f5137d46f0471,2017-03,Sussex Police,Sussex Police,-0.175166,50.847462,On or near Woodland Close,E01016982,Brighton and Hove 007B,Vehicle crime,Investigation complete; no suspect identified,
25f65ca54dd4649b6a5387aeec76b336c2c534d7a1a19f230225365855daa9f6,2017-03,Sussex Police,Sussex Police,-0.172509,50.850379,On or near Deanway,E01016983,Brighton and Hove 007C,Other theft,Investigation complete; no suspect identified,
fdc69f29e59eac08363a6130111e1a96ec01be56ec81ac9ba3802106b37e5e7e,2017-03,Sussex Police,Sussex Police,-0.165475,50.844648,On or near Woodruff Avenue,E01016984,Brighton and Hove 007D,Criminal damage and arson,Investigation complete; no suspect identified,
65975bac8e0476dc5e06e258fc7ac783fe5cd9f75b6aa132db83943b4d46dcdd,2017-03,Sussex Police,Sussex Police,-0.173200,50.846873,On or near Benett Avenue,E01016984,Brighton and Hove 007D,Criminal damage and arson,Investigation complete; no suspect identified,
e0e04104cacadb9046e4df96a6227a8c643a341c4e29088f48456a37ee88d2f6,2017-03,Sussex Police,Sussex Police,-0.170998,50.846524,On or near Shirley Avenue,E01016984,Brighton and Hove 007D,Vehicle crime,Investigation complete; no suspect identified,
981a4c0482b11998315e036f8a057f0b07697624298f0f128c17124e7a998438,2017-03,Sussex Police,Sussex Police,-0.170998,50.846524,On or near Shirley Avenue,E01016984,Brighton and Hove 007D,Vehicle crime,Investigation complete; no suspect identified,
,2017-03,Sussex Police,Sussex Police,-0.182684,50.846653,On or near Court Farm Road,E01016985,Brighton and Hove 007E,Anti-social behaviour,,
,2017-03,Sussex Police,Sussex Police,-0.182556,50.846291,On or near Nevill Close,E01016985,Brighton and Hove 007E,Anti-social behaviour,,
,2017-03,Sussex Police,Sussex Police,-0.179277,50.846582,On or near Nevill Way,E01016985,Brighton and Hove 007E,Anti-social behaviour,,
,2017-03,Sussex Police,Sussex Police,-0.179083,50.848296,On or near Mill Drive,E01016985,Brighton and Hove 007E,Anti-social behaviour,,
8d70d1a56594785c05e366c158064df1ab45f1819597f5cdadfb888a01f875fa,2017-03,Sussex Police,Sussex Police,-0.182684,50.846653,On or near Court Farm Road,E01016985,Brighton and Hove 007E,Criminal damage and arson,Investigation complete; no suspect identified,
1fa0e483b0124dc714f3ddc032fa8a0da2e789d3786840215917db74bc55d1a9,2017-03,Sussex Police,Sussex Police,-0.182894,50.846728,On or near Court Farm Road,E01016985,Brighton and Hove 007E,Possession of weapons,Further investigation is not in the public interest,
829b148228346e9f69943a30e1df5bca4684f975360caa455633c2200f531e65,2017-03,Sussex Police,Sussex Police,-0.178161,50.844622,On or near Eridge Road,E01016985,Brighton and Hove 007E,Shoplifting,Unable to prosecute suspect,
433303e6d6d3aa57d123337ee4007ca720fe322020b770a054f555bec4c7a701,2017-03,Sussex Police,Sussex Police,-0.178161,50.844622,On or near Eridge Road,E01016985,Brighton and Hove 007E,Theft from the person,Unable to prosecute suspect,
,2017-03,Sussex Police,Sussex Police,-0.112886,50.848576,On or near Selsfield Drive,E01016900,Brighton and Hove 008A,Anti-social behaviour,,
,2017-03,Sussex Police,Sussex Police,-0.133054,50.849044,On or near Golf Drive,E01016900,Brighton and Hove 008A,Anti-social behaviour,,
,2017-03,Sussex Police,Sussex Police,-0.112886,50.848576,On or near Selsfield Drive,E01016900,Brighton and Hove 008A,Anti-social behaviour,,
,2017-03,Sussex Police,Sussex Police,-0.123734,50.843750,On or near Tavistock Down,E01016900,Brighton and Hove 008A,Anti-social behaviour,,
,2017-03,Sussex Police,Sussex Police,-0.114380,50.848510,On or near Ryelands Drive,E01016900,Brighton and Hove 008A,Anti-social behaviour,,
,2017-03,Sussex Police,Sussex Police,-0.133054,50.849044,On or near Golf Drive,E01016900,Brighton and Hove 008A,Anti-social behaviour,,
,2017-03,Sussex Police,Sussex Police,-0.120343,50.846834,On or near Barrow Close,E01016900,Brighton and Hove 008A,Anti-social behaviour,,
,2017-03,Sussex Police,Sussex Police,-0.133054,50.849044,On or near Golf Drive,E01016900,Brighton and Hove 008A,Anti-social behaviour,,
,2017-03,Sussex Police,Sussex Police,-0.115792,50.856123,On or near Sports/Recreation Area,E01016900,Brighton and Hove 008A,Anti-social behaviour,,
,2017-03,Sussex Police,Sussex Police,-0.115792,50.856123,On or near Sports/Recreation Area,E01016900,Brighton and Hove 008A,Anti-social behaviour,,
,2017-03,Sussex Police,Sussex Police,-0.115792,50.856123,On or near Sports/Recreation Area,E01016900,Brighton and Hove 008A,Anti-social behaviour,,
,2017-03,Sussex Police,Sussex Police,-0.116348,50.862796,On or near Wolseley Road,E01016900,Brighton and Hove 008A,Anti-social behaviour,,
,2017-03,Sussex Police,Sussex Police,-0.119251,50.844308,On or near Further/Higher Educational Building,E01016900,Brighton and Hove 008A,Anti-social behaviour,,
,2017-03,Sussex Police,Sussex Police,-0.120582,50.846532,On or near Barrow Hill,E01016900,Brighton and Hove 008A,Anti-social behaviour,,
649e93633d583bd59149a135f078c2760028acb77cc7cffea1cba75c09b25db5,2017-03,Sussex Police,Sussex Police,-0.114380,50.848510,On or near Ryelands Drive,E01016900,Brighton and Hove 008A,Criminal damage and arson,Investigation complete; no suspect identified,
2c0911a468e3f566f313083344fa541736f7df37b048272df113e2efe3690a58,2017-03,Sussex Police,Sussex Police,-0.121612,50.845299,On or near Isfield Road,E01016900,Brighton and Hove 008A,Criminal damage and arson,Investigation complete; no suspect identified,
5f351f46341449c78a46a050a1fb1f9ea3031693ddc831215c2be93a91f22886,2017-03,Sussex Police,Sussex Police,-0.121582,50.844642,On or near Crespin Way,E01016900,Brighton and Hove 008A,Criminal damage and arson,Investigation complete; no suspect identified,
78faddc83a180c194f11a4b87239c90bd29904f8a0f375e4a55812a8841259da,2017-03,Sussex Police,Sussex Police,-0.121612,50.845299,On or near Isfield Road,E01016900,Brighton and Hove 008A,Criminal damage and arson,Investigation complete; no suspect identified,
b700086f0ea60fa71009e48ebfca7d5c99cda652b778509f432ab6aaca5ca6d9,2017-03,Sussex Police,Sussex Police,-0.112886,50.848576,On or near Selsfield Drive,E01016900,Brighton and Hove 008A,Drugs,Offender given a caution,
c2cfd50e7f21440c356dcc26ac4c0f59e28c3bb28363aa0e2228940219c76e57,2017-03,Sussex Police,Sussex Police,-0.112886,50.848576,On or near Selsfield Drive,E01016900,Brighton and Hove 008A,Public order,Unable to prosecute suspect,
20566aae4d0698872fa09d4344254374c0cbe087e5b060f445301d2e83fe9292,2017-03,Sussex Police,Sussex Police,-0.114380,50.848510,On or near Ryelands Drive,E01016900,Brighton and Hove 008A,Public order,Formal action is not in the public interest,
fe8d25303e4d7da4cb279a1d1a09e1e0bfc0988d894189edf795a9a612868406,2017-03,Sussex Police,Sussex Police,-0.133054,50.849044,On or near Golf Drive,E01016900,Brighton and Hove 008A,Vehicle crime,Unable to prosecute suspect,
bfb90b24d4cc37a0186eef12f2deb178f0367ece80bedfa750b29d03766af709,2017-03,Sussex Police,Sussex Police,-0.120343,50.846834,On or near Barrow Close,E01016900,Brighton and Hove 008A,Violence and sexual offences,Further investigation is not in the public interest,
d845a7331d62e3952cdda579667cd7eb5004389e565db5ee083b62189cd2d1d2,2017-03,Sussex Police,Sussex Police,-0.119251,50.844308,On or near Further/Higher Educational Building,E01016900,Brighton and Hove 008A,Violence and sexual offences,Unable to prosecute suspect,
857d33c44c81e8054e4f46d5231997e9c7e001423c6e71b772dd1347e347230c,2017-03,Sussex Police,Sussex Police,-0.117859,50.846776,On or near Culpepper Close,E01016900,Brighton and Hove 008A,Violence and sexual offences,Unable to prosecute suspect,
ab7aaa905de93d7d171bc1e147f04d519f4a600b1ba20ed4e6919cf9765e7ce7,2017-03,Sussex Police,Sussex Police,-0.134375,50.851538,On or near Sports/Recreation Area,E01016900,Brighton and Hove 008A,Violence and sexual offences,Unable to prosecute suspect,
e3970bcd3298031f3badfa699142071dc207d6c48dd21bbd475dbc4cbfc024ec,2017-03,Sussex Police,Sussex Police,-0.116412,50.847446,On or near Highbrook Close,E01016900,Brighton and Hove 008A,Violence and sexual offences,Unable to prosecute suspect,
d5b8f1af222567cf6a4582e7506e545fc235f2b14d4674ca1373c31eb3e9c007,2017-03,Sussex Police,Sussex Police,-0.123734,50.843750,On or near Tavistock Down,E01016900,Brighton and Hove 008A,Violence and sexual offences,Investigation complete; no suspect identified,
af5215ca9b5c570bb6372ec431443b8e1b13d574aab123d715a76e779e29e02a,2017-03,Sussex Police,Sussex Police,-0.119251,50.844308,On or near Further/Higher Educational Building,E01016900,Brighton and Hove 008A,Violence and sexual offences,Court result unavailable,
9bccb09e0aab5b720491ba20836f8aacc512f1f79c5336d58cc9cbdeb2b6a960,2017-03,Sussex Police,Sussex Police,-0.112886,50.848576,On or near Selsfield Drive,E01016900,Brighton and Hove 008A,Violence and sexual offences,Unable to prosecute suspect,
,2017-03,Sussex Police,Sussex Police,-0.123438,50.847226,On or near Lynchet Close,E01016902,Brighton and Hove 008B,Anti-social behaviour,,
,2017-03,Sussex Police,Sussex Police,-0.130845,50.849224,On or near Burstead Close,E01016902,Brighton and Hove 008B,Anti-social behaviour,,
,2017-03,Sussex Police,Sussex Police,-0.124972,50.846882,On or near Lynchet Walk,E01016902,Brighton and Hove 008B,Anti-social behaviour,,
fdb0bed51383aec55e6b319f067f2721b35a9d55df5b0aa84c4c5cdb6c653764,2017-03,Sussex Police,Sussex Police,-0.127537,50.845988,On or near Merevale,E01016902,Brighton and Hove 008B,Criminal damage and arson,Status update unavailable,
187925e88bc007f48c83b2ede36413721daa0b814443b011549d269f8aa16a05,2017-03,Sussex Police,Sussex Police,-0.123408,50.846929,On or near Lynchet Down,E01016902,Brighton and Hove 008B,Criminal damage and arson,Further investigation is not in the public interest,
85125dde3d7343c3bd0db7fc9df252afde6499c93b236d8e19f0474226f7d064,2017-03,Sussex Police,Sussex Police,-0.130845,50.849224,On or near Burstead Close,E01016902,Brighton and Hove 008B,Violence and sexual offences,Unable to prosecute suspect,
bf3f789b2b938a9b30b9f0b4d5211f80e9009e170ea8f89c140c8e6417b168a0,2017-03,Sussex Police,Sussex Police,-0.124972,50.846882,On or near Lynchet Walk,E01016902,Brighton and Hove 008B,Violence and sexual offences,Awaiting court outcome,
,2017-03,Sussex Police,Sussex Police,-0.124377,50.838347,On or near Sports/Recreation Area,E01016904,Brighton and Hove 008C,Anti-social behaviour,,
,2017-03,Sussex Police,Sussex Police,-0.122690,50.841809,On or near Saunders Park View,E01016904,Brighton and Hove 008C,Anti-social behaviour,,
,2017-03,Sussex Police,Sussex Police,-0.124464,50.842197,On or near Thompson Road,E01016904,Brighton and Hove 008C,Anti-social behaviour,,
,2017-03,Sussex Police,Sussex Police,-0.122690,50.841809,On or near Saunders Park View,E01016904,Brighton and Hove 008C,Anti-social behaviour,,
,2017-03,Sussex Police,Sussex Police,-0.124653,50.843846,On or near The Crestway,E01016904,Brighton and Hove 008C,Anti-social behaviour,,
,2017-03,Sussex Police,Sussex Police,-0.122041,50.840629,On or near Coombe Road,E01016904,Brighton and Hove 008C,Anti-social behaviour,,
,2017-03,Sussex Police,Sussex Police,-0.124464,50.842197,On or near Thompson Road,E01016904,Brighton and Hove 008C,Anti-social behaviour,,
,2017-03,Sussex Police,Sussex Police,-0.126186,50.844950,On or near Romsey Close,E01016904,Brighton and Hove 008C,Anti-social behaviour,,
5ea8e43b8b51ecb7055a246d0ed89efda64143c59ba5a1cc12b4ec381501a297,2017-03,Sussex Police,Sussex Police,-0.122041,50.840629,On or near Coombe Road,E01016904,Brighton and Hove 008C,Burglary,Status update unavailable,
4ab2f15e0a4ea4bd32c53093f37be130880d82add47f2ee6f9d99faf2b3b20f1,2017-03,Sussex Police,Sussex Police,-0.126873,50.838432,On or near Freehold Terrace,E01016904,Brighton and Hove 008C,Criminal damage and arson,Investigation complete; no suspect identified,
668a2aa31149c53d8691ba19089e3336f3988075a238856a17dc0e89b71ce539,2017-03,Sussex Police,Sussex Police,-0.127474,50.844719,On or near Stephens Road,E01016904,Brighton and Hove 008C,Criminal damage and arson,Unable to prosecute suspect,
aef4bcaaa59f708ecb0ef7d0f7726e7afca8c76eda0eceafb8fd386e9da109c3,2017-03,Sussex Police,Sussex Police,-0.124464,50.842548,On or near Peace Close,E01016904,Brighton and Hove 008C,Criminal damage and arson,Offender given a caution,
9d1ba6a505cac465da1370b1442708eb9b06c4ecabaa4068f988407c7f186988,2017-03,Sussex Police,Sussex Police,-0.124653,50.843846,On or near The Crestway,E01016904,Brighton and Hove 008C,Criminal damage and arson,Investigation complete; no suspect identified,
6fc42226b73ded88c134738dc1c0929b12d804c735e9e57bf92ae29957a50068,2017-03,Sussex Police,Sussex Police,-0.124653,50.843846,On or near The Crestway,E01016904,Brighton and Hove 008C,Criminal damage and arson,Investigation complete; no suspect identified,
99fbc8718db37551be061438366cd033d9b0e3b9adeafeb986c09bb3016ab055,2017-03,Sussex Police,Sussex Police,-0.126873,50.838432,On or near Freehold Terrace,E01016904,Brighton and Hove 008C,Criminal damage and arson,Unable to prosecute suspect,
a32a2d08fad1d84f4630e3b2b0d73bc6725eae316cec7f407514306f8df3e360,2017-03,Sussex Police,Sussex Police,-0.124377,50.838347,On or near Sports/Recreation Area,E01016904,Brighton and Hove 008C,Other theft,Status update unavailable,
1fb4d425807dc0cb9cb7ab1f77ff9288f96ab8aa7e3ad99c94de15bfd1038543,2017-03,Sussex Police,Sussex Police,-0.124377,50.838347,On or near Sports/Recreation Area,E01016904,Brighton and Hove 008C,Other theft,Investigation complete; no suspect identified,
cfd0d254633ad15818cd639a56ec1e831b84f9f754d103754a2a5500675f4927,2017-03,Sussex Police,Sussex Police,-0.127474,50.844719,On or near Stephens Road,E01016904,Brighton and Hove 008C,Other theft,Unable to prosecute suspect,
6ed44c12a81fcfc3f32bd9e713cdf35bcff196c7e939031e9602f83a4abc3bec,2017-03,Sussex Police,Sussex Police,-0.124377,50.838347,On or near Sports/Recreation Area,E01016904,Brighton and Hove 008C,Other theft,Investigation complete; no suspect identified,
da407444ca107bba42a2d08a6bb80cbe626c050f4f1b2de96dd5506bb2dddbf2,2017-03,Sussex Police,Sussex Police,-0.122041,50.840629,On or near Coombe Road,E01016904,Brighton and Hove 008C,Public order,Investigation complete; no suspect identified,
349536f8926988273893f272f293bf5d2f6d8602368923b315966648d2725d5b,2017-03,Sussex Police,Sussex Police,-0.122690,50.841809,On or near Saunders Park View,E01016904,Brighton and Hove 008C,Shoplifting,Unable to prosecute suspect,
0cf992cb009747fc642b93f08d197d22ffd059928e44718a353f8a7910d83fc7,2017-03,Sussex Police,Sussex Police,-0.122690,50.841809,On or near Saunders Park View,E01016904,Brighton and Hove 008C,Shoplifting,Offender given penalty notice,
bce1584b3932f21a8d8268fe8b6245b8b7f38d267cd93d9df674f385898520db,2017-03,Sussex Police,Sussex Police,-0.126873,50.838432,On or near Freehold Terrace,E01016904,Brighton and Hove 008C,Vehicle crime,Investigation complete; no suspect identified,
4719d3ed1d9f59cee85fd03b458aa71206cb54e7e9f8ecbd58af8f18777d9541,2017-03,Sussex Police,Sussex Police,-0.122690,50.841809,On or near Saunders Park View,E01016904,Brighton and Hove 008C,Violence and sexual offences,Unable to prosecute suspect,
b838fce32a5963045610b9868b0a7bdc027f7ad000bd785958a873f90efaa37e,2017-03,Sussex Police,Sussex Police,-0.124653,50.843846,On or near The Crestway,E01016904,Brighton and Hove 008C,Violence and sexual offences,Unable to prosecute suspect,
90c3256855e29c20ddb11bf2960f509bfd9a835a92c6bd7df588023cf8429822,2017-03,Sussex Police,Sussex Police,-0.124377,50.838347,On or near Sports/Recreation Area,E01016904,Brighton and Hove 008C,Violence and sexual offences,Unable to prosecute suspect,
1a615c82812cb4c18c7ef276da8b7740b7aeadf6d9da748f29eb20664174b674,2017-03,Sussex Police,Sussex Police,-0.124464,50.842548,On or near Peace Close,E01016904,Brighton and Hove 008C,Violence and sexual offences,Further investigation is not in the public interest,
,2017-03,Sussex Police,Sussex Police,-0.133201,50.838965,On or near Florence Place,E01016905,Brighton and Hove 008D,Anti-social behaviour,,
,2017-03,Sussex Police,Sussex Police,-0.133170,50.837606,On or near Ditchling Court,E01016905,Brighton and Hove 008D,Anti-social behaviour,,
,2017-03,Sussex Police,Sussex Police,-0.133201,50.838965,On or near Florence Place,E01016905,Brighton and Hove 008D,Anti-social behaviour,,
,2017-03,Sussex Police,Sussex Police,-0.133725,50.842912,On or near Ditchling Place,E01016905,Brighton and Hove 008D,Anti-social behaviour,,
,2017-03,Sussex Police,Sussex Police,-0.133201,50.838965,On or near Florence Place,E01016905,Brighton and Hove 008D,Anti-social behaviour,,
,2017-03,Sussex Police,Sussex Police,-0.127005,50.840826,On or near Davey Drive,E01016905,Brighton and Hove 008D,Anti-social behaviour,,
2c10a5a561f91c115a23c46ead6a87dfa547b0362b9d6e3f0275befa8d3462ff,2017-03,Sussex Police,Sussex Police,-0.130526,50.839785,On or near Upper Hollingdean Road,E01016905,Brighton and Hove 008D,Burglary,Unable to prosecute suspect,
73f8109ad40641426a9f80426a2711f65a0fa4b4a106b4a46f0132611f933413,2017-03,Sussex Police,Sussex Police,-0.130526,50.839785,On or near Upper Hollingdean Road,E01016905,Brighton and Hove 008D,Criminal damage and arson,Investigation complete; no suspect identified,
3b96cdbdc1c5ce43bb91b0bc950dd7cd4b32213578b9c7bfa0ba774667f361a1,2017-03,Sussex Police,Sussex Police,-0.130638,50.841963,On or near Roedale Road,E01016905,Brighton and Hove 008D,Criminal damage and arson,Investigation complete; no suspect identified,
7b33ab77c45c5f21106083f32eed2a83edf3ae50099273ccee0cc0fcbcd390b8,2017-03,Sussex Police,Sussex Police,-0.127465,50.843172,On or near The Crossway,E01016905,Brighton and Hove 008D,Criminal damage and arson,Investigation complete; no suspect identified,
cb5c2276d6c1180383f6414aeab4e630441c7c16126ac479dafd6310c02eb0a9,2017-03,Sussex Police,Sussex Police,-0.130526,50.839785,On or near Upper Hollingdean Road,E01016905,Brighton and Hove 008D,Other theft,Investigation complete; no suspect identified,
d56a17652f62c35735832054061399b86f261b457cbaa8b33f3c98cbe06c4d20,2017-03,Sussex Police,Sussex Police,-0.133201,50.838965,On or near Florence Place,E01016905,Brighton and Hove 008D,Other theft,Investigation complete; no suspect identified,
3b28c08aa9adb830f2cd0392822db7d804a61ada9b04b1bfacaafd0aa65bc815,2017-03,Sussex Police,Sussex Police,-0.133201,50.838965,On or near Florence Place,E01016905,Brighton and Hove 008D,Possession of weapons,Court result unavailable,
48972b77f9b33d0a3dd934bdfb62c4d33c261aefd12bf4466ba613b1801b36ba,2017-03,Sussex Police,Sussex Police,-0.130638,50.841963,On or near Roedale Road,E01016905,Brighton and Hove 008D,Public order,Court result unavailable,
7f35970fddbf27bf2a73cfd1c2fdbe90bb92874b3def5c3b38f6df2bc6af9490,2017-03,Sussex Police,Sussex Police,-0.133201,50.838965,On or near Florence Place,E01016905,Brighton and Hove 008D,Public order,Further investigation is not in the public interest,
1edd10ee0b73b81051ce07c820d85247350525d0ee6d9e4af3d25650c1704a35,2017-03,Sussex Police,Sussex Police,-0.133170,50.837606,On or near Ditchling Court,E01016905,Brighton and Hove 008D,Vehicle crime,Investigation complete; no suspect identified,
5bdc3aedf1d68738adc8dd0e6a6d0a9c4864b4b66243704281555c3fd93d39ec,2017-03,Sussex Police,Sussex Police,-0.130638,50.841963,On or near Roedale Road,E01016905,Brighton and Hove 008D,Violence and sexual offences,Unable to prosecute suspect,
1dff5fc86c395ea2175649f9f739bf98be765cbfbaaed8718e4cb73bb1d1383a,2017-03,Sussex Police,Sussex Police,-0.128678,50.841590,On or near Horton Road,E01016905,Brighton and Hove 008D,Violence and sexual offences,Further investigation is not in the public interest,
f94d0bf3253261186cf2b232b36cf612ba92e4282eb4b3a0a42fa8d40bf6d994,2017-03,Sussex Police,Sussex Police,-0.130638,50.841963,On or near Roedale Road,E01016905,Brighton and Hove 008D,Violence and sexual offences,Unable to prosecute suspect,
e0c9a719ced2d939291dd0abf30ba43a4494a51c8fd7aa430062ec6164121769,2017-03,Sussex Police,Sussex Police,-0.129273,50.840566,On or near Dunster Close,E01016905,Brighton and Hove 008D,Violence and sexual offences,Court result unavailable,
37eb8cc54b5dbd18f69fa22bdc77571284b58ce64e87f01beca7887989ed27a9,2017-03,Sussex Police,Sussex Police,-0.127465,50.843172,On or near The Crossway,E01016905,Brighton and Hove 008D,Violence and sexual offences,Unable to prosecute suspect,
679fb9bf212eb4f8c4920b4af4253cf2a7f526305ae8d567c0a86f6490822df0,2017-03,Sussex Police,Sussex Police,-0.129273,50.840566,On or near Dunster Close,E01016905,Brighton and Hove 008D,Violence and sexual offences,Offender given community sentence,
a648de31a8ff5561756aaf84d0530449e3d74242d0f06edac9a7a14ebca61b29,2017-03,Sussex Police,Sussex Police,-0.127465,50.843172,On or near The Crossway,E01016905,Brighton and Hove 008D,Violence and sexual offences,Unable to prosecute suspect,
3727a708194e8826bb794b6141f66ac21a55ae12daff3f0cba6b2b7f66873eca,2017-03,Sussex Police,Sussex Police,-0.133201,50.838965,On or near Florence Place,E01016905,Brighton and Hove 008D,Violence and sexual offences,Formal action is not in the public interest,
794de38e08a8cc396d170276f6d6f2f76b994e5999859c0b33879c2b4e1a1bba,2017-03,Sussex Police,Sussex Police,-0.133201,50.838965,On or near Florence Place,E01016905,Brighton and Hove 008D,Violence and sexual offences,Unable to prosecute suspect,
c528f51dbdb5eb0d673aa236c63742910b3a703f1d22460dc9887f221b9cd1b2,2017-03,Sussex Police,Sussex Police,-0.133201,50.838965,On or near Florence Place,E01016905,Brighton and Hove 008D,Violence and sexual offences,Unable to prosecute suspect,
d9f158cbd084ca47d0219f55a89ef9139fda3623644db3eb1923742727d66640,2017-03,Sussex Police,Sussex Police,-0.133725,50.842912,On or near Ditchling Place,E01016905,Brighton and Hove 008D,Violence and sexual offences,Unable to prosecute suspect,
92062071f4bcc4a6f2ca9721f841aa8e22001a605cc88059d0c8a38fbf83d3f3,2017-03,Sussex Police,Sussex Police,-0.116643,50.845237,On or near The Highway,E01016909,Brighton and Hove 008E,Bicycle theft,Investigation complete; no suspect identified,
42e11417dc2ed9ea4a566227223fb157641f86cbedf6a4a50ee821d73500c47f,2017-03,Sussex Police,Sussex Police,-0.118299,50.840794,On or near Buller Road,E01016909,Brighton and Hove 008E,Criminal damage and arson,Awaiting court outcome,
e64080bf54bbd8b02619ee7b48fee8ce5505c9c7b0e26839c7c1c48083265c61,2017-03,Sussex Police,Sussex Police,-0.114643,50.841634,On or near Birling Close,E01016909,Brighton and Hove 008E,Robbery,Unable to prosecute suspect,
f6c837e8b3715854bf8c2b979ee88a1e6a35029e91a173f0a003be88c9b13e73,2017-03,Sussex Police,Sussex Police,-0.116643,50.845237,On or near The Highway,E01016909,Brighton and Hove 008E,Violence and sexual offences,Offender given conditional discharge,
c7ddf988d91da58b76613fab3a89941a7d132602470dd1c51f5d1d94b61d4eb3,2017-03,Sussex Police,Sussex Police,-0.116731,50.844114,On or near Southall Avenue,E01016909,Brighton and Hove 008E,Violence and sexual offences,Unable to prosecute suspect,
60fb7e8e58d424b688d9b46f57a2f066a99d7bea54bb06fd9ce97a23b8317696,2017-03,Sussex Police,Sussex Police,-0.116731,50.844114,On or near Southall Avenue,E01016909,Brighton and Hove 008E,Violence and sexual offences,Further investigation is not in the public interest,
,2017-03,Sussex Police,Sussex Police,-0.095701,50.842172,On or near Leybourne Close,E01016906,Brighton and Hove 009A,Anti-social behaviour,,
,2017-03,Sussex Police,Sussex Police,-0.095701,50.842172,On or near Leybourne Close,E01016906,Brighton and Hove 009A,Anti-social behaviour,,
e59ffc346124cf6b02122bd61ee092b17cce742f2c271f795f0fc8f8095de768,2017-03,Sussex Police,Sussex Police,-0.094953,50.842421,On or near Leybourne Road,E01016906,Brighton and Hove 009A,Criminal damage and arson,Status update unavailable,
cf5ddab88a5839f3ab3292e5493a7a763c98da42c8896ddb6e2046619afe581d,2017-03,Sussex Police,Sussex Police,-0.099098,50.843873,On or near Knepp Close,E01016906,Brighton and Hove 009A,Other theft,Investigation complete; no suspect identified,
c9ee9e92a6b4eabebd2f9f6c12835b15a5e4a85515a5e311fc975ecfafc98d65,2017-03,Sussex Police,Sussex Police,-0.090284,50.840914,On or near Walmer Close,E01016906,Brighton and Hove 009A,Other theft,Investigation complete; no suspect identified,
22a3036fc3ce37d44c5792108f2d8683ca57b543adbc389b83c2e31fdcdf3371,2017-03,Sussex Police,Sussex Police,-0.088502,50.843511,On or near Bodiam Close,E01016906,Brighton and Hove 009A,Possession of weapons,Unable to prosecute suspect,
549ceecb80688f5e7ccb1c3a497d74a59e06baa6ae26b33d4a98a6d6023a21a7,2017-03,Sussex Police,Sussex Police,-0.094953,50.842421,On or near Leybourne Road,E01016906,Brighton and Hove 009A,Public order,Unable to prosecute suspect,
fd636abfef34ea8bb4f6e6ebdfb8d71281300f4ab8691d54d9c5eb00632224ce,2017-03,Sussex Police,Sussex Police,-0.095701,50.842172,On or near Leybourne Close,E01016906,Brighton and Hove 009A,Public order,Unable to prosecute suspect,
c46378b5b96f448e5b7a54115c0dac51dd092c477cff8d2cfb99bcbfbe5d6363,2017-03,Sussex Police,Sussex Police,-0.094953,50.842421,On or near Leybourne Road,E01016906,Brighton and Hove 009A,Vehicle crime,Further investigation is not in the public interest,
dac5bba17b073b61805ed84be82e10951fa18da6e1ba0dcbefc4f0c311d4afd3,2017-03,Sussex Police,Sussex Police,-0.090097,50.840282,On or near Walmer Crescent,E01016906,Brighton and Hove 009A,Violence and sexual offences,Unable to prosecute suspect,
0505625e1b1f7d2cd00145e82c79c8ac1357449286bfdfd097bdd0163cf06893,2017-03,Sussex Police,Sussex Police,-0.095701,50.842172,On or near Leybourne Close,E01016906,Brighton and Hove 009A,Violence and sexual offences,Offender given a caution,
5b03cfb6401753fa6a58520d6adb38484565978296b64d15f7d7db2648da3e0e,2017-03,Sussex Police,Sussex Police,-0.095701,50.842172,On or near Leybourne Close,E01016906,Brighton and Hove 009A,Violence and sexual offences,Further investigation is not in the public interest,
ff8ba5d644a2acf724baef0411317733af232e1aa83c84d9a8da19e790487b56,2017-03,Sussex Police,Sussex Police,-0.096741,50.844896,On or near Kenilworth Close,E01016906,Brighton and Hove 009A,Violence and sexual offences,Unable to prosecute suspect,
,2017-03,Sussex Police,Sussex Police,-0.109522,50.846390,On or near Widdicombe Way,E01016907,Brighton and Hove 009B,Anti-social behaviour,,
,2017-03,Sussex Police,Sussex Police,-0.110846,50.846672,On or near Hillside,E01016907,Brighton and Hove 009B,Anti-social behaviour,,
31fd4b2f6884ba29c4128dd9646f82d172067eef7b8ed995e8d4a6ae1ac81211,2017-03,Sussex Police,Sussex Police,-0.111939,50.845997,On or near The Crescent,E01016907,Brighton and Hove 009B,Criminal damage and arson,Unable to prosecute suspect,
d6e493ddd7d6169d2147e4e1dabff782956889b9fd7c82a27b104af1e0fd32ec,2017-03,Sussex Police,Sussex Police,-0.114072,50.845582,On or near Colbourne Avenue,E01016907,Brighton and Hove 009B,Criminal damage and arson,Investigation complete; no suspect identified,
f6d27ac66b595490d48b0fb867417e7ff4d8fcc1e44b12a6dad71d81d91def8a,2017-03,Sussex Police,Sussex Police,-0.114072,50.845582,On or near Colbourne Avenue,E01016907,Brighton and Hove 009B,Criminal damage and arson,Investigation complete; no suspect identified,
14191548777a1cfb351e8b53c98083eea21574eee1741a95012752f33a9e7d90,2017-03,Sussex Police,Sussex Police,-0.114072,50.845582,On or near Colbourne Avenue,E01016907,Brighton and Hove 009B,Drugs,Offender given a drugs possession warning,
bbe80b444f640b80741c907b5909ca43dd2f7542e9bb457f19ae512b4479d807,2017-03,Sussex Police,Sussex Police,-0.111939,50.845997,On or near The Crescent,E01016907,Brighton and Hove 009B,Public order,Unable to prosecute suspect,
886fdd6021a4845fdfc247a1bfda48e35ce084319ab318d13575a779feabf06e,2017-03,Sussex Police,Sussex Police,-0.110846,50.846672,On or near Hillside,E01016907,Brighton and Hove 009B,Public order,Status update unavailable,
5257d716717946813ec87977d17503cd11c3a7557a605c4a2307c0103abda03d,2017-03,Sussex Police,Sussex Police,-0.114072,50.845582,On or near Colbourne Avenue,E01016907,Brighton and Hove 009B,Public order,Unable to prosecute suspect,
6428c0fdf2a4f832a3762b81b9121dc1ef0cab921c9c83e6733f2940f4dcd5b1,2017-03,Sussex Police,Sussex Police,-0.111939,50.845997,On or near The Crescent,E01016907,Brighton and Hove 009B,Violence and sexual offences,Unable to prosecute suspect,
,2017-03,Sussex Police,Sussex Police,-0.104051,50.852057,On or near Moulsecoomb Way,E01016908,Brighton and Hove 009C,Anti-social behaviour,,
,2017-03,Sussex Police,Sussex Police,-0.108662,50.851160,On or near Broadfields Road,E01016908,Brighton and Hove 009C,Anti-social behaviour,,
,2017-03,Sussex Police,Sussex Police,-0.104051,50.852057,On or near Moulsecoomb Way,E01016908,Brighton and Hove 009C,Anti-social behaviour,,
,2017-03,Sussex Police,Sussex Police,-0.108662,50.851160,On or near Broadfields Road,E01016908,Brighton and Hove 009C,Anti-social behaviour,,
,2017-03,Sussex Police,Sussex Police,-0.105687,50.847425,On or near Selba Drive,E01016908,Brighton and Hove 009C,Anti-social behaviour,,
,2017-03,Sussex Police,Sussex Police,-0.104051,50.852057,On or near Moulsecoomb Way,E01016908,Brighton and Hove 009C,Anti-social behaviour,,
,2017-03,Sussex Police,Sussex Police,-0.104051,50.852057,On or near Moulsecoomb Way,E01016908,Brighton and Hove 009C,Anti-social behaviour,,
,2017-03,Sussex Police,Sussex Police,-0.106444,50.850144,On or near Hodshrove Road,E01016908,Brighton and Hove 009C,Anti-social behaviour,,
8bbcb324b75d994806a84afa19a7b5c6b8f74020cdcd663c2fdd29090919e537,2017-03,Sussex Police,Sussex Police,-0.106444,50.850144,On or near Hodshrove Road,E01016908,Brighton and Hove 009C,Criminal damage and arson,Unable to prosecute suspect,
a89e039c68b1f26f19bd55574b6a1f4efb8b32b9547112c24e4d14d62155781b,2017-03,Sussex Police,Sussex Police,-0.106444,50.850144,On or near Hodshrove Road,E01016908,Brighton and Hove 009C,Criminal damage and arson,Investigation complete; no suspect identified,
4d47f509431237c88a94a0074d8d8778df6046b629be12595ba84bcf0635c784,2017-03,Sussex Police,Sussex Police,-0.106444,50.850144,On or near Hodshrove Road,E01016908,Brighton and Hove 009C,Criminal damage and arson,Investigation complete; no suspect identified,
f59bd7d61ef8d4e6019d0411e36f9133bc7c919b19011bc45012587000475bee,2017-03,Sussex Police,Sussex Police,-0.104051,50.852057,On or near Moulsecoomb Way,E01016908,Brighton and Hove 009C,Drugs,Unable to prosecute suspect,
1141aa80a8753486ef7bb7118a8a9cc6b05ad7bd8bad1bf89b99978a54422eda,2017-03,Sussex Police,Sussex Police,-0.104099,50.849099,On or near Staplefield Drive,E01016908,Brighton and Hove 009C,Other theft,Unable to prosecute suspect,
5daa4ae34e846c02c69e82d517dc7a0815c6077ee992119480160c41ba5f1192,2017-03,Sussex Police,Sussex Police,-0.108662,50.851160,On or near Broadfields Road,E01016908,Brighton and Hove 009C,Other theft,Investigation complete; no suspect identified,
45ae03714ace14707e27d36c7ddefdba841b1f1b38a9e3b6ec93c0e4ae394e9a,2017-03,Sussex Police,Sussex Police,-0.104528,50.849735,On or near Birdham Road,E01016908,Brighton and Hove 009C,Other theft,Investigation complete; no suspect identified,
caacc3ba42d86f54f0a251da41deb5f3a4399e0f85df1ed915f89aecc1a98507,2017-03,Sussex Police,Sussex Police,-0.104051,50.852057,On or near Moulsecoomb Way,E01016908,Brighton and Hove 009C,Violence and sexual offences,Unable to prosecute suspect,
a57bf59fcda62c181ccde6e545eb5b1e83f05abf962c8d674398fbb326b9c36f,2017-03,Sussex Police,Sussex Police,-0.104051,50.852057,On or near Moulsecoomb Way,E01016908,Brighton and Hove 009C,Violence and sexual offences,Unable to prosecute suspect,
9c1741f58ebe78f90354c3b07b81a9bf31067f46809f5885a3be833a0a705bc4,2017-03,Sussex Police,Sussex Police,-0.104051,50.852057,On or near Moulsecoomb Way,E01016908,Brighton and Hove 009C,Violence and sexual offences,Further investigation is not in the public interest,
c2228854f894103058d1c9f0bf70151d297b12ac3cef0867393263c3938122ca,2017-03,Sussex Police,Sussex Police,-0.104230,50.851124,On or near Goodwood Way,E01016908,Brighton and Hove 009C,Violence and sexual offences,Offender given a caution,
5e44b74c4917b0890550ce493ae5f3c61ef507fe35055a70e022d2e62eb593a8,2017-03,Sussex Police,Sussex Police,-0.105687,50.847425,On or near Selba Drive,E01016908,Brighton and Hove 009C,Violence and sexual offences,Unable to prosecute suspect,
5d865ed665be82e4a2bda69372c9ccaaec76070975c2899b053c8e297bd790db,2017-03,Sussex Police,Sussex Police,-0.104528,50.849735,On or near Birdham Road,E01016908,Brighton and Hove 009C,Violence and sexual offences,Investigation complete; no suspect identified,
222215ecfd8d9d178133146a88b9582f987cce58bcf267228ca6e32d68ff2716,2017-03,Sussex Police,Sussex Police,-0.104099,50.849099,On or near Staplefield Drive,E01016908,Brighton and Hove 009C,Violence and sexual offences,Unable to prosecute suspect,
8045c2426f5b7fc1626d2e4e087efbd20961a376856dbd3f247437fe5f65309d,2017-03,Sussex Police,Sussex Police,-0.104099,50.849099,On or near Staplefield Drive,E01016908,Brighton and Hove 009C,Violence and sexual offences,Unable to prosecute suspect,
b3d2ed44388c6d3e34b33fbd34dc482bbc78001aac2d542577713b108970b2ab,2017-03,Sussex Police,Sussex Police,-0.104528,50.849735,On or near Birdham Road,E01016908,Brighton and Hove 009C,Other crime,Status update unavailable,
,2017-03,Sussex Police,Sussex Police,-0.111741,50.842810,On or near The Avenue,E01016910,Brighton and Hove 009D,Anti-social behaviour,,
,2017-03,Sussex Police,Sussex Police,-0.111741,50.842810,On or near The Avenue,E01016910,Brighton and Hove 009D,Anti-social behaviour,,
0479cff9a7a666b0b69357e7bf2a0700ae08e33d06650257b7777dd2010fc594,2017-03,Sussex Police,Sussex Police,-0.113308,50.838465,On or near Bevendean Road,E01016910,Brighton and Hove 009D,Burglary,Investigation complete; no suspect identified,
704b02fd4643e48b8adb494ba9c4a3590c40deedde2b117b1ed0f5062e6f844b,2017-03,Sussex Police,Sussex Police,-0.112040,50.838912,On or near Martha Gunn Road,E01016910,Brighton and Hove 009D,Criminal damage and arson,Further investigation is not in the public interest,
7434f18cd877fdd607758410db54fb31eeec612784421c21782b08b38aa33d7f,2017-03,Sussex Police,Sussex Police,-0.111741,50.842810,On or near The Avenue,E01016910,Brighton and Hove 009D,Criminal damage and arson,Investigation complete; no suspect identified,
853b4d3ae7733ff6bfc9c271ff324f735131c3b1e03c5e6646f879ee9b574311,2017-03,Sussex Police,Sussex Police,-0.111741,50.842810,On or near The Avenue,E01016910,Brighton and Hove 009D,Criminal damage and arson,Investigation complete; no suspect identified,
de067c10d8704f8f343befaf507f320a660ff8292c2dc9d668519d1cbc326b51,2017-03,Sussex Police,Sussex Police,-0.111741,50.842810,On or near The Avenue,E01016910,Brighton and Hove 009D,Criminal damage and arson,Investigation complete; no suspect identified,
7116e1abb595ce07b3f8afaf97730f665e5914a00a396d0c33141b294d4990c4,2017-03,Sussex Police,Sussex Police,-0.112270,50.838142,On or near Fitzherbert Drive,E01016910,Brighton and Hove 009D,Criminal damage and arson,Unable to prosecute suspect,
2f1c0cf6772df128d386ce77d067a0ebd3131cb3b00373b328041f9c00816eb8,2017-03,Sussex Police,Sussex Police,-0.108427,50.840805,On or near Manton Road,E01016910,Brighton and Hove 009D,Other theft,Investigation complete; no suspect identified,
b11239925eee3696cbe539ba15b4e442ad57d51582b27fd421378da12fdd35e0,2017-03,Sussex Police,Sussex Police,-0.112040,50.838912,On or near Martha Gunn Road,E01016910,Brighton and Hove 009D,Other theft,Investigation complete; no suspect identified,
03b31951611503a1db320e8d37c605f25418ae0c767890a25619078b7afb1393,2017-03,Sussex Police,Sussex Police,-0.104743,50.839180,On or near Dawlish Close,E01016910,Brighton and Hove 009D,Public order,Local resolution,
397ea6fa91557702cb5a32dc6d8e2c50e0300b9bb74af27f8420f90e6554914b,2017-03,Sussex Police,Sussex Police,-0.111741,50.842810,On or near The Avenue,E01016910,Brighton and Hove 009D,Robbery,Unable to prosecute suspect,
271171ed6a6ced3371e3a28aa9cd3061730df4978bfef1bdfea655cb087c25b2,2017-03,Sussex Police,Sussex Police,-0.108193,50.838850,On or near Meadowview,E01016910,Brighton and Hove 009D,Vehicle crime,Investigation complete; no suspect identified,
1c84c8c32ba64593e8ff454e17b2a67d5957adf718a4fb07b2452a0df3e84ecc,2017-03,Sussex Police,Sussex Police,-0.113308,50.838465,On or near Bevendean Road,E01016910,Brighton and Hove 009D,Violence and sexual offences,Status update unavailable,
2bfb3b99d4475f128855b29462107e529b4684bdc9d496e9bf740ac133fa80a7,2017-03,Sussex Police,Sussex Police,-0.113532,50.837497,On or near Tenantry Road,E01016910,Brighton and Hove 009D,Violence and sexual offences,Unable to prosecute suspect,
,2017-03,Sussex Police,Sussex Police,-0.096611,50.841117,On or near Ludlow Rise,E01016911,Brighton and Hove 009E,Anti-social behaviour,,
,2017-03,Sussex Police,Sussex Police,-0.106750,50.842577,On or near Upper Bevendean Avenue,E01016911,Brighton and Hove 009E,Anti-social behaviour,,
,2017-03,Sussex Police,Sussex Police,-0.096611,50.841117,On or near Ludlow Rise,E01016911,Brighton and Hove 009E,Anti-social behaviour,,
,2017-03,Sussex Police,Sussex Police,-0.103099,50.841186,On or near Plymouth Avenue,E01016911,Brighton and Hove 009E,Anti-social behaviour,,
,2017-03,Sussex Police,Sussex Police,-0.104651,50.839701,On or near Dartmouth Crescent,E01016911,Brighton and Hove 009E,Anti-social behaviour,,
495dc2f0dc6ac94074c37650b1cb0f923c912c398a88e3f47eee8be81426e0c9,2017-03,Sussex Police,Sussex Police,-0.098498,50.841507,On or near Taunton Road,E01016911,Brighton and Hove 009E,Burglary,Investigation complete; no suspect identified,
d3982645f2081fad35cbf1d4f30d9647c0c2b5093dbce87f035f63864aba9e25,2017-03,Sussex Police,Sussex Police,-0.104519,50.840490,On or near Fitch Drive,E01016911,Brighton and Hove 009E,Other theft,Further investigation is not in the public interest,
b73422cf2e671bbbb57c50482d43a419fb94d2e7b62b64c7ddf14c069407e121,2017-03,Sussex Police,Sussex Police,-0.098498,50.841507,On or near Taunton Road,E01016911,Brighton and Hove 009E,Violence and sexual offences,Unable to prosecute suspect,
d22621124423fe42700bfd5afae32d23687f6a57d215d43a8f468da0e98e3d83,2017-03,Sussex Police,Sussex Police,-0.100339,50.838155,On or near The Hyde,E01016911,Brighton and Hove 009E,Violence and sexual offences,Offender sent to prison,
17e17c380e74d89d2edccd47695ca8efefc14a21e9824380b5e22a0a5c5027db,2017-03,Sussex Police,Sussex Police,-0.096611,50.841117,On or near Ludlow Rise,E01016911,Brighton and Hove 009E,Violence and sexual offences,Status update unavailable,
a51eb58ece1144027d139007801033443d97b5af1c3f9012c02b1194c733cb48,2017-03,Sussex Police,Sussex Police,-0.097531,50.841536,On or near Taunton Way,E01016911,Brighton and Hove 009E,Violence and sexual offences,Status update unavailable,
,2017-03,Sussex Police,Sussex Police,-0.131839,50.843179,On or near Adams Close,E01016901,Brighton and Hove 010A,Anti-social behaviour,,
,2017-03,Sussex Police,Sussex Police,-0.130006,50.843905,On or near Hollingbury Place,E01016901,Brighton and Hove 010A,Anti-social behaviour,,
2c82c1fc26477e91b93c778f2aa1173a3b3cfdad288f28cde44739060656e241,2017-03,Sussex Police,Sussex Police,-0.129758,50.842291,On or near Dudley Road,E01016901,Brighton and Hove 010A,Bicycle theft,Investigation complete; no suspect identified,
daa8c6bd2a5c62d424404a05fcf0ec7197f8b8562fc863fe1b91e6588df10b55,2017-03,Sussex Police,Sussex Police,-0.131884,50.846687,On or near Harrington Place,E01016901,Brighton and Hove 010A,Vehicle crime,Investigation complete; no suspect identified,
b75c51b7931685cef21c75ef040743d6cda84b3284ea1247e48ab9ce8b5c9330,2017-03,Sussex Police,Sussex Police,-0.129941,50.845541,On or near Hertford Road,E01016901,Brighton and Hove 010A,Violence and sexual offences,Further investigation is not in the public interest,
,2017-03,Sussex Police,Sussex Police,-0.132630,50.841878,On or near Hollingbury Road,E01016903,Brighton and Hove 010B,Anti-social behaviour,,
,2017-03,Sussex Police,Sussex Police,-0.132630,50.841878,On or near Hollingbury Road,E01016903,Brighton and Hove 010B,Anti-social behaviour,,
d847e656015dcd3921ff8e9c6ef91b9c83114b8988ea5e9c8df1493c8252454e,2017-03,Sussex Police,Sussex Police,-0.134098,50.845319,On or near Hollingbury Park Avenue,E01016903,Brighton and Hove 010B,Bicycle theft,Investigation complete; no suspect identified,
d6c1a573828da4aac3937cefcc4717961a3c290cef9856e6a311bcddf4032d9d,2017-03,Sussex Police,Sussex Police,-0.134321,50.843992,On or near Hollingbury Terrace,E01016903,Brighton and Hove 010B,Criminal damage and arson,Investigation complete; no suspect identified,
6f4d561e7d2b495b578fc94d6ad618e5484c70f9bbbd0ca9d86be4e28b6c966a,2017-03,Sussex Police,Sussex Police,-0.134321,50.843992,On or near Hollingbury Terrace,E01016903,Brighton and Hove 010B,Other theft,Investigation complete; no suspect identified,
351fab276dbdf3f4699740c36c85910838f7818d4ae97033bb2e61ee7d3dfcc8,2017-03,Sussex Police,Sussex Police,-0.132630,50.841878,On or near Hollingbury Road,E01016903,Brighton and Hove 010B,Public order,Investigation complete; no suspect identified,
,2017-03,Sussex Police,Sussex Police,-0.137513,50.844457,On or near Hythe Road,E01016934,Brighton and Hove 010C,Anti-social behaviour,,
ab5d2b870e0b34f3d25fcbe37dd65a9e1adb04b90119dea3e31d03ff2f329391,2017-03,Sussex Police,Sussex Police,-0.137994,50.842711,On or near Sports/Recreation Area,E01016934,Brighton and Hove 010C,Robbery,Awaiting court outcome,
a37f21c9d7687a3bc5c02b654666f68648dc2ee3e197b486a8ce34f8119f10e4,2017-03,Sussex Police,Sussex Police,-0.134945,50.843651,On or near Supermarket,E01016934,Brighton and Hove 010C,Shoplifting,Offender given conditional discharge,
98c2401c9b3a0be7ce0d01590a986cd9bef5e83637df7693f24b7563b34a3b6c,2017-03,Sussex Police,Sussex Police,-0.139352,50.842139,On or near Chester Terrace,E01016934,Brighton and Hove 010C,Vehicle crime,Investigation complete; no suspect identified,
0fe76a65d401418f37f5e544ac8f69dd3c8355eb819ecce8675c6f85f2bf3bd4,2017-03,Sussex Police,Sussex Police,-0.138389,50.842420,On or near Cleveland Road,E01016934,Brighton and Hove 010C,Vehicle crime,Investigation complete; no suspect identified,
0e475fc70ba6f5d9709b6ba7a1a2ccba0eb60120c28a7661625c0cfb4ee8daf9,2017-03,Sussex Police,Sussex Police,-0.139352,50.842139,On or near Chester Terrace,E01016934,Brighton and Hove 010C,Vehicle crime,Investigation complete; no suspect identified,
29d7cee95b3c5c1556a49b166f8c1c713b1ea611999aefc0f11184caa4e08f7f,2017-03,Sussex Police,Sussex Police,-0.139352,50.842139,On or near Chester Terrace,E01016934,Brighton and Hove 010C,Violence and sexual offences,Unable to prosecute suspect,
,2017-03,Sussex Police,Sussex Police,-0.139946,50.846843,On or near Balfour Road,E01016939,Brighton and Hove 010D,Anti-social behaviour,,
c7a211451fe166f0a669cd62ed2ea46beda868d203816399da3fee68400cfde1,2017-03,Sussex Police,Sussex Police,-0.139946,50.846843,On or near Balfour Road,E01016939,Brighton and Hove 010D,Other theft,Investigation complete; no suspect identified,
da31468950958cd49de5ae78cf13cd5d9837d179cf5f37eb6df8166cf5143433,2017-03,Sussex Police,Sussex Police,-0.139946,50.846843,On or near Balfour Road,E01016939,Brighton and Hove 010D,Public order,Investigation complete; no suspect identified,
4a22e8c6eb9de68031d6dbe701f61d53d97ddf4b4d208f3c2e96bc6853c4b230,2017-03,Sussex Police,Sussex Police,-0.139946,50.846843,On or near Balfour Road,E01016939,Brighton and Hove 010D,Violence and sexual offences,Investigation complete; no suspect identified,
,2017-03,Sussex Police,Sussex Police,-0.142309,50.844938,On or near Shopping Area,E01016940,Brighton and Hove 010E,Anti-social behaviour,,
5fe81ca133f7f585e716cff28327be783a463bbc1c13b7a761725e8e83a669d2,2017-03,Sussex Police,Sussex Police,-0.139204,50.845518,On or near Lowther Road,E01016940,Brighton and Hove 010E,Bicycle theft,Investigation complete; no suspect identified,
283982c9a6c41821b8158c4e1b50b1a856888bf6d09518637c5e5844b3ef61da,2017-03,Sussex Police,Sussex Police,-0.143050,50.844167,On or near Preston Drove,E01016940,Brighton and Hove 010E,Other theft,Investigation complete; no suspect identified,
6697bfbcb38daa5a08954b0d2ae0e94bb49ceeaec97b825447161b477c0a1a33,2017-03,Sussex Police,Sussex Police,-0.143050,50.844167,On or near Preston Drove,E01016940,Brighton and Hove 010E,Shoplifting,Further investigation is not in the public interest,
,2017-03,Sussex Police,Sussex Police,-0.166465,50.842586,On or near Bishops Road,E01016981,Brighton and Hove 011A,Anti-social behaviour,,
,2017-03,Sussex Police,Sussex Police,-0.151262,50.834063,On or near Further/Higher Educational Building,E01016981,Brighton and Hove 011A,Anti-social behaviour,,
,2017-03,Sussex Police,Sussex Police,-0.151262,50.834063,On or near Further/Higher Educational Building,E01016981,Brighton and Hove 011A,Anti-social behaviour,,
,2017-03,Sussex Police,Sussex Police,-0.151262,50.834063,On or near Further/Higher Educational Building,E01016981,Brighton and Hove 011A,Anti-social behaviour,,
,2017-03,Sussex Police,Sussex Police,-0.153646,50.835198,On or near Sports/Recreation Area,E01016981,Brighton and Hove 011A,Anti-social behaviour,,
,2017-03,Sussex Police,Sussex Police,-0.151262,50.834063,On or near Further/Higher Educational Building,E01016981,Brighton and Hove 011A,Anti-social behaviour,,
aee2cf0260b748ad995301d320abda7e37695d3fac2f6d94ebc6fd43d80f30a1,2017-03,Sussex Police,Sussex Police,-0.167153,50.839872,On or near Sports/Recreation Area,E01016981,Brighton and Hove 011A,Burglary,Investigation complete; no suspect identified,
a9c9ddf80b38767666b292e4e7f572fad04cef485c3a23244b38a254083c6500,2017-03,Sussex Police,Sussex Police,-0.167905,50.843517,On or near Stanford Close,E01016981,Brighton and Hove 011A,Other theft,Investigation complete; no suspect identified,
d237e907980846a5f35ed43f026023d8cf57b88d9f541db86dce57bdf8591f3c,2017-03,Sussex Police,Sussex Police,-0.151262,50.834063,On or near Further/Higher Educational Building,E01016981,Brighton and Hove 011A,Other theft,Investigation complete; no suspect identified,
f25c03b0a57cfac941535a09b4c9aab29388d9e454c434b5fce1e73fbd59ef3b,2017-03,Sussex Police,Sussex Police,-0.158896,50.837835,On or near Greyfriars,E01016981,Brighton and Hove 011A,Public order,Offender ordered to pay compensation,
b8ef17c92b0cac51ad2e7cad8ff1312df9ca7608fc6a604e71e1e3c01b41e13d,2017-03,Sussex Police,Sussex Police,-0.158047,50.838110,On or near Kestrel Close,E01016981,Brighton and Hove 011A,Violence and sexual offences,Unable to prosecute suspect,
fb0cc748ddd8af2adf19853de88fdd1c639c6ec361f37e6376db9419ed468e9b,2017-03,Sussex Police,Sussex Police,-0.158896,50.837835,On or near Greyfriars,E01016981,Brighton and Hove 011A,Violence and sexual offences,Further investigation is not in the public interest,
ce7ede3f6332d63bb0c7a4251ec1bc615d959386c8b54d116dddb2cc281c8fd6,2017-03,Sussex Police,Sussex Police,-0.153646,50.835198,On or near Sports/Recreation Area,E01016981,Brighton and Hove 011A,Violence and sexual offences,Investigation complete; no suspect identified,
,2017-03,Sussex Police,Sussex Police,-0.155499,50.848717,On or near Station Road,E01017002,Brighton and Hove 011B,Anti-social behaviour,,
,2017-03,Sussex Police,Sussex Police,-0.162226,50.848878,On or near The Beeches,E01017002,Brighton and Hove 011B,Anti-social behaviour,,
7880c2611f137a072443b414ac26e4456611cb48c16c85194b706d5615562a8b,2017-03,Sussex Police,Sussex Police,-0.153047,50.848913,On or near London Road,E01017002,Brighton and Hove 011B,Burglary,Investigation complete; no suspect identified,
110c79e21dc2d2cac81c3e788b099ce204638173ec9ff9282fafc7d9e76383d8,2017-03,Sussex Police,Sussex Police,-0.154133,50.848768,On or near Curwen Place,E01017002,Brighton and Hove 011B,Criminal damage and arson,Investigation complete; no suspect identified,
f041ad419ca8392735d1d7aae61990f0a899e49723d2f6ac1737b0749dcf898a,2017-03,Sussex Police,Sussex Police,-0.156079,50.845174,On or near Woodside Avenue,E01017002,Brighton and Hove 011B,Criminal damage and arson,Unable to prosecute suspect,
c496ba53e09cde64631ff7c2c498aa2e335af1b517cd0bc1b131e2d5699423c0,2017-03,Sussex Police,Sussex Police,-0.158151,50.846286,On or near Tivoli Crescent North,E01017002,Brighton and Hove 011B,Other theft,Unable to prosecute suspect,
45af4d876d2f4ddab7de3fa4e461a604a0797817cc33e547daa3691a04da7d03,2017-03,Sussex Police,Sussex Police,-0.155499,50.848717,On or near Station Road,E01017002,Brighton and Hove 011B,Robbery,Unable to prosecute suspect,
65470a6b94d32297d13414f1645bf6918b786eb3c8fdd9b2df695d11ce807d5c,2017-03,Sussex Police,Sussex Police,-0.155499,50.848717,On or near Station Road,E01017002,Brighton and Hove 011B,Violence and sexual offences,Investigation complete; no suspect identified,
,2017-03,Sussex Police,Sussex Police,-0.147083,50.844924,On or near Harrington Villas,E01017004,Brighton and Hove 011C,Anti-social behaviour,,
,2017-03,Sussex Police,Sussex Police,-0.153270,50.846155,On or near Clermont Road,E01017004,Brighton and Hove 011C,Anti-social behaviour,,
,2017-03,Sussex Police,Sussex Police,-0.149978,50.844637,On or near Knoyle Road,E01017004,Brighton and Hove 011C,Anti-social behaviour,,
,2017-03,Sussex Police,Sussex Police,-0.153270,50.846155,On or near Clermont Road,E01017004,Brighton and Hove 011C,Anti-social behaviour,,
,2017-03,Sussex Police,Sussex Police,-0.153270,50.846155,On or near Clermont Road,E01017004,Brighton and Hove 011C,Anti-social behaviour,,
545a7e68374a33b7fad2e4cc32308734fa8260889ff2710abf1f11381a4426b5,2017-03,Sussex Police,Sussex Police,-0.147083,50.844924,On or near Harrington Villas,E01017004,Brighton and Hove 011C,Bicycle theft,Unable to prosecute suspect,
7369e7dec7a5f5c0b616e732e271a0ca0164af57b76f8cfffbed450b55d108e9,2017-03,Sussex Police,Sussex Police,-0.148442,50.845746,On or near Harrington Road,E01017004,Brighton and Hove 011C,Burglary,Investigation complete; no suspect identified,
513f5599ff876ba1227ee0ea11cd062b968cdb3066b76dea8062473d32f70a10,2017-03,Sussex Police,Sussex Police,-0.153270,50.846155,On or near Clermont Road,E01017004,Brighton and Hove 011C,Public order,Unable to prosecute suspect,
7546ddc98c4883aeb07782e78bbfce0605df1a439c6a944a49f282f921d9682b,2017-03,Sussex Police,Sussex Police,-0.153270,50.846155,On or near Clermont Road,E01017004,Brighton and Hove 011C,Vehicle crime,Investigation complete; no suspect identified,
be52e12bc0d5e27687abca4cfe23891ad470f1923a2c76a346bb5e400555cdb6,2017-03,Sussex Police,Sussex Police,-0.156216,50.843504,On or near Hampstead Road,E01017005,Brighton and Hove 011D,Vehicle crime,Investigation complete; no suspect identified,
0aa9efce66d5d423a8271ad8dc6f736c3439f0e68ef22bb5e400dd13587e69f0,2017-03,Sussex Police,Sussex Police,-0.155325,50.840872,On or near Compton Road,E01017005,Brighton and Hove 011D,Violence and sexual offences,Unable to prosecute suspect,
,2017-03,Sussex Police,Sussex Police,-0.154897,50.845956,On or near Parking Area,E01017006,Brighton and Hove 011E,Anti-social behaviour,,
,2017-03,Sussex Police,Sussex Police,-0.152510,50.843085,On or near North Road,E01017006,Brighton and Hove 011E,Anti-social behaviour,,
,2017-03,Sussex Police,Sussex Police,-0.152510,50.843085,On or near North Road,E01017006,Brighton and Hove 011E,Anti-social behaviour,,
,2017-03,Sussex Police,Sussex Police,-0.152664,50.844590,On or near Cumberland Drive,E01017006,Brighton and Hove 011E,Anti-social behaviour,,
a9bfe5f9ccd6fb59cc90aa42c713645bf9da79c1bd7d0684d474ceb75004e291,2017-03,Sussex Police,Sussex Police,-0.152880,50.844152,On or near Cumberland Road,E01017006,Brighton and Hove 011E,Bicycle theft,Investigation complete; no suspect identified,
cbc857a14d12d1317bd27ee32c59f6839ead927512f41bd835e4604f8fa64bcb,2017-03,Sussex Police,Sussex Police,-0.152904,50.842111,On or near South Road Mews,E01017006,Brighton and Hove 011E,Bicycle theft,Investigation complete; no suspect identified,
eaf0908ccdc946484d729e25d2dc428ab17448d7243cbed3dafcb38fb3968812,2017-03,Sussex Police,Sussex Police,-0.156138,50.842216,On or near The Drove,E01017006,Brighton and Hove 011E,Criminal damage and arson,Investigation complete; no suspect identified,
6a0ae985c09849a7660dd2955e6ec460e3d3edb6bc59a95d495d787f20054180,2017-03,Sussex Police,Sussex Police,-0.151738,50.842147,On or near Petrol Station,E01017006,Brighton and Hove 011E,Other theft,Investigation complete; no suspect identified,
143e8a8fa872e2ee514eb2bb0043492bb44e614c15d7f0859699d6590590fab6,2017-03,Sussex Police,Sussex Police,-0.155445,50.842880,On or near Scarborough Road,E01017006,Brighton and Hove 011E,Other theft,Investigation complete; no suspect identified,
502bfc6217af5032b627fd521c608bc54302f9566b4503ce4837ad06c7f33149,2017-03,Sussex Police,Sussex Police,-0.156061,50.840587,On or near Reigate Road,E01017006,Brighton and Hove 011E,Public order,Investigation complete; no suspect identified,
bbf9ede7b23961c974fbee68d91fe1a942611b0311ae53fa168693f1d0957fff,2017-03,Sussex Police,Sussex Police,-0.152664,50.844590,On or near Cumberland Drive,E01017006,Brighton and Hove 011E,Robbery,Awaiting court outcome,
f19cf2a527e56dbacfb65e754a750d4b56f08c31c9129a8aecef47e69e15b464,2017-03,Sussex Police,Sussex Police,-0.152664,50.844590,On or near Cumberland Drive,E01017006,Brighton and Hove 011E,Robbery,Awaiting court outcome,
5826155dff739648eb6edc997e6572271e08d807ad0470a3b9140f98b04cf45c,2017-03,Sussex Police,Sussex Police,-0.152664,50.844590,On or near Cumberland Drive,E01017006,Brighton and Hove 011E,Violence and sexual offences,Unable to prosecute suspect,
,2017-03,Sussex Police,Sussex Police,-0.223501,50.845771,On or near Drove Crescent,E01016921,Brighton and Hove 012A,Anti-social behaviour,,
,2017-03,Sussex Police,Sussex Police,-0.223501,50.845771,On or near Drove Crescent,E01016921,Brighton and Hove 012A,Anti-social behaviour,,
,2017-03,Sussex Police,Sussex Police,-0.227805,50.847284,On or near The Rise,E01016921,Brighton and Hove 012A,Anti-social behaviour,,
5c807fa82a59b3ad6c827dddb62ec8c601a70e20098171068bc2342260d76841,2017-03,Sussex Police,Sussex Police,-0.227603,50.845869,On or near Sidehill Drive,E01016921,Brighton and Hove 012A,Criminal damage and arson,Unable to prosecute suspect,
d1919e0db846e29d1357af477e5c23d3d9014f513c1da1168f7bd3f39197393e,2017-03,Sussex Police,Sussex Police,-0.223501,50.845771,On or near Drove Crescent,E01016921,Brighton and Hove 012A,Criminal damage and arson,Further investigation is not in the public interest,
034a3cc81dbf2bd72af84599d97566446668789952139960c07432f3aaec39e3,2017-03,Sussex Police,Sussex Police,-0.225779,50.847883,On or near Wickhurst Road,E01016921,Brighton and Hove 012A,Drugs,Unable to prosecute suspect,
4d87d05f89d5a91f790993dfdbd047716bb19bd41a4df8fd239eb4307daf14ed,2017-03,Sussex Police,Sussex Police,-0.224406,50.845514,On or near Stonery Road,E01016921,Brighton and Hove 012A,Violence and sexual offences,Unable to prosecute suspect,
f8ec3fa10b7090afdb7a62bfd0cd5b724ab2a94397de64920df6645ac431e9ef,2017-03,Sussex Police,Sussex Police,-0.228153,50.847847,On or near Hillcroft,E01016921,Brighton and Hove 012A,Violence and sexual offences,Unable to prosecute suspect,
88389de19d4477181db962846d0aedf7113c2331f0e1f788ee63f4318919e6cc,2017-03,Sussex Police,Sussex Police,-0.223501,50.845771,On or near Drove Crescent,E01016921,Brighton and Hove 012A,Violence and sexual offences,Unable to prosecute suspect,
c0aa83ebb096b2625f4d9ed5cbce043558a33f0a2ca3f03ba7f2d2794121cf4a,2017-03,Sussex Police,Sussex Police,-0.228511,50.847007,On or near Monarchs View,E01016921,Brighton and Hove 012A,Violence and sexual offences,Investigation complete; no suspect identified,
e8738e700683a414d0e2f91bc7ee34f2f640f0717f8626454d8f16a59752a524,2017-03,Sussex Police,Sussex Police,-0.226820,50.845902,On or near Edgehill Way,E01016921,Brighton and Hove 012A,Other crime,Status update unavailable,
,2017-03,Sussex Police,Sussex Police,-0.222848,50.847631,On or near Valley Road,E01016922,Brighton and Hove 012B,Anti-social behaviour,,
83ef00d5e771333ec30fc1e5c2fbc8998d4e79ee256dc97dd2e87cfa02e15c46,2017-03,Sussex Police,Sussex Police,-0.222848,50.847631,On or near Valley Road,E01016922,Brighton and Hove 012B,Violence and sexual offences,Unable to prosecute suspect,
021e2769360a4183966acd67f2899cd74531b9e6cfd891857fd031797c57c2d3,2017-03,Sussex Police,Sussex Police,-0.221110,50.838045,On or near Park Crescent,E01016973,Brighton and Hove 012C,Burglary,Investigation complete; no suspect identified,
62ca58778eba663c902a57e00c719324337cd3b8c2b2e49a53019eab41ac51ed,2017-03,Sussex Police,Sussex Police,-0.219354,50.837532,On or near Crown Road,E01016973,Brighton and Hove 012C,Criminal damage and arson,Status update unavailable,
f5b2ca22b268e8a2f95dfa812389c4ca48a01b19ce802ac281814786637ad073,2017-03,Sussex Police,Sussex Police,-0.223026,50.842211,On or near Further/Higher Educational Building,E01016973,Brighton and Hove 012C,Violence and sexual offences,Further investigation is not in the public interest,
0f63e61bc29145280f6abadb7bb8ae10fbcb957319332429c45a9f731910b213,2017-03,Sussex Police,Sussex Police,-0.223026,50.842211,On or near Further/Higher Educational Building,E01016973,Brighton and Hove 012C,Violence and sexual offences,Unable to prosecute suspect,
,2017-03,Sussex Police,Sussex Police,-0.209946,50.845123,On or near Fairway Crescent,E01016977,Brighton and Hove 012D,Anti-social behaviour,,
,2017-03,Sussex Police,Sussex Police,-0.212586,50.843320,On or near Millcross Road,E01016977,Brighton and Hove 012D,Anti-social behaviour,,
,2017-03,Sussex Police,Sussex Police,-0.220780,50.842986,On or near High Street,E01016977,Brighton and Hove 012D,Anti-social behaviour,,
b9e88125609242fdd3df2ce0deaf58deaa1b09641989610d463a4a7b5edd936a,2017-03,Sussex Police,Sussex Police,-0.209946,50.845123,On or near Fairway Crescent,E01016977,Brighton and Hove 012D,Violence and sexual offences,Further investigation is not in the public interest,
aea8fefcf1b209a7e619615de5dff42dedab5931bbc0ab390d72ad72076f6d58,2017-03,Sussex Police,Sussex Police,-0.220112,50.843012,On or near South Street,E01016977,Brighton and Hove 012D,Violence and sexual offences,Unable to prosecute suspect,
,2017-03,Sussex Police,Sussex Police,-0.213979,50.837702,On or near Sports/Recreation Area,E01016978,Brighton and Hove 012E,Anti-social behaviour,,
,2017-03,Sussex Police,Sussex Police,-0.217300,50.835540,On or near Shelldale Road,E01016978,Brighton and Hove 012E,Anti-social behaviour,,
,2017-03,Sussex Police,Sussex Police,-0.217300,50.835540,On or near Shelldale Road,E01016978,Brighton and Hove 012E,Anti-social behaviour,,
,2017-03,Sussex Police,Sussex Police,-0.213979,50.837702,On or near Sports/Recreation Area,E01016978,Brighton and Hove 012E,Anti-social behaviour,,
fba70d9252f3cf8d263360749135df647f20e57b74acec3188aa429c1d7df723,2017-03,Sussex Police,Sussex Police,-0.210443,50.836964,On or near Southdown Avenue,E01016978,Brighton and Hove 012E,Criminal damage and arson,Investigation complete; no suspect identified,
6a6c458323ff2b7c6a113023c6acc3cf04e93edf51e778185b71c0b63c62b9f0,2017-03,Sussex Police,Sussex Police,-0.218468,50.839929,On or near Locks Crescent,E01016978,Brighton and Hove 012E,Criminal damage and arson,Court result unavailable,
d552dd7e7ae4588c91af57fd4e7fc7ac360422e1e3676070e0b6badc19c13035,2017-03,Sussex Police,Sussex Police,-0.217300,50.835540,On or near Shelldale Road,E01016978,Brighton and Hove 012E,Criminal damage and arson,Investigation complete; no suspect identified,
bc016d4eaf99599d4ee549426384a1e5c72b42cf74439bdf3d7925137a3513cc,2017-03,Sussex Police,Sussex Police,-0.214677,50.839511,On or near George Williams Mews,E01016978,Brighton and Hove 012E,Drugs,Status update unavailable,
8a2953197fab29b815d40e3bf69bf7729fd8a57a06b7a9019468f74fb5e2b57a,2017-03,Sussex Police,Sussex Police,-0.214677,50.839511,On or near George Williams Mews,E01016978,Brighton and Hove 012E,Other theft,Investigation complete; no suspect identified,
7792f82b2ad717df2a0c133b9a69a781797415b21223d177be8707a661927eb7,2017-03,Sussex Police,Sussex Police,-0.214677,50.839511,On or near George Williams Mews,E01016978,Brighton and Hove 012E,Other theft,Unable to prosecute suspect,
bd92db55b6c876e069a8da4f165782f1441076f19c8d3dc968b4ef3774844d84,2017-03,Sussex Police,Sussex Police,-0.214677,50.839511,On or near George Williams Mews,E01016978,Brighton and Hove 012E,Possession of weapons,Status update unavailable,
4a6a7cd62c84e52fa14ef6f2851b6f450098d058a895ebe2aacff59f167f965f,2017-03,Sussex Police,Sussex Police,-0.210443,50.836964,On or near Southdown Avenue,E01016978,Brighton and Hove 012E,Vehicle crime,Investigation complete; no suspect identified,
b38024b5c865e74ddf25c3ecc0499a03e9733c6d76ef67448649abaa2bfdd9dd,2017-03,Sussex Police,Sussex Police,-0.214677,50.839511,On or near George Williams Mews,E01016978,Brighton and Hove 012E,Violence and sexual offences,Status update unavailable,
27a1d4491bd90495586e106bd15a14161e45c7fa1d92ae94883d199fc2fa7275,2017-03,Sussex Police,Sussex Police,-0.214677,50.839511,On or near George Williams Mews,E01016978,Brighton and Hove 012E,Violence and sexual offences,Unable to prosecute suspect,
2f9d400af3365e7a5c32c09b25078b85b08f549a8c50e07a55516b674e975bfc,2017-03,Sussex Police,Sussex Police,-0.210443,50.836964,On or near Southdown Avenue,E01016978,Brighton and Hove 012E,Violence and sexual offences,Action to be taken by another organisation,
0747ebc9d51df29799301faa6d86dcdd486c0af9301d5ed8a05bd7c6cda0c6f2,2017-03,Sussex Police,Sussex Police,-0.214677,50.839511,On or near George Williams Mews,E01016978,Brighton and Hove 012E,Violence and sexual offences,Unable to prosecute suspect,
63f56fe5c21b41c6453fb77a875eec39a61fa3f6fd13dca92e0a6eef2df2a09b,2017-03,Sussex Police,Sussex Police,-0.217267,50.840495,On or near Locks Hill,E01016978,Brighton and Hove 012E,Violence and sexual offences,Investigation complete; no suspect identified,
7e46a94b55d155fb0727d68e45f14d3fd1c188a8101f9324839cc232be631ff5,2017-03,Sussex Police,Sussex Police,-0.212840,50.838899,On or near Romany Close,E01016978,Brighton and Hove 012E,Violence and sexual offences,Unable to prosecute suspect,
b0f852c5ea268dd32b233ef24412460d2e0fff7e294c9f746606e8bf8892cd3a,2017-03,Sussex Police,Sussex Police,-0.218468,50.839929,On or near Locks Crescent,E01016978,Brighton and Hove 012E,Violence and sexual offences,Court result unavailable,
48ef383f4bd47f09e31a95928d9d13a779b2e1cc60bc1268479759975053a57c,2017-03,Sussex Police,Sussex Police,-0.218468,50.839929,On or near Locks Crescent,E01016978,Brighton and Hove 012E,Violence and sexual offences,Court result unavailable,
923649b16e4885e7e6385a608e1197bf4a7fc5d1beb035a870f4baff1f1d2598,2017-03,Sussex Police,Sussex Police,-0.214677,50.839511,On or near George Williams Mews,E01016978,Brighton and Hove 012E,Violence and sexual offences,Unable to prosecute suspect,
,2017-03,Sussex Police,Sussex Police,-0.192770,50.842978,On or near Moyne Close,E01016879,Brighton and Hove 013A,Anti-social behaviour,,
,2017-03,Sussex Police,Sussex Police,-0.198201,50.841012,On or near Stapley Road,E01016879,Brighton and Hove 013A,Anti-social behaviour,,
,2017-03,Sussex Police,Sussex Police,-0.192770,50.842978,On or near Moyne Close,E01016879,Brighton and Hove 013A,Anti-social behaviour,,
,2017-03,Sussex Police,Sussex Police,-0.192770,50.842978,On or near Moyne Close,E01016879,Brighton and Hove 013A,Anti-social behaviour,,
,2017-03,Sussex Police,Sussex Police,-0.192770,50.842978,On or near Moyne Close,E01016879,Brighton and Hove 013A,Anti-social behaviour,,
,2017-03,Sussex Police,Sussex Police,-0.192770,50.842978,On or near Moyne Close,E01016879,Brighton and Hove 013A,Anti-social behaviour,,
7d872b29652247e3e069694eec30b3d97c02fe14d863ad276c97d0db4d75a28f,2017-03,Sussex Police,Sussex Police,-0.192665,50.842005,On or near Laburnum Avenue,E01016879,Brighton and Hove 013A,Bicycle theft,Investigation complete; no suspect identified,
01939fb2688375d00a28ceaded05dde7bf9f7969953930f769be02bb723cdaee,2017-03,Sussex Police,Sussex Police,-0.192770,50.842978,On or near Moyne Close,E01016879,Brighton and Hove 013A,Burglary,Investigation complete; no suspect identified,
41679074bc131adef43c55b2883618bdfc5227f702e2408d2820750f381df9d4,2017-03,Sussex Police,Sussex Police,-0.190865,50.838614,On or near English Close,E01016879,Brighton and Hove 013A,Criminal damage and arson,Investigation complete; no suspect identified,
1a0538b68ce69c8d24fba524fd9fb191de6a16c82c3261aa12bf7f38d5f71599,2017-03,Sussex Police,Sussex Police,-0.192770,50.842978,On or near Moyne Close,E01016879,Brighton and Hove 013A,Criminal damage and arson,Investigation complete; no suspect identified,
48aab8bb04c0b2d17bc2e4c5e5ffaf16bdd4091e9d33e4e009873d5739421305,2017-03,Sussex Police,Sussex Police,-0.198201,50.841012,On or near Stapley Road,E01016879,Brighton and Hove 013A,Other theft,Investigation complete; no suspect identified,
3df5503b83dcdb54b810dffd4e44993f4a193652d10e3afa88dd53de0d848a90,2017-03,Sussex Police,Sussex Police,-0.192770,50.842978,On or near Moyne Close,E01016879,Brighton and Hove 013A,Public order,Unable to prosecute suspect,
6b7dfac8cf4367ac18c9ed83f7128656f83654d1e713900260b38f70871c2120,2017-03,Sussex Police,Sussex Police,-0.197298,50.840845,On or near Sports/Recreation Area,E01016879,Brighton and Hove 013A,Shoplifting,Investigation complete; no suspect identified,
a2985854cccd850237b6a5fee4f600ecdf8563c2ff5fc666a7b746494a6aeed3,2017-03,Sussex Police,Sussex Police,-0.194490,50.842214,On or near Elm Drive,E01016879,Brighton and Hove 013A,Violence and sexual offences,Unable to prosecute suspect,
,2017-03,Sussex Police,Sussex Police,-0.200149,50.842049,On or near Martin Road,E01016880,Brighton and Hove 013B,Anti-social behaviour,,
6b7046942f4330e0f45f7dedd5d9d474b583b86c14c395a95d2744d2a4f210a1,2017-03,Sussex Police,Sussex Police,-0.199240,50.840578,On or near Wilfrid Road,E01016880,Brighton and Hove 013B,Burglary,Investigation complete; no suspect identified,
,2017-03,Sussex Police,Sussex Police,-0.201610,50.836577,On or near Hallyburton Road,E01016881,Brighton and Hove 013C,Anti-social behaviour,,
,2017-03,Sussex Police,Sussex Police,-0.201610,50.836577,On or near Hallyburton Road,E01016881,Brighton and Hove 013C,Anti-social behaviour,,
,2017-03,Sussex Police,Sussex Police,-0.205631,50.835766,On or near Pedestrian Subway,E01016881,Brighton and Hove 013C,Anti-social behaviour,,
,2017-03,Sussex Police,Sussex Police,-0.205041,50.842277,On or near Supermarket,E01016881,Brighton and Hove 013C,Anti-social behaviour,,
,2017-03,Sussex Police,Sussex Police,-0.205041,50.842277,On or near Supermarket,E01016881,Brighton and Hove 013C,Anti-social behaviour,,
,2017-03,Sussex Police,Sussex Police,-0.205686,50.840264,On or near Petrol Station,E01016881,Brighton and Hove 013C,Anti-social behaviour,,
89d7662e7b4085def53ffdae5226f50b5391b33f8a253781ebce47b9005f3f66,2017-03,Sussex Police,Sussex Police,-0.205041,50.842277,On or near Supermarket,E01016881,Brighton and Hove 013C,Other theft,Investigation complete; no suspect identified,
2507aa4e9398e0a6f55c618a3dc29254fd4e8c28cae78490b6abee14137b2976,2017-03,Sussex Police,Sussex Police,-0.205041,50.842277,On or near Supermarket,E01016881,Brighton and Hove 013C,Public order,Status update unavailable,
7b4f65ace101427303f5619b2c42ef83fc85f68e23fef61f25996001a7753bbd,2017-03,Sussex Police,Sussex Police,-0.204615,50.838197,On or near Hangleton Road,E01016881,Brighton and Hove 013C,Public order,Unable to prosecute suspect,
514f5f672db55304f8790607b5a27108b03a5a2cb0048ad71eaf3a08af5e385a,2017-03,Sussex Police,Sussex Police,-0.204615,50.838197,On or near Hangleton Road,E01016881,Brighton and Hove 013C,Robbery,Further investigation is not in the public interest,
b05973093508abcd02045bce7920f25a928f42072def265112e0ac7fc8e19bd8,2017-03,Sussex Police,Sussex Police,-0.205041,50.842277,On or near Supermarket,E01016881,Brighton and Hove 013C,Shoplifting,Local resolution,
bf84676f76724203e45e596af217d4487a96083d90c458c496180473d54881b7,2017-03,Sussex Police,Sussex Police,-0.197139,50.837218,On or near Isabel Crescent,E01016881,Brighton and Hove 013C,Violence and sexual offences,Investigation complete; no suspect identified,
5f31e84f9b5b9dc12cf43fc3491194b90b11ef5a65cd5601d364e640844fd24d,2017-03,Sussex Police,Sussex Police,-0.205041,50.842277,On or near Supermarket,E01016881,Brighton and Hove 013C,Violence and sexual offences,Unable to prosecute suspect,
,2017-03,Sussex Police,Sussex Police,-0.200022,50.843873,On or near Hangleton Gardens,E01016887,Brighton and Hove 013D,Anti-social behaviour,,
,2017-03,Sussex Police,Sussex Police,-0.202916,50.845464,On or near Greenleas,E01016887,Brighton and Hove 013D,Anti-social behaviour,,
,2017-03,Sussex Police,Sussex Police,-0.202916,50.845464,On or near Greenleas,E01016887,Brighton and Hove 013D,Anti-social behaviour,,
,2017-03,Sussex Police,Sussex Police,-0.200393,50.843843,On or near Hangleton Gardens,E01016887,Brighton and Hove 013D,Anti-social behaviour,,
56fe53717675a36c75a82964b08e49c5a5f6a2eed9ccddea2866be075e78137f,2017-03,Sussex Police,Sussex Police,-0.202916,50.845464,On or near Greenleas,E01016887,Brighton and Hove 013D,Criminal damage and arson,Further investigation is not in the public interest,
cbcdbb283a46f1e906b51109d4f362efc489d29ec289726dec0807f48389b766,2017-03,Sussex Police,Sussex Police,-0.196636,50.849531,On or near Poplar Close,E01016887,Brighton and Hove 013D,Drugs,Offender given community sentence,
a3d20ffccb4039dd7397903c87ecd942a1410d383651bf01ab78852437ed1bc9,2017-03,Sussex Police,Sussex Police,-0.202916,50.845464,On or near Greenleas,E01016887,Brighton and Hove 013D,Possession of weapons,Further investigation is not in the public interest,
6b903f3c97d4a8fae992ffd248acf876eb14977843b94c84dd5fe89028b5502a,2017-03,Sussex Police,Sussex Police,-0.200393,50.843843,On or near Hangleton Gardens,E01016887,Brighton and Hove 013D,Public order,Investigation complete; no suspect identified,
e87a569d18a32bfe06e437955dbaec24d4095fbf252039c13991e452caba2324,2017-03,Sussex Police,Sussex Police,-0.201985,50.843067,On or near Hangleton Way,E01016887,Brighton and Hove 013D,Public order,Unable to prosecute suspect,
79df7cb18f0b91880ac768199a58e3093ec35a71417cf7a51442de44cd1578e9,2017-03,Sussex Police,Sussex Police,-0.197760,50.850232,On or near Spencer Avenue,E01016887,Brighton and Hove 013D,Violence and sexual offences,Unable to prosecute suspect,
572a189e6af3ecadf5284711eff443bafaaa41bbbdaec9e5415295a9cf32ce7d,2017-03,Sussex Police,Sussex Police,-0.202916,50.845464,On or near Greenleas,E01016887,Brighton and Hove 013D,Violence and sexual offences,Further investigation is not in the public interest,
fdab771303e306c247f2bbb9cbc375608a9c05ba783d12f55fbdf7aa197737fe,2017-03,Sussex Police,Sussex Police,-0.202916,50.845464,On or near Greenleas,E01016887,Brighton and Hove 013D,Violence and sexual offences,Status update unavailable,
8f983bbd0598eff0136cd2734492e5a0e9347b96c0def5f39380bb7ac03f46aa,2017-03,Sussex Police,Sussex Police,-0.202916,50.845464,On or near Greenleas,E01016887,Brighton and Hove 013D,Violence and sexual offences,Investigation complete; no suspect identified,
,2017-03,Sussex Police,Sussex Police,-0.192320,50.844698,On or near Petrol Station,E01016888,Brighton and Hove 013E,Anti-social behaviour,,
,2017-03,Sussex Police,Sussex Police,-0.190112,50.840815,On or near Wayfield Avenue,E01016888,Brighton and Hove 013E,Anti-social behaviour,,
,2017-03,Sussex Police,Sussex Police,-0.189301,50.839741,On or near Acacia Avenue,E01016888,Brighton and Hove 013E,Anti-social behaviour,,
6484e9b1d355b3b69c4c9fa6153b6d7ec91fd86717644b7f2bf914958c843309,2017-03,Sussex Police,Sussex Police,-0.190170,50.841157,On or near Wayfield Close,E01016888,Brighton and Hove 013E,Drugs,Further investigation is not in the public interest,
8c21248800ba78d05a370b77403b97878f86a499a2f2353725b6cf39675f32e6,2017-03,Sussex Police,Sussex Police,-0.190170,50.841157,On or near Wayfield Close,E01016888,Brighton and Hove 013E,Drugs,Further investigation is not in the public interest,
04c050a1a5fe6ee309ce32e65a37a2a9755f5e853b3d392d89bc1db7535205ce,2017-03,Sussex Police,Sussex Police,-0.190170,50.841157,On or near Wayfield Close,E01016888,Brighton and Hove 013E,Drugs,Further investigation is not in the public interest,
1601d05d4da048c4b2db5ff646fa771882ff4128caa76b5a23df4ab81e88f0dd,2017-03,Sussex Police,Sussex Police,-0.189743,50.843390,On or near Marshall Way,E01016888,Brighton and Hove 013E,Other theft,Unable to prosecute suspect,
a6bc56a972b7fcbfe9035da5b1015886088ae6e308356ca4e0802305fbdba857,2017-03,Sussex Police,Sussex Police,-0.192320,50.844698,On or near Petrol Station,E01016888,Brighton and Hove 013E,Other theft,Investigation complete; no suspect identified,
55b10436428d0379fae62ce25503e4fac08de355ff6a19e5448fb72ce9498c3a,2017-03,Sussex Police,Sussex Police,-0.189743,50.843390,On or near Marshall Way,E01016888,Brighton and Hove 013E,Public order,Unable to prosecute suspect,
77b58ba3d4ad713d17038959a34adf0faea4fcaf6ece63fdf64bb5857974370e,2017-03,Sussex Police,Sussex Police,-0.189743,50.843390,On or near Marshall Way,E01016888,Brighton and Hove 013E,Public order,Further investigation is not in the public interest,
ea26c29384a0cfe6705a8664171804eedf94e33db06f1d084eddf0c6eae3ced8,2017-03,Sussex Police,Sussex Police,-0.189743,50.843390,On or near Marshall Way,E01016888,Brighton and Hove 013E,Public order,Local resolution,
7dc81b40f7d51687b7d0fa24516df949192b8db058bacd5581f56a607e9944cb,2017-03,Sussex Police,Sussex Police,-0.189743,50.843390,On or near Marshall Way,E01016888,Brighton and Hove 013E,Robbery,Investigation complete; no suspect identified,
9037bd04d0ec816d1c87e0923fa3343af8c4ef04994f933ff90b8cabc70a44ab,2017-03,Sussex Police,Sussex Police,-0.189743,50.843390,On or near Marshall Way,E01016888,Brighton and Hove 013E,Robbery,Investigation complete; no suspect identified,
81697ca5ec530711ce7312dbd4881768043418cada563678fab643ce34536b56,2017-03,Sussex Police,Sussex Police,-0.192320,50.844698,On or near Petrol Station,E01016888,Brighton and Hove 013E,Vehicle crime,Investigation complete; no suspect identified,
5a0277f1a846dac874bfb55d3022ce203815e0891034259d016aab60a261e56a,2017-03,Sussex Police,Sussex Police,-0.189743,50.843390,On or near Marshall Way,E01016888,Brighton and Hove 013E,Violence and sexual offences,Unable to prosecute suspect,
e3dde7c0a895bbd7d8efa8e34c102ffff8565713f9223c15f27f410d4c908794,2017-03,Sussex Police,Sussex Police,-0.189743,50.843390,On or near Marshall Way,E01016888,Brighton and Hove 013E,Violence and sexual offences,Unable to prosecute suspect,
9786414ff17d79edd8ef510e808a22ff94f76c5abf770cb1a402981bf34a2e1d,2017-03,Sussex Police,Sussex Police,-0.189743,50.843390,On or near Marshall Way,E01016888,Brighton and Hove 013E,Violence and sexual offences,Status update unavailable,
13be49d58988fe214acd9298ad0f4488eaf323b60c86009e2943dc896e6e9edf,2017-03,Sussex Police,Sussex Police,-0.190170,50.841157,On or near Wayfield Close,E01016888,Brighton and Hove 013E,Violence and sexual offences,Unable to prosecute suspect,
7cf2dd12aa2f7be9fc512ca39960b55bb257cdefb7c8b2a99c454649fbe998eb,2017-03,Sussex Police,Sussex Police,-0.189743,50.843390,On or near Marshall Way,E01016888,Brighton and Hove 013E,Violence and sexual offences,Unable to prosecute suspect,
4f5bd15d9c8e50a755d78d6c482512b71f13fe0ba57b9c4863381c76f77e2f76,2017-03,Sussex Police,Sussex Police,-0.189743,50.843390,On or near Marshall Way,E01016888,Brighton and Hove 013E,Violence and sexual offences,Unable to prosecute suspect,
70c3f9aa8d630552fde8c97e0dcaa95a77e19703ace93f6ec8530f53cdd951ca,2017-03,Sussex Police,Sussex Police,-0.184514,50.846340,On or near St Peter'S Close,E01016888,Brighton and Hove 013E,Violence and sexual offences,Further investigation is not in the public interest,
0566bcf0d05d11bcf308da5f2ceff53979d5ebbafdfe6bebc17e1aaa624b49d3,2017-03,Sussex Police,Sussex Police,-0.189743,50.843390,On or near Marshall Way,E01016888,Brighton and Hove 013E,Violence and sexual offences,Investigation complete; no suspect identified,
633c6ec3c57405b58fda5fa46c1d283c606f0473be77fc9b01f50cf5c4180e74,2017-03,Sussex Police,Sussex Police,-0.187823,50.843819,On or near Tudor Close,E01016888,Brighton and Hove 013E,Violence and sexual offences,Further investigation is not in the public interest,
,2017-03,Sussex Police,Sussex Police,-0.210881,50.843329,On or near Mill Lane,E01016976,Brighton and Hove 013F,Anti-social behaviour,,
,2017-03,Sussex Police,Sussex Police,-0.213326,50.839940,On or near Highlands Road,E01016976,Brighton and Hove 013F,Anti-social behaviour,,
3b6f58b930ed22117bee238f42581cf330b9f66824b0f7461bdea254c53f79f3,2017-03,Sussex Police,Sussex Police,-0.210763,50.839352,On or near Hayes Close,E01016976,Brighton and Hove 013F,Burglary,Investigation complete; no suspect identified,
94834f6cbb6e86f0d8b08df6df0bbcef449794bd629b8a873ca41607306709f6,2017-03,Sussex Police,Sussex Police,-0.210881,50.843329,On or near Mill Lane,E01016976,Brighton and Hove 013F,Criminal damage and arson,Investigation complete; no suspect identified,
36f4f969b4ebcbb2015477ffe922606d5133c8b5fa15e4d9b3034ca666229d0a,2017-03,Sussex Police,Sussex Police,-0.210763,50.839352,On or near Hayes Close,E01016976,Brighton and Hove 013F,Vehicle crime,Investigation complete; no suspect identified,
e21a9aa0a93a83bcc6968e47917e9cfca3d5a9e0c83752d26d3608f6742fca22,2017-03,Sussex Police,Sussex Police,-0.214054,50.840590,On or near Park Close,E01016976,Brighton and Hove 013F,Violence and sexual offences,Further investigation is not in the public interest,
48ac1f420a6ca42679572e476857dbcf6de480dc19667a727afd69c08dca9048,2017-03,Sussex Police,Sussex Police,-0.210763,50.839352,On or near Hayes Close,E01016976,Brighton and Hove 013F,Other crime,Offender given penalty notice,
,2017-03,Sussex Police,Sussex Police,-0.134935,50.841412,On or near Semley Road,E01016932,Brighton and Hove 014A,Anti-social behaviour,,
,2017-03,Sussex Police,Sussex Police,-0.138073,50.837172,On or near Springfield Road,E01016932,Brighton and Hove 014A,Anti-social behaviour,,
38b1ae78a0d9dc877e93f3d8ae8b2cb0b5daf6787a262df436d58a7706fbc99b,2017-03,Sussex Police,Sussex Police,-0.138073,50.837172,On or near Springfield Road,E01016932,Brighton and Hove 014A,Bicycle theft,Investigation complete; no suspect identified,
b317c5ed30bb3f7975fb43aacdeba5d0bfa2c093841be58e2657347c6f1796ba,2017-03,Sussex Police,Sussex Police,-0.135387,50.840771,On or near St Andrew'S Road,E01016932,Brighton and Hove 014A,Vehicle crime,Investigation complete; no suspect identified,
4c348fb76b848fa3080a47c7638499c45971c666565a44d9412dc4b2f7793619,2017-03,Sussex Police,Sussex Police,-0.138073,50.837172,On or near Springfield Road,E01016932,Brighton and Hove 014A,Violence and sexual offences,Court case unable to proceed,
,2017-03,Sussex Police,Sussex Police,-0.142191,50.841123,On or near Beaconsfield Villas,E01016933,Brighton and Hove 014B,Anti-social behaviour,,
,2017-03,Sussex Police,Sussex Police,-0.142191,50.841123,On or near Beaconsfield Villas,E01016933,Brighton and Hove 014B,Anti-social behaviour,,
,2017-03,Sussex Police,Sussex Police,-0.142191,50.841123,On or near Beaconsfield Villas,E01016933,Brighton and Hove 014B,Anti-social behaviour,,
,2017-03,Sussex Police,Sussex Police,-0.142191,50.841123,On or near Beaconsfield Villas,E01016933,Brighton and Hove 014B,Anti-social behaviour,,
,2017-03,Sussex Police,Sussex Police,-0.141891,50.837233,On or near Stanford Avenue,E01016933,Brighton and Hove 014B,Anti-social behaviour,,
47a9d5d0fbda85aaf4e69f0c51a269f4777bced9a64604e3a5f9a7324ac7e9f7,2017-03,Sussex Police,Sussex Police,-0.141891,50.837233,On or near Stanford Avenue,E01016933,Brighton and Hove 014B,Bicycle theft,Investigation complete; no suspect identified,
41274d424bef57177783daf7e546cb624fca25d539a24cf482fe261d7b47cad2,2017-03,Sussex Police,Sussex Police,-0.143969,50.840333,On or near Preston Park Avenue,E01016933,Brighton and Hove 014B,Burglary,Investigation complete; no suspect identified,
6800742301705905f410e474c19426bb1a720b1fdbb29d3d1db74a1bb1c95883,2017-03,Sussex Police,Sussex Police,-0.141891,50.837233,On or near Stanford Avenue,E01016933,Brighton and Hove 014B,Burglary,Investigation complete; no suspect identified,
657f2a3147adf8c348c82019f608cfa140b90313c0103e08974f1e4b29e8f779,2017-03,Sussex Police,Sussex Police,-0.142191,50.841123,On or near Beaconsfield Villas,E01016933,Brighton and Hove 014B,Public order,Unable to prosecute suspect,
d0a90bbca67a6e67c0182c02293ade23c9c94ec958aad58f020ad7ac3d1c6342,2017-03,Sussex Police,Sussex Police,-0.143969,50.840333,On or near Preston Park Avenue,E01016933,Brighton and Hove 014B,Public order,Status update unavailable,
98a54c4135abf6b691c28f53435cad071009b44c7dae371007845f052e9c0664,2017-03,Sussex Police,Sussex Police,-0.141891,50.837233,On or near Stanford Avenue,E01016933,Brighton and Hove 014B,Robbery,Investigation complete; no suspect identified,
575ba3f9722d2622e1223d2e789d24067de2da2be0513c17b710719458086d4c,2017-03,Sussex Police,Sussex Police,-0.143969,50.840333,On or near Preston Park Avenue,E01016933,Brighton and Hove 014B,Robbery,Status update unavailable,
516b000611b60071b7d19ac0d43da58715a77005e872f9e4695e85b9947f47f0,2017-03,Sussex Police,Sussex Police,-0.143969,50.840333,On or near Preston Park Avenue,E01016933,Brighton and Hove 014B,Violence and sexual offences,Unable to prosecute suspect,
545986f92d617909429e90f7870a0a49bca1015a1ef212928feeb2930a47d660,2017-03,Sussex Police,Sussex Police,-0.142191,50.841123,On or near Beaconsfield Villas,E01016933,Brighton and Hove 014B,Violence and sexual offences,Investigation complete; no suspect identified,
1b7ce5f914c463d3caaf0227be303fd4293ff46344bf9b5d7abf986c5d0ac7d0,2017-03,Sussex Police,Sussex Police,-0.143969,50.840333,On or near Preston Park Avenue,E01016933,Brighton and Hove 014B,Violence and sexual offences,Unable to prosecute suspect,
f3b58eb9466cba628e488d51c562c39e7e5e85617ad5ad3de24eeac7f02d073b,2017-03,Sussex Police,Sussex Police,-0.142191,50.841123,On or near Beaconsfield Villas,E01016933,Brighton and Hove 014B,Violence and sexual offences,Status update unavailable,
84886170821d9a094e135274ed70df3fdba9adc8b3aa7ab0a8b4c369c6173d00,2017-03,Sussex Police,Sussex Police,-0.140408,50.842030,On or near Lucerne Road,E01016933,Brighton and Hove 014B,Violence and sexual offences,Investigation complete; no suspect identified,
,2017-03,Sussex Police,Sussex Police,-0.144802,50.841533,On or near The Ride,E01016935,Brighton and Hove 014C,Anti-social behaviour,,
,2017-03,Sussex Police,Sussex Police,-0.144802,50.841533,On or near The Ride,E01016935,Brighton and Hove 014C,Anti-social behaviour,,
,2017-03,Sussex Police,Sussex Police,-0.144802,50.841533,On or near The Ride,E01016935,Brighton and Hove 014C,Anti-social behaviour,,
,2017-03,Sussex Police,Sussex Police,-0.147085,50.843422,On or near Sports/Recreation Area,E01016935,Brighton and Hove 014C,Anti-social behaviour,,
,2017-03,Sussex Police,Sussex Police,-0.147085,50.843422,On or near Sports/Recreation Area,E01016935,Brighton and Hove 014C,Anti-social behaviour,,
,2017-03,Sussex Police,Sussex Police,-0.144802,50.841533,On or near The Ride,E01016935,Brighton and Hove 014C,Anti-social behaviour,,
,2017-03,Sussex Police,Sussex Police,-0.146884,50.842762,On or near Sports/Recreation Area,E01016935,Brighton and Hove 014C,Anti-social behaviour,,
,2017-03,Sussex Police,Sussex Police,-0.151608,50.836083,On or near Port Hall Mews,E01016935,Brighton and Hove 014C,Anti-social behaviour,,
,2017-03,Sussex Police,Sussex Police,-0.144802,50.841533,On or near The Ride,E01016935,Brighton and Hove 014C,Anti-social behaviour,,
,2017-03,Sussex Police,Sussex Police,-0.146884,50.842762,On or near Sports/Recreation Area,E01016935,Brighton and Hove 014C,Anti-social behaviour,,
,2017-03,Sussex Police,Sussex Police,-0.151210,50.840762,On or near Rookery Close,E01016935,Brighton and Hove 014C,Anti-social behaviour,,
bd8c6fdf61fe31855975f89d0f5165fba59d2418d489a1301247f349eb4d073f,2017-03,Sussex Police,Sussex Police,-0.147085,50.843422,On or near Sports/Recreation Area,E01016935,Brighton and Hove 014C,Criminal damage and arson,Unable to prosecute suspect,
67e9366d53702d3a34834bc466b09518ae132854a84360137f6722b3a2bcd4ce,2017-03,Sussex Police,Sussex Police,-0.147989,50.842852,On or near Sports/Recreation Area,E01016935,Brighton and Hove 014C,Other theft,Investigation complete; no suspect identified,
27501acdd9c44a8ecbcd794c16282355aa852f67c9c17b732c8a2c7381df8905,2017-03,Sussex Police,Sussex Police,-0.144802,50.841533,On or near The Ride,E01016935,Brighton and Hove 014C,Violence and sexual offences,Investigation complete; no suspect identified,
926198bb8f304c362123452c2cc6b67544eed46a2b6587cece142e9cc832ee67,2017-03,Sussex Police,Sussex Police,-0.149320,50.835768,On or near Exeter Street,E01016935,Brighton and Hove 014C,Violence and sexual offences,Investigation complete; no suspect identified,
,2017-03,Sussex Police,Sussex Police,-0.147192,50.837866,On or near Lover'S Walk,E01016936,Brighton and Hove 014D,Anti-social behaviour,,
,2017-03,Sussex Police,Sussex Police,-0.141196,50.834335,On or near Campbell Road,E01016936,Brighton and Hove 014D,Anti-social behaviour,,
,2017-03,Sussex Police,Sussex Police,-0.145806,50.834129,On or near Hamilton Road,E01016936,Brighton and Hove 014D,Anti-social behaviour,,
,2017-03,Sussex Police,Sussex Police,-0.141196,50.834335,On or near Campbell Road,E01016936,Brighton and Hove 014D,Anti-social behaviour,,
,2017-03,Sussex Police,Sussex Police,-0.147192,50.837866,On or near Lover'S Walk,E01016936,Brighton and Hove 014D,Anti-social behaviour,,
845228341e0cafd0ae3ba9e2d4729e5c0d25dd0f823c045a8f57f4ade1a8451c,2017-03,Sussex Police,Sussex Police,-0.141899,50.834175,On or near Argyle Road,E01016936,Brighton and Hove 014D,Criminal damage and arson,Investigation complete; no suspect identified,
f34ea30fc0f72bb465c0bc825fc9b83639080a247247a501fa4a4dbacae75bde,2017-03,Sussex Police,Sussex Police,-0.147192,50.837866,On or near Lover'S Walk,E01016936,Brighton and Hove 014D,Drugs,Offender sent to prison,
0e3dc135a056c9545b2d9af287c42d3472952863cc507f63fe1190577a4180d1,2017-03,Sussex Police,Sussex Police,-0.147111,50.835589,On or near Stanford Road,E01016936,Brighton and Hove 014D,Other theft,Investigation complete; no suspect identified,
75421dfc9fe1e471481c8bf9b4ff7498a95b415e1d05278cb00ff1ff46fbca1f,2017-03,Sussex Police,Sussex Police,-0.141196,50.834335,On or near Campbell Road,E01016936,Brighton and Hove 014D,Public order,Unable to prosecute suspect,
3415eceb2a577f6dc2ff66f909ca743d0af57dd7c651983db27577580b1cbde2,2017-03,Sussex Police,Sussex Police,-0.141899,50.834175,On or near Argyle Road,E01016936,Brighton and Hove 014D,Vehicle crime,Investigation complete; no suspect identified,
b9eca24a78e74106cb636a27dda71f0d00480c47c2f1e57f6fdd56639330950b,2017-03,Sussex Police,Sussex Police,-0.147192,50.837866,On or near Lover'S Walk,E01016936,Brighton and Hove 014D,Vehicle crime,Investigation complete; no suspect identified,
ea6f7ea933354556b480f10a435a43941dce8bf7ecb6b984fba30dc2c277596b,2017-03,Sussex Police,Sussex Police,-0.147192,50.837866,On or near Lover'S Walk,E01016936,Brighton and Hove 014D,Vehicle crime,Investigation complete; no suspect identified,
fd9dfaf076c7af3fb79bb1220121464820dc21d94aa0e68e61c1260dbb2639a8,2017-03,Sussex Police,Sussex Police,-0.147192,50.837866,On or near Lover'S Walk,E01016936,Brighton and Hove 014D,Vehicle crime,Investigation complete; no suspect identified,
3e26698a6defbb97dc9600a6cdc98ba8445ae7706c5200f0ba67a34f2991c106,2017-03,Sussex Police,Sussex Police,-0.147192,50.837866,On or near Lover'S Walk,E01016936,Brighton and Hove 014D,Violence and sexual offences,Unable to prosecute suspect,
00ab2caa94d559a03a654e5c35bbacd20774b73f5dff7cb9982d6171940a44b5,2017-03,Sussex Police,Sussex Police,-0.147111,50.835589,On or near Stanford Road,E01016936,Brighton and Hove 014D,Violence and sexual offences,Investigation complete; no suspect identified,
,2017-03,Sussex Police,Sussex Police,-0.139762,50.835760,On or near Beaconsfield Road,E01016937,Brighton and Hove 014E,Anti-social behaviour,,
,2017-03,Sussex Police,Sussex Police,-0.135798,50.836875,On or near Pedestrian Subway,E01016937,Brighton and Hove 014E,Anti-social behaviour,,
,2017-03,Sussex Police,Sussex Police,-0.142566,50.836686,On or near Stanford Avenue,E01016937,Brighton and Hove 014E,Anti-social behaviour,,
,2017-03,Sussex Police,Sussex Police,-0.137400,50.835884,On or near Ditchling Rise,E01016937,Brighton and Hove 014E,Anti-social behaviour,,
31c8119bcf2130be55eb436e4d862e9014263b1792fadd8a82cf93a53fcbc348,2017-03,Sussex Police,Sussex Police,-0.136372,50.836362,On or near Shaftesbury Place,E01016937,Brighton and Hove 014E,Bicycle theft,Investigation complete; no suspect identified,
908846614fb9fbd6085305a73893cc329ef75494c569f545c9ef22cb02937a0a,2017-03,Sussex Police,Sussex Police,-0.140749,50.838087,On or near Beaconsfield Villas,E01016937,Brighton and Hove 014E,Burglary,Investigation complete; no suspect identified,
7290d8fa2554d2dac3d6af315292eb3f88da26acf92b205903d58cb4a5b030bc,2017-03,Sussex Police,Sussex Police,-0.140749,50.838087,On or near Beaconsfield Villas,E01016937,Brighton and Hove 014E,Burglary,Investigation complete; no suspect identified,
ebd6a68ce9dfe0bfe3bd50a29c5faed5b97a122168e8ae6ef231908f6602302a,2017-03,Sussex Police,Sussex Police,-0.137400,50.835884,On or near Ditchling Rise,E01016937,Brighton and Hove 014E,Criminal damage and arson,Investigation complete; no suspect identified,
bbac1cbfc1f6249141a355dfd6b5cb9d5383c01ca5cf58c91016813d2bd0f3d6,2017-03,Sussex Police,Sussex Police,-0.139762,50.835760,On or near Beaconsfield Road,E01016937,Brighton and Hove 014E,Criminal damage and arson,Investigation complete; no suspect identified,
ab5a86607334f52b569c4f7240e17d215e2233dd0c67c1ebf5004b58e89b8bab,2017-03,Sussex Police,Sussex Police,-0.140904,50.834897,On or near Preston Road,E01016937,Brighton and Hove 014E,Other theft,Investigation complete; no suspect identified,
94afc84f799e2555e7ce51fbbadeb531674a652650a6c3298dfaa12cf4524563,2017-03,Sussex Police,Sussex Police,-0.140904,50.834897,On or near Preston Road,E01016937,Brighton and Hove 014E,Other theft,Unable to prosecute suspect,
b6fc0e8e496243dd7ab32c5f2191283b41f0a512488578621456be7677ad1ed5,2017-03,Sussex Police,Sussex Police,-0.140904,50.834897,On or near Preston Road,E01016937,Brighton and Hove 014E,Public order,Investigation complete; no suspect identified,
332d6ac66a0ad0bd00a9dcb7f5a2372bd8043db2a7cbd044300f98ef73d527a5,2017-03,Sussex Police,Sussex Police,-0.137400,50.835884,On or near Ditchling Rise,E01016937,Brighton and Hove 014E,Public order,Investigation complete; no suspect identified,
2f1352c986ef36b36b5514a26758ef8fa13b862fa11c6a8e0dfc586c181375ca,2017-03,Sussex Police,Sussex Police,-0.141171,50.837842,On or near Beaconsfield Road,E01016937,Brighton and Hove 014E,Violence and sexual offences,Unable to prosecute suspect,
f9e02fce391c767986b3be18c22525edd949436a25f924c676fe3d1539a74b27,2017-03,Sussex Police,Sussex Police,-0.140686,50.837879,On or near Beaconsfield Road,E01016937,Brighton and Hove 014E,Violence and sexual offences,Investigation complete; no suspect identified,
71871a58dc9785bb7465cb391d1d7b18720fc7dc44198c033e43ab42c17f4adc,2017-03,Sussex Police,Sussex Police,-0.140749,50.838087,On or near Beaconsfield Villas,E01016937,Brighton and Hove 014E,Violence and sexual offences,Unable to prosecute suspect,
3334f07a1f6cd2e788e6d2421cc2eedc9cf30ac93d33182ee45d328b12ec1b5f,2017-03,Sussex Police,Sussex Police,-0.142566,50.836686,On or near Stanford Avenue,E01016937,Brighton and Hove 014E,Violence and sexual offences,Further investigation is not in the public interest,
8d9aa120d3a79dad6d149ea6f93017491e78fc17308ed648c86f4699aec5bbf6,2017-03,Sussex Police,Sussex Police,-0.139762,50.835760,On or near Beaconsfield Road,E01016937,Brighton and Hove 014E,Violence and sexual offences,Investigation complete; no suspect identified,
9dd3c8765dc921f1cc6b00469def53e8be8146e8335075ef298760f06f30bb26,2017-03,Sussex Police,Sussex Police,-0.141171,50.837842,On or near Beaconsfield Road,E01016937,Brighton and Hove 014E,Violence and sexual offences,Offender fined,
cddb375a27c89a61245b53d29fcd1c2ad96c6f62d686958e537aa6c5d6ed8d5b,2017-03,Sussex Police,Sussex Police,-0.141171,50.837842,On or near Beaconsfield Road,E01016937,Brighton and Hove 014E,Violence and sexual offences,Offender ordered to pay compensation,
e5118b53b0586a0860f4d09e8f9ed19019f07e61bf3219e7ce4ffca2c0d2f759,2017-03,Sussex Police,Sussex Police,-0.140686,50.837879,On or near Beaconsfield Road,E01016937,Brighton and Hove 014E,Other crime,Local resolution,
,2017-03,Sussex Police,Sussex Police,-0.125826,50.834781,On or near St Leonard'S Road,E01016890,Brighton and Hove 015A,Anti-social behaviour,,
,2017-03,Sussex Police,Sussex Police,-0.124640,50.836399,On or near Melbourne Street,E01016890,Brighton and Hove 015A,Anti-social behaviour,,
,2017-03,Sussex Police,Sussex Police,-0.124640,50.836399,On or near Melbourne Street,E01016890,Brighton and Hove 015A,Anti-social behaviour,,
,2017-03,Sussex Police,Sussex Police,-0.126775,50.833780,On or near St Martin'S Place,E01016890,Brighton and Hove 015A,Anti-social behaviour,,
,2017-03,Sussex Police,Sussex Police,-0.126775,50.833780,On or near St Martin'S Place,E01016890,Brighton and Hove 015A,Anti-social behaviour,,
,2017-03,Sussex Police,Sussex Police,-0.126775,50.833780,On or near St Martin'S Place,E01016890,Brighton and Hove 015A,Anti-social behaviour,,
64d8c951d3499d90a734bbfd20b4d3085044dadf3e001f1fd89bb6ede277b3a8,2017-03,Sussex Police,Sussex Police,-0.122907,50.837469,On or near Newmarket Road,E01016890,Brighton and Hove 015A,Bicycle theft,Investigation complete; no suspect identified,
72b68c471627f58567fe0fcf17b6a8177452f3b7c8cf1b4919801cb709a81163,2017-03,Sussex Police,Sussex Police,-0.122907,50.837469,On or near Newmarket Road,E01016890,Brighton and Hove 015A,Bicycle theft,Investigation complete; no suspect identified,
189383da5360a430efccfabe217f7e5a13385a843dc3a4071d6f48b42b8e0295,2017-03,Sussex Police,Sussex Police,-0.122265,50.835408,On or near Bembridge Street,E01016890,Brighton and Hove 015A,Burglary,Investigation complete; no suspect identified,
cb23d13a89d8cb15b21bfc0aec0188e22692ac7de5cc6d970b5480c1f124ed3e,2017-03,Sussex Police,Sussex Police,-0.122265,50.835408,On or near Bembridge Street,E01016890,Brighton and Hove 015A,Criminal damage and arson,Investigation complete; no suspect identified,
8bc9eefbd9436f0d40536af82c8a1dc13f4acd7245b245b1a75bcba144b6ad63,2017-03,Sussex Police,Sussex Police,-0.123631,50.836059,On or near Theatre/Concert Hall,E01016890,Brighton and Hove 015A,Public order,Further investigation is not in the public interest,
5b70f9a1043bcb0b58aadea32e8c5f6353fef64fdac98a976a15654c9711db4b,2017-03,Sussex Police,Sussex Police,-0.125826,50.834781,On or near St Leonard'S Road,E01016890,Brighton and Hove 015A,Vehicle crime,Investigation complete; no suspect identified,
3f770440ff74f65c3faf64c6fd34f6be893fa20a0b2e56f454852b56b3b265c9,2017-03,Sussex Police,Sussex Police,-0.126775,50.833780,On or near St Martin'S Place,E01016890,Brighton and Hove 015A,Violence and sexual offences,Local resolution,
3b3fee1943b3dd1815523e8da76b9b6129f9dd31c33df63a5c913b6c169b8d1d,2017-03,Sussex Police,Sussex Police,-0.125215,50.835140,On or near Pevensey Road,E01016890,Brighton and Hove 015A,Violence and sexual offences,Status update unavailable,
8a92b1455d6630bb0c4b5ddffe9693815ae5aea109bd0611654d76eec87d3f9d,2017-03,Sussex Police,Sussex Police,-0.124640,50.836399,On or near Melbourne Street,E01016890,Brighton and Hove 015A,Violence and sexual offences,Unable to prosecute suspect,
31042bd3da0ddce127edc880f98d7d70e57775b336f6a61d0d8e40cace79f290,2017-03,Sussex Police,Sussex Police,-0.122907,50.837469,On or near Newmarket Road,E01016890,Brighton and Hove 015A,Violence and sexual offences,Unable to prosecute suspect,
ce3fabfb04cd91faca1ab3c2a33ab4b9830a39775b91153010e5aef5c041f565,2017-03,Sussex Police,Sussex Police,-0.122265,50.835408,On or near Bembridge Street,E01016890,Brighton and Hove 015A,Violence and sexual offences,Further investigation is not in the public interest,
,2017-03,Sussex Police,Sussex Police,-0.132737,50.831007,On or near Sports/Recreation Area,E01016966,Brighton and Hove 015B,Anti-social behaviour,,
,2017-03,Sussex Police,Sussex Police,-0.131909,50.832900,On or near Park Crescent Terrace,E01016966,Brighton and Hove 015B,Anti-social behaviour,,
,2017-03,Sussex Police,Sussex Police,-0.129693,50.834682,On or near Upper Lewes Road,E01016966,Brighton and Hove 015B,Anti-social behaviour,,
,2017-03,Sussex Police,Sussex Police,-0.132737,50.831007,On or near Sports/Recreation Area,E01016966,Brighton and Hove 015B,Anti-social behaviour,,
,2017-03,Sussex Police,Sussex Police,-0.133026,50.833368,On or near Canterbury Drive,E01016966,Brighton and Hove 015B,Anti-social behaviour,,
,2017-03,Sussex Police,Sussex Police,-0.132737,50.831007,On or near Sports/Recreation Area,E01016966,Brighton and Hove 015B,Anti-social behaviour,,
e3a90eef052f6213a21b4832430827497399c5f5967cafea179abea5ca6eda30,2017-03,Sussex Police,Sussex Police,-0.129337,50.833282,On or near Trinity Street,E01016966,Brighton and Hove 015B,Bicycle theft,Unable to prosecute suspect,
04be0bf6c818c8f466dcd9b05b6b44dbf901ab7fb63a4d5975060758774972b2,2017-03,Sussex Police,Sussex Police,-0.131909,50.832900,On or near Park Crescent Terrace,E01016966,Brighton and Hove 015B,Burglary,Investigation complete; no suspect identified,
1c6936a9bd949cee538cebcf03607b1f2f5bbe83afd2f71d0d0746ed120edf76,2017-03,Sussex Police,Sussex Police,-0.131202,50.834589,On or near Wakefield Road,E01016966,Brighton and Hove 015B,Burglary,Investigation complete; no suspect identified,
aabfd687759ff88f9fd936e06fee337224f4b588f22075174c95efeeb5608bbd,2017-03,Sussex Police,Sussex Police,-0.132737,50.831007,On or near Sports/Recreation Area,E01016966,Brighton and Hove 015B,Criminal damage and arson,Court result unavailable,
7737b1b6d3c661454ffd88d73d8135af3a450f8026c29f92bcea56346cf9827d,2017-03,Sussex Police,Sussex Police,-0.132737,50.831007,On or near Sports/Recreation Area,E01016966,Brighton and Hove 015B,Drugs,Offender fined,
b262c5d2059355a7642a8cd10bd764432f51eebc669709e33a7e28eeac320d40,2017-03,Sussex Police,Sussex Police,-0.132737,50.831007,On or near Sports/Recreation Area,E01016966,Brighton and Hove 015B,Drugs,Offender given a drugs possession warning,
ed2861e00777bfc68adced431267fbcbb93fab9e5d8a00bd0c71ee760b3adc07,2017-03,Sussex Police,Sussex Police,-0.132737,50.831007,On or near Sports/Recreation Area,E01016966,Brighton and Hove 015B,Other theft,Unable to prosecute suspect,
24fcfcf2f818bf8f55a72a9173549021ee8717db2cce1f85e91fab83e7ca9c63,2017-03,Sussex Police,Sussex Police,-0.131909,50.832900,On or near Park Crescent Terrace,E01016966,Brighton and Hove 015B,Other theft,Investigation complete; no suspect identified,
0b409547b91b5527dbc26059491ff149304a161528f88e9e03cca22ece131b1b,2017-03,Sussex Police,Sussex Police,-0.129180,50.832605,On or near Lewes Road,E01016966,Brighton and Hove 015B,Other theft,Unable to prosecute suspect,
2ac8d3a37eaf8f72f8ca8244fd8261ec809998616ee92b5c724b6b988bd67879,2017-03,Sussex Police,Sussex Police,-0.129337,50.833282,On or near Trinity Street,E01016966,Brighton and Hove 015B,Other theft,Investigation complete; no suspect identified,
c03a8bec2742ce95f9abcfc75aea5e449d918ffca2e8d0fdbe05b4be284a48c3,2017-03,Sussex Police,Sussex Police,-0.131909,50.832900,On or near Park Crescent Terrace,E01016966,Brighton and Hove 015B,Public order,Investigation complete; no suspect identified,
927485c5194ff02371bab7cd63be637882b7e7093f0113064ce09ac0bd552f53,2017-03,Sussex Police,Sussex Police,-0.132737,50.831007,On or near Sports/Recreation Area,E01016966,Brighton and Hove 015B,Public order,Investigation complete; no suspect identified,
49c123f579b1cb9b101fac8ea1fc3424ecd89f7d251dc93500e36f7fcf217cb9,2017-03,Sussex Police,Sussex Police,-0.129180,50.832605,On or near Lewes Road,E01016966,Brighton and Hove 015B,Public order,Investigation complete; no suspect identified,
1031a5f4ca936446feeefeaaf816b97b28b0ae4022856339f800c7fef8512a98,2017-03,Sussex Police,Sussex Police,-0.129693,50.834682,On or near Upper Lewes Road,E01016966,Brighton and Hove 015B,Robbery,Investigation complete; no suspect identified,
ad0734e2190d0d0fff3de759ea904e2088317f5094c9cf7cf26ea36052e78523,2017-03,Sussex Police,Sussex Police,-0.129988,50.832627,On or near Park Crescent Place,E01016966,Brighton and Hove 015B,Robbery,Investigation complete; no suspect identified,
7f33bd8c46dbda7e6226c4ee1e40c971aee89af037acdc6afc3eff6ade548217,2017-03,Sussex Police,Sussex Police,-0.132737,50.831007,On or near Sports/Recreation Area,E01016966,Brighton and Hove 015B,Theft from the person,Investigation complete; no suspect identified,
35c280aff32f3806ae7f3c39fff9ae15d68f1b1e61e92117018633de7c240814,2017-03,Sussex Police,Sussex Police,-0.132737,50.831007,On or near Sports/Recreation Area,E01016966,Brighton and Hove 015B,Theft from the person,Unable to prosecute suspect,
42498564c93cdda823ff2b4f9f9fe35f70c65c799d44ce3c1190947444e6995d,2017-03,Sussex Police,Sussex Police,-0.133026,50.833368,On or near Canterbury Drive,E01016966,Brighton and Hove 015B,Theft from the person,Investigation complete; no suspect identified,
2f476667385c81b94e6024bc88b8d668992bba2533544869ab74d102ab80a256,2017-03,Sussex Police,Sussex Police,-0.129180,50.832605,On or near Lewes Road,E01016966,Brighton and Hove 015B,Vehicle crime,Investigation complete; no suspect identified,
a3bf9321567f26b31d47c20fa47bd02d9b16d4d375aa99b115e2c1140123d8b0,2017-03,Sussex Police,Sussex Police,-0.129529,50.833816,On or near Brewer Street,E01016966,Brighton and Hove 015B,Vehicle crime,Investigation complete; no suspect identified,
55e27ad50d7d831d30335fc5e198eb0aa858ee16a263c5106219cc1b94bad345,2017-03,Sussex Police,Sussex Police,-0.132737,50.831007,On or near Sports/Recreation Area,E01016966,Brighton and Hove 015B,Violence and sexual offences,Investigation complete; no suspect identified,
00ceb4f6f13e17619e18728cb604906668ec97fb0aed5937bd756b5fe82315c9,2017-03,Sussex Police,Sussex Police,-0.132737,50.831007,On or near Sports/Recreation Area,E01016966,Brighton and Hove 015B,Violence and sexual offences,Investigation complete; no suspect identified,
050bc51aea652cc0d924f4fca49c50cf58b744630638808488b7251aa6966238,2017-03,Sussex Police,Sussex Police,-0.130046,50.834022,On or near Park Crescent Road,E01016966,Brighton and Hove 015B,Violence and sexual offences,Further investigation is not in the public interest,
519d2afbe3553dad908bd9cd92a802d5214474e5d2f4443a6fde0526c1629d71,2017-03,Sussex Police,Sussex Police,-0.132737,50.831007,On or near Sports/Recreation Area,E01016966,Brighton and Hove 015B,Violence and sexual offences,Unable to prosecute suspect,
c7bf1df20a2fa9589dd40784c8763df26019e9f5eb27a52a1367f667c659a83d,2017-03,Sussex Police,Sussex Police,-0.131909,50.832900,On or near Park Crescent Terrace,E01016966,Brighton and Hove 015B,Other crime,Court result unavailable,
789f2e2f22ecf538337fa9dbea8c16c1209fd393f7959b689656df277e509b8c,2017-03,Sussex Police,Sussex Police,-0.129693,50.834682,On or near Upper Lewes Road,E01016966,Brighton and Hove 015B,Other crime,Investigation complete; no suspect identified,
,2017-03,Sussex Police,Sussex Police,-0.129197,50.836796,On or near Richmond Road,E01016970,Brighton and Hove 015C,Anti-social behaviour,,
634d7779b35cb47624ccedd7e3c8a3cd80f31ea0dca36dede7454a733933e4ca,2017-03,Sussex Police,Sussex Police,-0.131435,50.836949,On or near Prince'S Road,E01016970,Brighton and Hove 015C,Bicycle theft,Investigation complete; no suspect identified,
483ee3b3ff26e56ec543590f41c43230106b82191633583746098d30491667b6,2017-03,Sussex Police,Sussex Police,-0.131382,50.836130,On or near Crescent Road,E01016970,Brighton and Hove 015C,Criminal damage and arson,Investigation complete; no suspect identified,
1444975300bd739c3e5f9815a84f47d3e045c1b7d827b3f8643defa54eb04ac4,2017-03,Sussex Police,Sussex Police,-0.128705,50.837733,On or near Hughes Road,E01016970,Brighton and Hove 015C,Criminal damage and arson,Investigation complete; no suspect identified,
6c9b2697ac7b7389abf084355a0c74783e7e80428e4d2c2ca41d588871acfb88,2017-03,Sussex Police,Sussex Police,-0.127084,50.837428,On or near D'Aubigny Road,E01016970,Brighton and Hove 015C,Drugs,Offender fined,
15ccd340868df85e356a9d2aa09e6495ca3a2f7f88958f42e6d650637b7fcae4,2017-03,Sussex Police,Sussex Police,-0.129197,50.836796,On or near Richmond Road,E01016970,Brighton and Hove 015C,Other theft,Investigation complete; no suspect identified,
18b4e29f7f31795cd70282325b394c9c9c930fefb7e48b3d11f682e4762e4bc8,2017-03,Sussex Police,Sussex Police,-0.129197,50.836796,On or near Richmond Road,E01016970,Brighton and Hove 015C,Other theft,Investigation complete; no suspect identified,
62cb91ca719b8fe059650ebf390307a939c4d02d448a9770e8f071c818bf0935,2017-03,Sussex Police,Sussex Police,-0.133320,50.837033,On or near Petrol Station,E01016970,Brighton and Hove 015C,Other theft,Investigation complete; no suspect identified,
75c70435c377c790ca2ffc2e87e91616d07864e5ef1deaa209a851583f892a5f,2017-03,Sussex Police,Sussex Police,-0.133320,50.837033,On or near Petrol Station,E01016970,Brighton and Hove 015C,Other theft,Investigation complete; no suspect identified,
52f029e1921230a13d91614aea26e007ed59a8610eb9841688f4fe9ea4d6ec2e,2017-03,Sussex Police,Sussex Police,-0.133320,50.837033,On or near Petrol Station,E01016970,Brighton and Hove 015C,Violence and sexual offences,Further investigation is not in the public interest,
70380e1af1945d9a3ba5ae96382fcc483f7b9079827179cf879d5575563c5725,2017-03,Sussex Police,Sussex Police,-0.131435,50.836949,On or near Prince'S Road,E01016970,Brighton and Hove 015C,Violence and sexual offences,Investigation complete; no suspect identified,
de3ac7ab75fda01236defd939342e495150a4c51e8df1066c3d9829640d140cf,2017-03,Sussex Police,Sussex Police,-0.133007,50.835994,On or near Round Hill Road,E01016970,Brighton and Hove 015C,Violence and sexual offences,Awaiting court outcome,
ee8fc223b10e5f6111e0643e395125e9ab05efd18f5ae008ab176590bfa5f0b4,2017-03,Sussex Police,Sussex Police,-0.131382,50.836130,On or near Crescent Road,E01016970,Brighton and Hove 015C,Violence and sexual offences,Formal action is not in the public interest,
,2017-03,Sussex Police,Sussex Police,-0.128259,50.833975,On or near St Martin'S Street,E01016971,Brighton and Hove 015D,Anti-social behaviour,,
,2017-03,Sussex Police,Sussex Police,-0.125779,50.837038,On or near Supermarket,E01016971,Brighton and Hove 015D,Anti-social behaviour,,
,2017-03,Sussex Police,Sussex Police,-0.126703,50.835596,On or near Aberdeen Road,E01016971,Brighton and Hove 015D,Anti-social behaviour,,
,2017-03,Sussex Police,Sussex Police,-0.126821,50.834770,On or near Supermarket,E01016971,Brighton and Hove 015D,Anti-social behaviour,,
,2017-03,Sussex Police,Sussex Police,-0.126821,50.834770,On or near Supermarket,E01016971,Brighton and Hove 015D,Anti-social behaviour,,
,2017-03,Sussex Police,Sussex Police,-0.124810,50.837463,On or near Petrol Station,E01016971,Brighton and Hove 015D,Anti-social behaviour,,
9680a8d5009d0c7386cb715a5b1e9fca7aa96485a25a0fd36eae07188f928eac,2017-03,Sussex Police,Sussex Police,-0.126703,50.835596,On or near Aberdeen Road,E01016971,Brighton and Hove 015D,Bicycle theft,Investigation complete; no suspect identified,
a8691a03632b5e58b316d477ad21d8bca5f57a6e9fbb16b589995a1b5087c631,2017-03,Sussex Police,Sussex Police,-0.126703,50.835596,On or near Aberdeen Road,E01016971,Brighton and Hove 015D,Bicycle theft,Investigation complete; no suspect identified,
b1438af3413864b9f900c09d162f6c7af7c5e4de48494c40da83e06469b24046,2017-03,Sussex Police,Sussex Police,-0.126821,50.834770,On or near Supermarket,E01016971,Brighton and Hove 015D,Burglary,Investigation complete; no suspect identified,
ab38d708ab49b7c99c60bf7a9f657e2003aa555ba5389efc9c6f545e96072631,2017-03,Sussex Police,Sussex Police,-0.126821,50.834770,On or near Supermarket,E01016971,Brighton and Hove 015D,Criminal damage and arson,Investigation complete; no suspect identified,
c458e6ec2a936aa231c5d662af665ac5b298e83ba239a721ffc86603c19838d8,2017-03,Sussex Police,Sussex Police,-0.125779,50.837038,On or near Supermarket,E01016971,Brighton and Hove 015D,Criminal damage and arson,Unable to prosecute suspect,
c6569ed87950d1e65ce269cba9ac090de256bcdb1ef7cad1909040d6f05d1cfd,2017-03,Sussex Police,Sussex Police,-0.126821,50.834770,On or near Supermarket,E01016971,Brighton and Hove 015D,Criminal damage and arson,Investigation complete; no suspect identified,
7299d06712ce056d06048a33cc2523ba138f551c410168206b913847ac6851b9,2017-03,Sussex Police,Sussex Police,-0.126821,50.834770,On or near Supermarket,E01016971,Brighton and Hove 015D,Other theft,Unable to prosecute suspect,
61068a203b486f147398bb077085764b53ccabb11c984eb667db15128feaf51d,2017-03,Sussex Police,Sussex Police,-0.124810,50.837463,On or near Petrol Station,E01016971,Brighton and Hove 015D,Other theft,Investigation complete; no suspect identified,
e48ebb8a01ce428f4c7cf1840f34aaec97e6b9922bb1a6cfba0677ff8fbf8f5c,2017-03,Sussex Police,Sussex Police,-0.126821,50.834770,On or near Supermarket,E01016971,Brighton and Hove 015D,Other theft,Investigation complete; no suspect identified,
7825bfe73bde1979505ad2a1fbf1b683abb9a2d42dbcb7934adb730f848c2303,2017-03,Sussex Police,Sussex Police,-0.125779,50.837038,On or near Supermarket,E01016971,Brighton and Hove 015D,Public order,Investigation complete; no suspect identified,
f22f8d3ab69eed905544b513cc0df3e4dad883fc8a755a3ff006f5bb93cb2960,2017-03,Sussex Police,Sussex Police,-0.124810,50.837463,On or near Petrol Station,E01016971,Brighton and Hove 015D,Shoplifting,Investigation complete; no suspect identified,
ec0952f523b000c097e0859ef4eea2ca2d4147d9d2e5d4293532ed3b6121e36d,2017-03,Sussex Police,Sussex Police,-0.125779,50.837038,On or near Supermarket,E01016971,Brighton and Hove 015D,Shoplifting,Investigation complete; no suspect identified,
d8500ac55aff8c91141bc5f15ccb0a7f71eb39acfecda69a225f8ef5bf84691c,2017-03,Sussex Police,Sussex Police,-0.124810,50.837463,On or near Petrol Station,E01016971,Brighton and Hove 015D,Shoplifting,Offender given a caution,
f57785ca1c019d015767fb482d3fc21f3868d5decc979cda5d75ba4365c29d7f,2017-03,Sussex Police,Sussex Police,-0.125779,50.837038,On or near Supermarket,E01016971,Brighton and Hove 015D,Shoplifting,Further investigation is not in the public interest,
50abd35f25e9a32f2c8ff1506e6ee6794b9fc2a0c64806e9111c2e66667d35b0,2017-03,Sussex Police,Sussex Police,-0.125779,50.837038,On or near Supermarket,E01016971,Brighton and Hove 015D,Shoplifting,Investigation complete; no suspect identified,
fca02beb6e905f77971cc2521b60ed9c9aeb08a4fad5f9162abbe29c2e6abf9f,2017-03,Sussex Police,Sussex Police,-0.124810,50.837463,On or near Petrol Station,E01016971,Brighton and Hove 015D,Shoplifting,Offender sent to prison,
962de72c31aba0ac955589a171c84494d79030954bf52099dfbc19b2e0d1f6fe,2017-03,Sussex Police,Sussex Police,-0.125779,50.837038,On or near Supermarket,E01016971,Brighton and Hove 015D,Shoplifting,Offender given a caution,
917244b3c26b19ef82c5966f27214132322d0f26f076d6cf258854a3db339253,2017-03,Sussex Police,Sussex Police,-0.125779,50.837038,On or near Supermarket,E01016971,Brighton and Hove 015D,Shoplifting,Court result unavailable,
fa2c6795f1fdb1df19729922d6d320e6b2634676d1b93e0247e9085a1a7edab7,2017-03,Sussex Police,Sussex Police,-0.125779,50.837038,On or near Supermarket,E01016971,Brighton and Hove 015D,Shoplifting,Court result unavailable,
5a89fc2dd4460b1cf8859c423a71789f84bc8df792e39aa52e3f0d560592b3f8,2017-03,Sussex Police,Sussex Police,-0.126821,50.834770,On or near Supermarket,E01016971,Brighton and Hove 015D,Violence and sexual offences,Further investigation is not in the public interest,
648a9bb067eeb7f8c4678b226845cb4c5889ae5e52a36deb3b263d8145933a5f,2017-03,Sussex Police,Sussex Police,-0.126410,50.836509,On or near Roundhill Crescent,E01016971,Brighton and Hove 015D,Violence and sexual offences,Investigation complete; no suspect identified,
8a782e0560eb91a14b095e8bba9d8f3ba9903974463510f2c5541eb28b26b65c,2017-03,Sussex Police,Sussex Police,-0.126410,50.836509,On or near Roundhill Crescent,E01016971,Brighton and Hove 015D,Violence and sexual offences,Unable to prosecute suspect,
bbfd44e5fee5a089004bcb088f3077483b51b3086a9243230c61ff4d52c53008,2017-03,Sussex Police,Sussex Police,-0.127595,50.834936,On or near Caledonian Road,E01016971,Brighton and Hove 015D,Violence and sexual offences,Unable to prosecute suspect,
efc9767ab3928089a47aed28e3091cd01e875658dcad58b98640712e26fe4145,2017-03,Sussex Police,Sussex Police,-0.126322,50.835878,On or near Inverness Road,E01016971,Brighton and Hove 015D,Violence and sexual offences,Offender given a caution,
15c85d28bdf6f6935f93702e03acc0bf2a93887b2a95a5804f4b5306b55998eb,2017-03,Sussex Police,Sussex Police,-0.125196,50.836696,On or near Upper Lewes Road,E01016971,Brighton and Hove 015D,Violence and sexual offences,Defendant found not guilty,
9555a6b5b607e8fc3b4858076e9c2789583a366e0677b1f6efb57e3728d8bfe1,2017-03,Sussex Police,Sussex Police,-0.128438,50.836235,On or near Roundhill Crescent,E01016971,Brighton and Hove 015D,Other crime,Court result unavailable,
,2017-03,Sussex Police,Sussex Police,-0.138441,50.835055,On or near Winchester Street,E01016972,Brighton and Hove 015E,Anti-social behaviour,,
,2017-03,Sussex Police,Sussex Police,-0.136009,50.834441,On or near Shaftesbury Road,E01016972,Brighton and Hove 015E,Anti-social behaviour,,
4681639e0716f6d263ec7db4fbe553b207ebe522f6bdbaf4e27110507ac6d0b1,2017-03,Sussex Police,Sussex Police,-0.138441,50.835055,On or near Winchester Street,E01016972,Brighton and Hove 015E,Bicycle theft,Investigation complete; no suspect identified,
b4266061d51d59e066fc5cbe446a63f4cea38ce9652a22e8f8556b837a8731e7,2017-03,Sussex Police,Sussex Police,-0.138441,50.835055,On or near Winchester Street,E01016972,Brighton and Hove 015E,Bicycle theft,Investigation complete; no suspect identified,
54ad6ef1acfa939dc9bcbb4529dbe6acffa3df6083c236d7f102446ecc2ce339,2017-03,Sussex Police,Sussex Police,-0.137797,50.835189,On or near Gerard Street,E01016972,Brighton and Hove 015E,Criminal damage and arson,Investigation complete; no suspect identified,
7a5417f74f85ac5e42ad01d08fae73386aad899376fa5e0a5f0f7ef76a48f402,2017-03,Sussex Police,Sussex Police,-0.136009,50.834441,On or near Shaftesbury Road,E01016972,Brighton and Hove 015E,Criminal damage and arson,Investigation complete; no suspect identified,
3d117568cba25b73da9b982c2056dfe1f1044fdcdba26b710cf7ec88ef28ac1a,2017-03,Sussex Police,Sussex Police,-0.137141,50.833820,On or near Stanley Road,E01016972,Brighton and Hove 015E,Drugs,Offender sent to prison,
62ef02d43e33324914bf790a47b328d0945c8b3356ddcf8411e4da3fbb9dd8a3,2017-03,Sussex Police,Sussex Police,-0.134582,50.835299,On or near Vere Road,E01016972,Brighton and Hove 015E,Other crime,Status update unavailable,
,2017-03,Sussex Police,Sussex Police,-0.175157,50.837866,On or near Newtown Road,E01016979,Brighton and Hove 016A,Anti-social behaviour,,
,2017-03,Sussex Police,Sussex Police,-0.177442,50.837533,On or near Sackville Road,E01016979,Brighton and Hove 016A,Anti-social behaviour,,
,2017-03,Sussex Police,Sussex Police,-0.180668,50.837862,On or near Shopping Area,E01016979,Brighton and Hove 016A,Anti-social behaviour,,
,2017-03,Sussex Police,Sussex Police,-0.180668,50.837862,On or near Shopping Area,E01016979,Brighton and Hove 016A,Anti-social behaviour,,
a935f4fb5308f9ca6ef1199d0b81a9fff519c9678edde50acfa5cfe782a034a6,2017-03,Sussex Police,Sussex Police,-0.175583,50.838610,On or near Petrol Station,E01016979,Brighton and Hove 016A,Bicycle theft,Investigation complete; no suspect identified,
a20eb7b8a89e65205c4595082d88098968940dcdf6469948b202d4dd170fa6e3,2017-03,Sussex Police,Sussex Police,-0.178436,50.838277,On or near Frith Road,E01016979,Brighton and Hove 016A,Criminal damage and arson,Investigation complete; no suspect identified,
73ce05eb334f0414d891c319ab65ee2ef0265e4455ff26607db4e3d351a52c36,2017-03,Sussex Police,Sussex Police,-0.180668,50.837862,On or near Shopping Area,E01016979,Brighton and Hove 016A,Criminal damage and arson,Investigation complete; no suspect identified,
773f7f94f20b7e4a388dcef74400bae818ab3aea0dddae22e4c5f7f4f673f15a,2017-03,Sussex Police,Sussex Police,-0.175157,50.837866,On or near Newtown Road,E01016979,Brighton and Hove 016A,Criminal damage and arson,Investigation complete; no suspect identified,
b1c5bbd4f7f1fab3563712038623654ed7e4d8ba08e5489ea916fa5493331228,2017-03,Sussex Police,Sussex Police,-0.175157,50.837866,On or near Newtown Road,E01016979,Brighton and Hove 016A,Other theft,Investigation complete; no suspect identified,
636df40f9cfd2b414f430b3ee2e4a1276b8973fa445ecd79797dd1a5f0690ba5,2017-03,Sussex Police,Sussex Police,-0.175583,50.838610,On or near Petrol Station,E01016979,Brighton and Hove 016A,Other theft,Investigation complete; no suspect identified,
55b0f60d5921ee9ff9f0a39e51433a57a7126a85c4450043c4a318bc25bbf1b0,2017-03,Sussex Police,Sussex Police,-0.184303,50.839357,On or near Weald Avenue,E01016979,Brighton and Hove 016A,Other theft,Court result unavailable,
8eb1f2e8c4c7e96727bc047a96ab1d917c3d7ceff5ec3cb4894b955d4382f61b,2017-03,Sussex Police,Sussex Police,-0.178502,50.836578,On or near Prinsep Road,E01016979,Brighton and Hove 016A,Other theft,Investigation complete; no suspect identified,
510ec506cc6d5c80c190613d2dabb314940c1f2a4912ea8d1dca3dcb41a6f759,2017-03,Sussex Police,Sussex Police,-0.178436,50.838277,On or near Frith Road,E01016979,Brighton and Hove 016A,Other theft,Status update unavailable,
9270f5785fee2fc1bfe8098a842260a7e74a6de7b4eab1c782d892c5b8368613,2017-03,Sussex Police,Sussex Police,-0.179614,50.840867,On or near Further/Higher Educational Building,E01016979,Brighton and Hove 016A,Other theft,Investigation complete; no suspect identified,
1a644222d7a1e12e25996595d0f5976dd8b37ebdcba142bd8cb32e4ec8460bb5,2017-03,Sussex Police,Sussex Police,-0.175583,50.838610,On or near Petrol Station,E01016979,Brighton and Hove 016A,Other theft,Investigation complete; no suspect identified,
c8cf7e47c5287379d6bd43969362a077d847ad703af4a8e817cbf47d914158af,2017-03,Sussex Police,Sussex Police,-0.180668,50.837862,On or near Shopping Area,E01016979,Brighton and Hove 016A,Public order,Investigation complete; no suspect identified,
bed804f10844b39ff586c6c0320073483baa5c61b40b7943cd7e54dcf4db7222,2017-03,Sussex Police,Sussex Police,-0.179614,50.840867,On or near Further/Higher Educational Building,E01016979,Brighton and Hove 016A,Public order,Unable to prosecute suspect,
9576b6a8fd3fac628149283abdf3f043fb8c0c794e51747f739d47b1be59b2de,2017-03,Sussex Police,Sussex Police,-0.175157,50.837866,On or near Newtown Road,E01016979,Brighton and Hove 016A,Public order,Investigation complete; no suspect identified,
378dc8f64026edef33ae931a79b310edf098eb28e20370df8226a3bb298be282,2017-03,Sussex Police,Sussex Police,-0.187896,50.838613,On or near Old Shoreham Road,E01016979,Brighton and Hove 016A,Shoplifting,Investigation complete; no suspect identified,
04c78c6685f15ec92948cd38bd095862c4ed959cad235ecbfe1e6220e912fcee,2017-03,Sussex Police,Sussex Police,-0.180668,50.837862,On or near Shopping Area,E01016979,Brighton and Hove 016A,Shoplifting,Investigation complete; no suspect identified,
5e67acf84ef9c22995b2e48391967600ab25a5a4528b091ac162ed48e30c6d4c,2017-03,Sussex Police,Sussex Police,-0.187896,50.838613,On or near Old Shoreham Road,E01016979,Brighton and Hove 016A,Shoplifting,Unable to prosecute suspect,
61141c9ab4a49d3f7cb0e5e360871c4f9b11c8fed2ce069872d11b7c9373fd18,2017-03,Sussex Police,Sussex Police,-0.179614,50.840867,On or near Further/Higher Educational Building,E01016979,Brighton and Hove 016A,Violence and sexual offences,Further investigation is not in the public interest,
eb0cf796262e46d082da12b9a4ad1a97b440f5dd445046a344f7f1d20f48e434,2017-03,Sussex Police,Sussex Police,-0.187460,50.839622,On or near Torrance Close,E01016979,Brighton and Hove 016A,Violence and sexual offences,Status update unavailable,
a4d7c809cf8bb9933ea767a5f0ca1afc56e8399f9f0b843d42462da719f62853,2017-03,Sussex Police,Sussex Police,-0.178436,50.838277,On or near Frith Road,E01016979,Brighton and Hove 016A,Violence and sexual offences,Unable to prosecute suspect,
1eefd16a22e97af86f45f836e7ea6d7ff4f990d386dbb1bc9986be22ad4fc438,2017-03,Sussex Police,Sussex Police,-0.187896,50.838613,On or near Old Shoreham Road,E01016979,Brighton and Hove 016A,Violence and sexual offences,Unable to prosecute suspect,
d4af7c55524b229f8e473d9160ff74c4bf167df419606a5e9dd01bc1e334e615,2017-03,Sussex Police,Sussex Police,-0.179614,50.840867,On or near Further/Higher Educational Building,E01016979,Brighton and Hove 016A,Violence and sexual offences,Unable to prosecute suspect,
,2017-03,Sussex Police,Sussex Police,-0.178758,50.835845,On or near Sheridan Terrace,E01016990,Brighton and Hove 016B,Anti-social behaviour,,
,2017-03,Sussex Police,Sussex Police,-0.180010,50.835055,On or near Coleridge Street,E01016990,Brighton and Hove 016B,Anti-social behaviour,,
,2017-03,Sussex Police,Sussex Police,-0.178758,50.835845,On or near Sheridan Terrace,E01016990,Brighton and Hove 016B,Anti-social behaviour,,
28909f9a1f13807be9dbf04c4599776e35c5418e42bfb289f39b74325e2ce711,2017-03,Sussex Police,Sussex Police,-0.179122,50.834510,On or near Byron Street,E01016990,Brighton and Hove 016B,Vehicle crime,Investigation complete; no suspect identified,
8b3d59f6e7132962797b8acd17a5c8961f33dc59646c2c47145abe9b659d0bdd,2017-03,Sussex Police,Sussex Police,-0.184257,50.833934,On or near Shelley Road,E01016990,Brighton and Hove 016B,Violence and sexual offences,Unable to prosecute suspect,
3bb99a8ef1ee468b56fb39badead13373eac24425e3d957136466231f43ac604,2017-03,Sussex Police,Sussex Police,-0.178862,50.835369,On or near Shakespeare Street,E01016990,Brighton and Hove 016B,Violence and sexual offences,Status update unavailable,
,2017-03,Sussex Police,Sussex Police,-0.181634,50.833092,On or near Westbourne Street,E01016991,Brighton and Hove 016C,Anti-social behaviour,,
,2017-03,Sussex Police,Sussex Police,-0.177707,50.832195,On or near Sackville Road,E01016991,Brighton and Hove 016C,Anti-social behaviour,,
,2017-03,Sussex Police,Sussex Police,-0.177707,50.832195,On or near Sackville Road,E01016991,Brighton and Hove 016C,Anti-social behaviour,,
,2017-03,Sussex Police,Sussex Police,-0.179121,50.833809,On or near St Patrick'S Road,E01016991,Brighton and Hove 016C,Anti-social behaviour,,
,2017-03,Sussex Police,Sussex Police,-0.183467,50.833085,On or near Portland Road,E01016991,Brighton and Hove 016C,Anti-social behaviour,,
,2017-03,Sussex Police,Sussex Police,-0.180475,50.833317,On or near Cowper Street,E01016991,Brighton and Hove 016C,Anti-social behaviour,,
,2017-03,Sussex Police,Sussex Police,-0.181634,50.833092,On or near Westbourne Street,E01016991,Brighton and Hove 016C,Anti-social behaviour,,
7fd848ebacb8be7e0bb8ca1a14753c3c7cccd9bb382180b402437e7234fc0c84,2017-03,Sussex Police,Sussex Police,-0.179121,50.833809,On or near St Patrick'S Road,E01016991,Brighton and Hove 016C,Bicycle theft,Investigation complete; no suspect identified,
98008edf2480479957e9c2ba780abab0a930e5af5cefdafa4b76df3c64311eee,2017-03,Sussex Police,Sussex Police,-0.179121,50.833809,On or near St Patrick'S Road,E01016991,Brighton and Hove 016C,Bicycle theft,Investigation complete; no suspect identified,
5996a896dea8e1a1e28c33e9b45f41d70c86ce566b583bd1e71b16f6c42a8319,2017-03,Sussex Police,Sussex Police,-0.177586,50.832400,On or near Sackville Road,E01016991,Brighton and Hove 016C,Burglary,Investigation complete; no suspect identified,
e279e5c0cc1d2966097c60b58a0375df13aca887e547270da7e08d9284b6234c,2017-03,Sussex Police,Sussex Police,-0.181634,50.833092,On or near Westbourne Street,E01016991,Brighton and Hove 016C,Criminal damage and arson,Unable to prosecute suspect,
77358d8525db7e5838a386dfc9ac8a4026be36bff8f2025c16518a800c83a823,2017-03,Sussex Police,Sussex Police,-0.181634,50.833092,On or near Westbourne Street,E01016991,Brighton and Hove 016C,Criminal damage and arson,Investigation complete; no suspect identified,
2b38eb6d775e4266e1aa141e3227b1c93df36f310405600b15b818644b499ce5,2017-03,Sussex Police,Sussex Police,-0.183467,50.833085,On or near Portland Road,E01016991,Brighton and Hove 016C,Other theft,Investigation complete; no suspect identified,
ee42d5ac724d4f4185e1a60f7299b17e907a84a5387df7cb004776d86a24f04f,2017-03,Sussex Police,Sussex Police,-0.179121,50.833809,On or near St Patrick'S Road,E01016991,Brighton and Hove 016C,Other theft,Investigation complete; no suspect identified,
641ed5b912470742b89092b65e44f36862d5b31cfb042bc03f370171ce00bcf9,2017-03,Sussex Police,Sussex Police,-0.177707,50.832195,On or near Sackville Road,E01016991,Brighton and Hove 016C,Robbery,Unable to prosecute suspect,
0af92312a9a9649e0c802ad7cf7107d88e4b6cd8ac7809c0763756dc0c578dab,2017-03,Sussex Police,Sussex Police,-0.183467,50.833085,On or near Portland Road,E01016991,Brighton and Hove 016C,Shoplifting,Investigation complete; no suspect identified,
d7b20a97c06f7bf9330edcb620503c37f11a019489b66eb78c686431441979f7,2017-03,Sussex Police,Sussex Police,-0.183467,50.833085,On or near Portland Road,E01016991,Brighton and Hove 016C,Shoplifting,Local resolution,
8a8d92b4420b8ce99410fc926647c18ed27337fece2949f61c98382a28668baa,2017-03,Sussex Police,Sussex Police,-0.183226,50.834520,On or near Rutland Road,E01016991,Brighton and Hove 016C,Vehicle crime,Investigation complete; no suspect identified,
4dddbbe4759d7512f7a538dded5db3033d76c3872b5dbe234a6a8846d853eba1,2017-03,Sussex Police,Sussex Police,-0.181770,50.835820,On or near Arthur Street,E01016991,Brighton and Hove 016C,Violence and sexual offences,Unable to prosecute suspect,
15d42ae247d2ed2b3cc7a73af0a245c7de3850929b8bb6c67679fd3c9f6055e7,2017-03,Sussex Police,Sussex Police,-0.183467,50.833085,On or near Portland Road,E01016991,Brighton and Hove 016C,Violence and sexual offences,Further investigation is not in the public interest,
b623b8c6215f58651c8f6162b928f2ff7db749a2f063ce419aa88bad3d84e4c0,2017-03,Sussex Police,Sussex Police,-0.177586,50.832400,On or near Sackville Road,E01016991,Brighton and Hove 016C,Violence and sexual offences,Unable to prosecute suspect,
a3c621f1261042775f577b162cf2f59ff48434934ac95b44048ba032c7c4e80d,2017-03,Sussex Police,Sussex Police,-0.177586,50.832400,On or near Sackville Road,E01016991,Brighton and Hove 016C,Violence and sexual offences,Unable to prosecute suspect,
f5aaa39ece46511c52fc2b17682d1b52f4b6b57a4f32f92a08d9690e529c7b98,2017-03,Sussex Police,Sussex Police,-0.180475,50.833317,On or near Cowper Street,E01016991,Brighton and Hove 016C,Violence and sexual offences,Further investigation is not in the public interest,
9b6a692c1feacb3981436c85edbb05615adb884c74846cacc1c630d756b64784,2017-03,Sussex Police,Sussex Police,-0.182015,50.834636,On or near Wynnes Mews,E01016991,Brighton and Hove 016C,Violence and sexual offences,Further investigation is not in the public interest,
cdfc37473d8acd169ab49482c5be9a7f7958fc2f968583dc62c63010d9290519,2017-03,Sussex Police,Sussex Police,-0.181770,50.835820,On or near Arthur Street,E01016991,Brighton and Hove 016C,Other crime,Further investigation is not in the public interest,
,2017-03,Sussex Police,Sussex Police,-0.184781,50.834724,On or near Tamworth Road,E01016996,Brighton and Hove 016D,Anti-social behaviour,,
,2017-03,Sussex Police,Sussex Police,-0.190180,50.835743,On or near Dallington Road,E01016996,Brighton and Hove 016D,Anti-social behaviour,,
a805aa8317cb7ed4420372a9ac9fae19ed6954dd8a777429cbf94564a319b8eb,2017-03,Sussex Police,Sussex Police,-0.185672,50.834432,On or near Sports/Recreation Area,E01016996,Brighton and Hove 016D,Criminal damage and arson,Investigation complete; no suspect identified,
79cee54665160460edc837b2d0b185bf748c98ac7ba44e2ff5cd7d8f4369635f,2017-03,Sussex Police,Sussex Police,-0.188272,50.835516,On or near Alpine Road,E01016996,Brighton and Hove 016D,Other theft,Investigation complete; no suspect identified,
6a80272b1d639d492bade8562f7d3ccab3ca5c20dfdc3d91ede0bebcea6568f4,2017-03,Sussex Police,Sussex Police,-0.187411,50.834280,On or near Marmion Road,E01016996,Brighton and Hove 016D,Public order,Unable to prosecute suspect,
660cc6dedfa538e95fab97582e3166aacce35cc3fd27380528e2723cf4d22a25,2017-03,Sussex Police,Sussex Police,-0.185243,50.835622,On or near Ruskin Road,E01016996,Brighton and Hove 016D,Vehicle crime,Investigation complete; no suspect identified,
af6afb277d93293942fbd958a838ad58719e63836137b3a765fc7fc24d3b7bd0,2017-03,Sussex Police,Sussex Police,-0.188272,50.835516,On or near Alpine Road,E01016996,Brighton and Hove 016D,Vehicle crime,Investigation complete; no suspect identified,
c47fde932de60799743c4a29ed8326d1f8cad7f8c37bf70f7011f03affe78ce5,2017-03,Sussex Police,Sussex Police,-0.186785,50.836140,On or near Payne Avenue,E01016996,Brighton and Hove 016D,Violence and sexual offences,Unable to prosecute suspect,
da73734510987bc3bbf2eda9d9c9bb90df87e2b3674197f041b06ea3d46d0a98,2017-03,Sussex Police,Sussex Police,-0.187411,50.834280,On or near Marmion Road,E01016996,Brighton and Hove 016D,Violence and sexual offences,Unable to prosecute suspect,
36c3a5d38b7b001db3d2cb0580822533fb25f8a9b6b289c00ba0365906f15d9e,2017-03,Sussex Police,Sussex Police,-0.186785,50.836140,On or near Payne Avenue,E01016996,Brighton and Hove 016D,Violence and sexual offences,Unable to prosecute suspect,
20d97a50626fc15691667056967ffd9d0b521566e58e5d46bb7e260b9f30f327,2017-03,Sussex Police,Sussex Police,-0.186576,50.833844,On or near Scott Road,E01016996,Brighton and Hove 016D,Violence and sexual offences,Investigation complete; no suspect identified,
24f6f30faf3f304cddc3b641a562ffbed599ff1899b99ef71adfaaae62ab3cd8,2017-03,Sussex Police,Sussex Police,-0.186785,50.836140,On or near Payne Avenue,E01016996,Brighton and Hove 016D,Violence and sexual offences,Unable to prosecute suspect,
,2017-03,Sussex Police,Sussex Police,-0.069350,50.839481,On or near Marden Close,E01017007,Brighton and Hove 017A,Anti-social behaviour,,
,2017-03,Sussex Police,Sussex Police,-0.072086,50.836514,On or near Ridgway Close,E01017007,Brighton and Hove 017A,Anti-social behaviour,,
a7646c2e134e9bdf35776afc9a68a8f09960c0a11ce3f2c1b5b96207f37c10f9,2017-03,Sussex Police,Sussex Police,-0.078868,50.835636,On or near Parking Area,E01017007,Brighton and Hove 017A,Other theft,Investigation complete; no suspect identified,
189f965a0c6fffb3cdd2cf2ba56be342cf036b32994c8150e895527a874d0e6e,2017-03,Sussex Police,Sussex Police,-0.071609,50.838781,On or near Sandhurst Avenue,E01017007,Brighton and Hove 017A,Other theft,Unable to prosecute suspect,
7a4c956c3b3cf8cd8ce5dc245754ba5cb017675d58d1b0a36ab1b973c20885a8,2017-03,Sussex Police,Sussex Police,-0.077348,50.834946,On or near Old Parish Lane,E01017007,Brighton and Hove 017A,Public order,Offender given suspended prison sentence,
c2ba31906af92c37923946a8aa9bebe0983f232b3f770e0ef90bb720eca7753d,2017-03,Sussex Police,Sussex Police,-0.077348,50.834946,On or near Old Parish Lane,E01017007,Brighton and Hove 017A,Public order,Investigation complete; no suspect identified,
4d78001ce9898ab18c0c630b02c1d5fd06d501596abd74b64c26a1f6b7a392b9,2017-03,Sussex Police,Sussex Police,-0.078868,50.835636,On or near Parking Area,E01017007,Brighton and Hove 017A,Vehicle crime,Investigation complete; no suspect identified,
637ffd7bb25bca9e96f168bc898742c785ebca9cd3acd42a9cab1347a4a635a8,2017-03,Sussex Police,Sussex Police,-0.071609,50.838781,On or near Sandhurst Avenue,E01017007,Brighton and Hove 017A,Violence and sexual offences,Unable to prosecute suspect,
2d9f4b2a7c2eab2a058a3e444d597b009299134274d4ee97d0d362fa7a49c803,2017-03,Sussex Police,Sussex Police,-0.067207,50.839086,On or near Treyford Close,E01017007,Brighton and Hove 017A,Violence and sexual offences,Unable to prosecute suspect,
,2017-03,Sussex Police,Sussex Police,-0.089617,50.835687,On or near Hylden Close,E01017008,Brighton and Hove 017B,Anti-social behaviour,,
df6be22078c14634fd00a6620782791e549fd2a4fdba16ad1e8c0aec01aeb281,2017-03,Sussex Police,Sussex Police,-0.077475,50.837736,On or near Mcwilliam Road,E01017008,Brighton and Hove 017B,Burglary,Unable to prosecute suspect,
5245fe81177aaf7af68f138534cdf38d6fe4bb882becf32574ff09d31f34a780,2017-03,Sussex Police,Sussex Police,-0.082800,50.836717,On or near Baywood Gardens,E01017008,Brighton and Hove 017B,Other theft,Investigation complete; no suspect identified,
fc30612b035d3a44f566dfaf0828da30d20373ddda2c6884269e43e621b59306,2017-03,Sussex Police,Sussex Police,-0.077800,50.836392,On or near Petrol Station,E01017008,Brighton and Hove 017B,Vehicle crime,Investigation complete; no suspect identified,
e133953d5c5bfbc95fb8d07d05816f7b29d899c8a7607c1c781c4a9f79ee581e,2017-03,Sussex Police,Sussex Police,-0.077670,50.836444,On or near Supermarket,E01017008,Brighton and Hove 017B,Violence and sexual offences,Unable to prosecute suspect,
71b46afb2232a3680e31b32826ee7179e902eed5062c96a1c6083bbbca49f402,2017-03,Sussex Police,Sussex Police,-0.081812,50.836216,On or near Midway Road,E01017008,Brighton and Hove 017B,Violence and sexual offences,Investigation complete; no suspect identified,
ca38734248fb279decc09fa85db711bcb86e6df3313dd9778164cee2b76ad3d9,2017-03,Sussex Police,Sussex Police,-0.076264,50.837824,On or near Downsway,E01017008,Brighton and Hove 017B,Violence and sexual offences,Investigation complete; no suspect identified,
76fa4af4e4a0537adc36da3f7b5f5fd74db939e02d52d49a594ac7664d00fabf,2017-03,Sussex Police,Sussex Police,-0.088288,50.835881,On or near Downland Road,E01017008,Brighton and Hove 017B,Violence and sexual offences,Investigation complete; no suspect identified,
50722980dac148dfeccc0278e9a7fa50c393bc6cb77170430e288b6b974dab74,2017-03,Sussex Police,Sussex Police,-0.074121,50.841251,On or near Drove Avenue,E01017008,Brighton and Hove 017B,Other crime,Investigation complete; no suspect identified,
,2017-03,Sussex Police,Sussex Police,-0.063176,50.829423,On or near Downhill View,E01017009,Brighton and Hove 017C,Anti-social behaviour,,
c3c13cd8eaf2e897037881e011411496a8745eafec1e5a06806b7c68474ad2f3,2017-03,Sussex Police,Sussex Police,-0.065181,50.833126,On or near Downs Valley Road,E01017009,Brighton and Hove 017C,Criminal damage and arson,Action to be taken by another organisation,
0037efe62312314275e7594e9b999ee5b5d8c06e16f18bb1cab859a126550cbe,2017-03,Sussex Police,Sussex Police,-0.065181,50.833126,On or near Downs Valley Road,E01017009,Brighton and Hove 017C,Vehicle crime,Investigation complete; no suspect identified,
22512ebada5eddb2c4acd29bdec559e4583353bd1eb1ae9cba9b7c7bfb71dd85,2017-03,Sussex Police,Sussex Police,-0.067777,50.833205,On or near Villiers Close,E01017009,Brighton and Hove 017C,Violence and sexual offences,Unable to prosecute suspect,
c36314e335931d321ece23513844443c567f7946da961f494675f351f01cfb67,2017-03,Sussex Police,Sussex Police,-0.068548,50.832768,On or near Kipling Avenue,E01017009,Brighton and Hove 017C,Violence and sexual offences,Unable to prosecute suspect,
12eddf8ab2310ded818db6f70e1c9e316356f721201f4398dcb8cf6d5cd73ab1,2017-03,Sussex Police,Sussex Police,-0.067277,50.832243,On or near Lockwood Crescent,E01017009,Brighton and Hove 017C,Violence and sexual offences,Status update unavailable,
,2017-03,Sussex Police,Sussex Police,-0.063323,50.837871,On or near Newells Close,E01017010,Brighton and Hove 017D,Anti-social behaviour,,
,2017-03,Sussex Police,Sussex Police,-0.066991,50.836421,On or near Crescent Close,E01017010,Brighton and Hove 017D,Anti-social behaviour,,
431be8eda5377ebf5774f71ffa9c5de06b1ceb001498c84f755edadc26267ac7,2017-03,Sussex Police,Sussex Police,-0.070309,50.836880,On or near Bush Close,E01017010,Brighton and Hove 017D,Burglary,Investigation complete; no suspect identified,
733a969597dc9db39b871af48f77278bdc498fa988492c9c5cbd888d3afe49bb,2017-03,Sussex Police,Sussex Police,-0.063323,50.837871,On or near Newells Close,E01017010,Brighton and Hove 017D,Criminal damage and arson,Investigation complete; no suspect identified,
f3e5a2064cd2c1e665e6182422c9a2dc52659e95b98169310bb74035616dd15a,2017-03,Sussex Police,Sussex Police,-0.066382,50.837067,On or near Tree Tops Close,E01017010,Brighton and Hove 017D,Criminal damage and arson,Unable to prosecute suspect,
6a26f61dbaf7b8ddd0235777b3c7b8c16d8e81be2a9b26bfc2e77b5eb1cf323d,2017-03,Sussex Police,Sussex Police,-0.067882,50.835140,On or near Rudyard Road,E01017010,Brighton and Hove 017D,Criminal damage and arson,Investigation complete; no suspect identified,
3053e52c6bcb7dafb74c836bba844df5aeed0bcff86a5520253cf49aba91f649,2017-03,Sussex Police,Sussex Police,-0.068045,50.835656,On or near Catherine Vale,E01017010,Brighton and Hove 017D,Criminal damage and arson,Investigation complete; no suspect identified,
247f10791f2723c9e44bdfadecd9aebf0a443a4ed5e8c80a6da13b7066c0694e,2017-03,Sussex Police,Sussex Police,-0.066382,50.837067,On or near Tree Tops Close,E01017010,Brighton and Hove 017D,Other theft,Investigation complete; no suspect identified,
e5f72e07d0323b2d9eedd1c196e79e77f67b8e5ae08a709d85b85815dc26bd58,2017-03,Sussex Police,Sussex Police,-0.063323,50.837871,On or near Newells Close,E01017010,Brighton and Hove 017D,Other theft,Investigation complete; no suspect identified,
0b4fde18d718c95892f17fe05f487df01c6c6fde15169d3370653343bb71e2ab,2017-03,Sussex Police,Sussex Police,-0.071671,50.831075,On or near Millyard Crescent,E01017010,Brighton and Hove 017D,Violence and sexual offences,Court result unavailable,
e7ad4a4700aeb5fb52dc5fd77355d14815a230ed3fdf8c27de7b82117a3bf73b,2017-03,Sussex Police,Sussex Police,-0.066382,50.837067,On or near Tree Tops Close,E01017010,Brighton and Hove 017D,Violence and sexual offences,Unable to prosecute suspect,
45059e04e26adf0b17e595d8df15f3d19796afa5fd8c5f033589afe493dfbbe1,2017-03,Sussex Police,Sussex Police,-0.071671,50.831075,On or near Millyard Crescent,E01017010,Brighton and Hove 017D,Violence and sexual offences,Court result unavailable,
87925e6c9e1b5958f9f5d3d6c1f2f93e77bad10078cf756dbe41e06b673326f2,2017-03,Sussex Police,Sussex Police,-0.071671,50.831075,On or near Millyard Crescent,E01017010,Brighton and Hove 017D,Violence and sexual offences,Unable to prosecute suspect,
6577512099069f9cbfeeb98706b13bf7f4953a19c346ccf1026a3737970ba25d,2017-03,Sussex Police,Sussex Police,-0.068045,50.835656,On or near Catherine Vale,E01017010,Brighton and Hove 017D,Violence and sexual offences,Offender given a caution,
43e6b269b159158f0e7d66127772eae056f433974fb720dc6032746f6611371c,2017-03,Sussex Police,Sussex Police,-0.060023,50.834578,On or near Netherfield Green,E01017011,Brighton and Hove 017E,Criminal damage and arson,Investigation complete; no suspect identified,
8efa380de53d713e13c06c0aea6113bd0062d01adb729b463fe7a4ba8ff551b7,2017-03,Sussex Police,Sussex Police,-0.060023,50.834578,On or near Netherfield Green,E01017011,Brighton and Hove 017E,Criminal damage and arson,Further investigation is not in the public interest,
77489e7753b1d9dc2c1f683a005a712482064b73c4c10ea8b3aa2c91966e3304,2017-03,Sussex Police,Sussex Police,-0.061133,50.835892,On or near Heronsdale Road,E01017011,Brighton and Hove 017E,Other theft,Local resolution,
31a66281051f8d2425d40a3993dd33c3d29ce8b954976805d41e0ca3acd54f0e,2017-03,Sussex Police,Sussex Police,-0.060421,50.835259,On or near Heyworth Close,E01017011,Brighton and Hove 017E,Violence and sexual offences,Unable to prosecute suspect,
88028d119b3f0b51dad9c9370189831b0b74fa3a34e99dbf67e856fae5b81448,2017-03,Sussex Police,Sussex Police,-0.060023,50.834578,On or near Netherfield Green,E01017011,Brighton and Hove 017E,Violence and sexual offences,Local resolution,
,2017-03,Sussex Police,Sussex Police,-0.062186,50.826583,On or near Ravenswood Drive,E01017012,Brighton and Hove 017F,Anti-social behaviour,,
9937c773b1df840c9adc326da129d4b619a1c0bd30474fd218e85d116c9267a7,2017-03,Sussex Police,Sussex Police,-0.065679,50.825220,On or near Donnington Road,E01017012,Brighton and Hove 017F,Burglary,Investigation complete; no suspect identified,
1eaab6ffbf8049693e783ca5639172229c013e04ea4d29ba7a4a7e431a4b9c44,2017-03,Sussex Police,Sussex Police,-0.062186,50.826583,On or near Ravenswood Drive,E01017012,Brighton and Hove 017F,Criminal damage and arson,Unable to prosecute suspect,
ac87baa7e06a2b917525a99d7450dfce8fc6a9f5c72e4e1826c7671ae5600b94,2017-03,Sussex Police,Sussex Police,-0.063493,50.827261,On or near Green Lane,E01017012,Brighton and Hove 017F,Other theft,Status update unavailable,
b0e46288e3a0dda8b90595fa8e47be56204345223c3ae3ee26241f6fc9eb15f1,2017-03,Sussex Police,Sussex Police,-0.062186,50.826583,On or near Ravenswood Drive,E01017012,Brighton and Hove 017F,Possession of weapons,Investigation complete; no suspect identified,
6ff92d73150d0e1fc5324b96f79c6905d3bd552c97b514de98495827c49d2869,2017-03,Sussex Police,Sussex Police,-0.062186,50.826583,On or near Ravenswood Drive,E01017012,Brighton and Hove 017F,Possession of weapons,Status update unavailable,
ec815a2ff633cd09212c3e03e9f0b78d9939901a5257edc4dce072779ce6169f,2017-03,Sussex Police,Sussex Police,-0.063493,50.827261,On or near Green Lane,E01017012,Brighton and Hove 017F,Public order,Unable to prosecute suspect,
a5a9ab56a49010b597f86fd99a84f7d68cca1fa7872f087a03904423c35a9c49,2017-03,Sussex Police,Sussex Police,-0.063493,50.827261,On or near Green Lane,E01017012,Brighton and Hove 017F,Violence and sexual offences,Further investigation is not in the public interest,
,2017-03,Sussex Police,Sussex Police,-0.120111,50.831398,On or near Elm Grove,E01016892,Brighton and Hove 018A,Anti-social behaviour,,
071e24917f6ff28a2793e614e91b0931df4bcd0053bb4f819ab6d94248a85ab7,2017-03,Sussex Police,Sussex Police,-0.118405,50.831442,On or near Elm Grove,E01016892,Brighton and Hove 018A,Criminal damage and arson,Investigation complete; no suspect identified,
78f7131ed627e40d72d8e8a1de8f999ac6e03a46624b96bb96f3c3f60600370c,2017-03,Sussex Police,Sussex Police,-0.118405,50.831442,On or near Elm Grove,E01016892,Brighton and Hove 018A,Other theft,Investigation complete; no suspect identified,
f9cd8d0a9915c89de312e0b5175c9b4340eeb3a2b45c27c94cfd289b5e7f9dcf,2017-03,Sussex Police,Sussex Police,-0.113826,50.836881,On or near Bear Road,E01016892,Brighton and Hove 018A,Public order,Unable to prosecute suspect,
54ab63858892ddaf2d1e0a0905f701261ed3e9aafc2dbe2f388e477ca19afe1d,2017-03,Sussex Police,Sussex Police,-0.120111,50.831398,On or near Elm Grove,E01016892,Brighton and Hove 018A,Shoplifting,Offender given community sentence,
e9c866f951d5738b60aba0ab4043d8c3443c5a967c82613c59f04f2114977236,2017-03,Sussex Police,Sussex Police,-0.119083,50.832604,On or near Totland Road,E01016892,Brighton and Hove 018A,Vehicle crime,Unable to prosecute suspect,
,2017-03,Sussex Police,Sussex Police,-0.124241,50.828631,On or near Islingword Place,E01016893,Brighton and Hove 018B,Anti-social behaviour,,
33c9a1ba5a4af5acfa635d2c01887d8e92b47c466ac0e21b83b6cd8887da4cc9,2017-03,Sussex Police,Sussex Police,-0.122096,50.830405,On or near Arnold Street,E01016893,Brighton and Hove 018B,Burglary,Investigation complete; no suspect identified,
751f3565b80aab48c20e21f84036f03eb0b9e3c05ec74517e3ba004c2a6367d8,2017-03,Sussex Police,Sussex Police,-0.120876,50.830736,On or near Baxter Street,E01016893,Brighton and Hove 018B,Drugs,Offender given a caution,
f2ee9434262170e7d0e4c5670d41f1f5a3bc6e596ad090cb37c5cb88a9e092c5,2017-03,Sussex Police,Sussex Police,-0.125532,50.829003,On or near Beaufort Terrace,E01016893,Brighton and Hove 018B,Other theft,Investigation complete; no suspect identified,
9fe512599654d9751e4c1e5b2365fd21b58dbb0da435affc7a13a8bea2fcf25f,2017-03,Sussex Police,Sussex Police,-0.120290,50.830825,On or near Cromwell Street,E01016893,Brighton and Hove 018B,Other theft,Investigation complete; no suspect identified,
abfb8f425897500e50731e6616388ec1fb791457de53559452d9677ee8671a5b,2017-03,Sussex Police,Sussex Police,-0.122096,50.830405,On or near Arnold Street,E01016893,Brighton and Hove 018B,Other theft,Offender given conditional discharge,
708759bb2cce968f2a6de1aa9ce63cc022b8e3f5aba1b307827f478f2551f0c9,2017-03,Sussex Police,Sussex Police,-0.124466,50.829031,On or near Whichelo Place,E01016893,Brighton and Hove 018B,Vehicle crime,Investigation complete; no suspect identified,
0306a02170022395b00239689c9f87733da9cc5c412132a1b42d56d7b0232138,2017-03,Sussex Police,Sussex Police,-0.122096,50.830405,On or near Arnold Street,E01016893,Brighton and Hove 018B,Violence and sexual offences,Further investigation is not in the public interest,
,2017-03,Sussex Police,Sussex Police,-0.123375,50.838196,On or near Bus/Coach Station,E01016912,Brighton and Hove 018C,Anti-social behaviour,,
,2017-03,Sussex Police,Sussex Police,-0.121484,50.841070,On or near Lewes Road,E01016912,Brighton and Hove 018C,Anti-social behaviour,,
,2017-03,Sussex Police,Sussex Police,-0.121484,50.841070,On or near Lewes Road,E01016912,Brighton and Hove 018C,Anti-social behaviour,,
,2017-03,Sussex Police,Sussex Police,-0.119648,50.841508,On or near Dewe Road,E01016912,Brighton and Hove 018C,Anti-social behaviour,,
a6d027f910fbcdcf13a1b8195047afb2d36dc142a448fbb42c72c35f9e5313ef,2017-03,Sussex Police,Sussex Police,-0.121484,50.841070,On or near Lewes Road,E01016912,Brighton and Hove 018C,Burglary,Investigation complete; no suspect identified,
a08e2cabd0f2256e9a41ab3618b176888969ae610cfa06123889183b42b54fe1,2017-03,Sussex Police,Sussex Police,-0.121484,50.841070,On or near Lewes Road,E01016912,Brighton and Hove 018C,Criminal damage and arson,Investigation complete; no suspect identified,
d114d5f5896351d8e61e082595fc3731b7057426d5086936aa033b945b517755,2017-03,Sussex Police,Sussex Police,-0.121484,50.841070,On or near Lewes Road,E01016912,Brighton and Hove 018C,Criminal damage and arson,Defendant found not guilty,
41b956ce69b79dc92b7f5d00007f14f58c824a84909436bbc91183d204e6cf00,2017-03,Sussex Police,Sussex Police,-0.120933,50.838867,On or near Ewhurst Road,E01016912,Brighton and Hove 018C,Criminal damage and arson,Investigation complete; no suspect identified,
4ff64ec275e9d5d5a36cc74546638ea4902ebc850c1ef0717a0c5df54ff09fce,2017-03,Sussex Police,Sussex Police,-0.121808,50.839007,On or near Riley Road,E01016912,Brighton and Hove 018C,Violence and sexual offences,Investigation complete; no suspect identified,
6604eed09a1bc751b8a1999aba1fb597c153a90089662219bb12e8d9917b7485,2017-03,Sussex Police,Sussex Police,-0.119535,50.839024,On or near Mafeking Road,E01016912,Brighton and Hove 018C,Violence and sexual offences,Unable to prosecute suspect,
ba343169feaf4972261a2082828919e5a48a034a1dcf70b9550d444c8deb139d,2017-03,Sussex Police,Sussex Police,-0.121484,50.841070,On or near Lewes Road,E01016912,Brighton and Hove 018C,Violence and sexual offences,Investigation complete; no suspect identified,
c97715950c5a50c6c96726e73129e84595346fbb30929315ab091db8bb4edca1,2017-03,Sussex Police,Sussex Police,-0.123375,50.838196,On or near Bus/Coach Station,E01016912,Brighton and Hove 018C,Violence and sexual offences,Local resolution,
,2017-03,Sussex Police,Sussex Police,-0.114407,50.840092,On or near Crayford Road,E01016913,Brighton and Hove 018D,Anti-social behaviour,,
,2017-03,Sussex Police,Sussex Police,-0.113926,50.838987,On or near Baden Road,E01016913,Brighton and Hove 018D,Anti-social behaviour,,
,2017-03,Sussex Police,Sussex Police,-0.113926,50.838987,On or near Baden Road,E01016913,Brighton and Hove 018D,Anti-social behaviour,,
,2017-03,Sussex Police,Sussex Police,-0.117545,50.838713,On or near Kimberley Road,E01016913,Brighton and Hove 018D,Anti-social behaviour,,
,2017-03,Sussex Police,Sussex Police,-0.117932,50.837919,On or near Ladysmith Road,E01016913,Brighton and Hove 018D,Anti-social behaviour,,
cf38532c10dc64f500444ae4c3b0bc791e27afef2c7703f38db403bd7ac24ce5,2017-03,Sussex Police,Sussex Police,-0.114407,50.840092,On or near Crayford Road,E01016913,Brighton and Hove 018D,Burglary,Investigation complete; no suspect identified,
a3c8efe8d0b85c632c7741c4521be4f406c5b90f329dc70fb57115fd01aaaa7a,2017-03,Sussex Police,Sussex Police,-0.117932,50.837919,On or near Ladysmith Road,E01016913,Brighton and Hove 018D,Criminal damage and arson,Investigation complete; no suspect identified,
a6aee6f11482c81fff89032a1c2bbf1309869a4e6c8ea61d560b626e6348be8f,2017-03,Sussex Police,Sussex Police,-0.113926,50.838987,On or near Baden Road,E01016913,Brighton and Hove 018D,Criminal damage and arson,Investigation complete; no suspect identified,
9be4fb3dcc55a23ea176acf676cbea8ccffaaf7584e77a6d358e346d0487ed91,2017-03,Sussex Police,Sussex Police,-0.117885,50.839420,On or near Coombe Road,E01016913,Brighton and Hove 018D,Criminal damage and arson,Investigation complete; no suspect identified,
9dab92d1e532561c3fda7bbda7a4ccef46b24219a19aa37ce64a41d2dca1b914,2017-03,Sussex Police,Sussex Police,-0.113926,50.838987,On or near Baden Road,E01016913,Brighton and Hove 018D,Criminal damage and arson,Investigation complete; no suspect identified,
77b5d6232fb2685195e00445f06ea45d7a10755ccec3292fcacba10346b54a13,2017-03,Sussex Police,Sussex Police,-0.115526,50.841217,On or near Canfield Close,E01016913,Brighton and Hove 018D,Other theft,Investigation complete; no suspect identified,
d70f6d45325aedbbdfa3301a5797e90861bcaf5a0594b877b2e97f006b2c5abe,2017-03,Sussex Police,Sussex Police,-0.117885,50.839420,On or near Coombe Road,E01016913,Brighton and Hove 018D,Public order,Unable to prosecute suspect,
d22f38b2432419c35b576659868bb0066a5988119b6de053745d0ea3f89e326e,2017-03,Sussex Police,Sussex Police,-0.117545,50.838713,On or near Kimberley Road,E01016913,Brighton and Hove 018D,Violence and sexual offences,Unable to prosecute suspect,
c2bbb47811cad2be0160bbfd89f9939ed67cc9e379dfbbe00ec38c7e8d73bf2a,2017-03,Sussex Police,Sussex Police,-0.113671,50.840377,On or near Eastbourne Road,E01016913,Brighton and Hove 018D,Violence and sexual offences,Further investigation is not in the public interest,
034c13dbd7b81ef6a57582318e11c30b569fad868c8e88b3f8b776335fef42b3,2017-03,Sussex Police,Sussex Police,-0.117885,50.839420,On or near Coombe Road,E01016913,Brighton and Hove 018D,Violence and sexual offences,Investigation complete; no suspect identified,
90c35bec23fe1f6635d0da9af1cbd83a45ba7c54bb55b0706845518b027d0a80,2017-03,Sussex Police,Sussex Police,-0.117885,50.839420,On or near Coombe Road,E01016913,Brighton and Hove 018D,Violence and sexual offences,Status update unavailable,
d4d8a530d2721b314987121114635777948295f9297c8906919092371adde2db,2017-03,Sussex Police,Sussex Police,-0.113926,50.838987,On or near Baden Road,E01016913,Brighton and Hove 018D,Violence and sexual offences,Unable to prosecute suspect,
1e94d70359dced1f8f2835495f99f8e85d02add832d90b491de1a3586435c62d,2017-03,Sussex Police,Sussex Police,-0.117932,50.837919,On or near Ladysmith Road,E01016913,Brighton and Hove 018D,Violence and sexual offences,Unable to prosecute suspect,
30136d232db05e87ce10724828ca77905ee903290bee59df1832f1b99f3e0b3d,2017-03,Sussex Police,Sussex Police,-0.117885,50.839420,On or near Coombe Road,E01016913,Brighton and Hove 018D,Violence and sexual offences,Unable to prosecute suspect,
071ee9f476cb684ce6445d39e193b73cae3ff09c41e43442cfc0e3e5b46e50c2,2017-03,Sussex Police,Sussex Police,-0.117932,50.837919,On or near Ladysmith Road,E01016913,Brighton and Hove 018D,Violence and sexual offences,Unable to prosecute suspect,
,2017-03,Sussex Police,Sussex Police,-0.124342,50.826816,On or near Attree Drive,E01016946,Brighton and Hove 018E,Anti-social behaviour,,
43acbab2bacc266f5ac023d224f278b6bf853ba39d8bdc9c7d630f6348fc2703,2017-03,Sussex Police,Sussex Police,-0.120568,50.827097,On or near Queen'S Park Rise,E01016946,Brighton and Hove 018E,Burglary,Investigation complete; no suspect identified,
b01b2448192a9f87e47dc450cc373ef4f5942e405709abbf93535f53c9a0ff6a,2017-03,Sussex Police,Sussex Police,-0.120568,50.827097,On or near Queen'S Park Rise,E01016946,Brighton and Hove 018E,Burglary,Investigation complete; no suspect identified,
c073a3d936836c10e6e427a1fc105e921692597aad8355a8bf68d83a8963d976,2017-03,Sussex Police,Sussex Police,-0.120568,50.827097,On or near Queen'S Park Rise,E01016946,Brighton and Hove 018E,Criminal damage and arson,Investigation complete; no suspect identified,
,2017-03,Sussex Police,Sussex Police,-0.173865,50.830930,On or near Supermarket,E01016860,Brighton and Hove 019A,Anti-social behaviour,,
,2017-03,Sussex Police,Sussex Police,-0.174033,50.831355,On or near Shopping Area,E01016860,Brighton and Hove 019A,Anti-social behaviour,,
,2017-03,Sussex Police,Sussex Police,-0.176076,50.828860,On or near Supermarket,E01016860,Brighton and Hove 019A,Anti-social behaviour,,
,2017-03,Sussex Police,Sussex Police,-0.176076,50.828860,On or near Supermarket,E01016860,Brighton and Hove 019A,Anti-social behaviour,,
,2017-03,Sussex Police,Sussex Police,-0.176076,50.828860,On or near Supermarket,E01016860,Brighton and Hove 019A,Anti-social behaviour,,
,2017-03,Sussex Police,Sussex Police,-0.176076,50.828860,On or near Supermarket,E01016860,Brighton and Hove 019A,Anti-social behaviour,,
,2017-03,Sussex Police,Sussex Police,-0.174033,50.831355,On or near Shopping Area,E01016860,Brighton and Hove 019A,Anti-social behaviour,,
,2017-03,Sussex Police,Sussex Police,-0.174946,50.831990,On or near Clarendon Villas,E01016860,Brighton and Hove 019A,Anti-social behaviour,,
,2017-03,Sussex Police,Sussex Police,-0.177263,50.830830,On or near Brooker Place,E01016860,Brighton and Hove 019A,Anti-social behaviour,,
,2017-03,Sussex Police,Sussex Police,-0.173945,50.829987,On or near Haddington Street,E01016860,Brighton and Hove 019A,Anti-social behaviour,,
,2017-03,Sussex Police,Sussex Police,-0.176076,50.828860,On or near Supermarket,E01016860,Brighton and Hove 019A,Anti-social behaviour,,
,2017-03,Sussex Police,Sussex Police,-0.173996,50.831219,On or near Blatchington Road,E01016860,Brighton and Hove 019A,Anti-social behaviour,,
,2017-03,Sussex Police,Sussex Police,-0.176076,50.828860,On or near Supermarket,E01016860,Brighton and Hove 019A,Anti-social behaviour,,
,2017-03,Sussex Police,Sussex Police,-0.176076,50.828860,On or near Supermarket,E01016860,Brighton and Hove 019A,Anti-social behaviour,,
13e70c67c04d2822b18e8f4978c1444ae589ded4d9e5e618a80bafa5b99f5cb7,2017-03,Sussex Police,Sussex Police,-0.176076,50.828860,On or near Supermarket,E01016860,Brighton and Hove 019A,Bicycle theft,Investigation complete; no suspect identified,
efdb8e4c6ab3f8b0683f34be0dfaecd051b41d59a9094a610c9cbca92b4e34fe,2017-03,Sussex Police,Sussex Police,-0.173865,50.830930,On or near Supermarket,E01016860,Brighton and Hove 019A,Burglary,Investigation complete; no suspect identified,
fef9661f18009f7e903581891204af5e38dd9b67a7c3633f9274bcc95741e231,2017-03,Sussex Police,Sussex Police,-0.173865,50.830930,On or near Supermarket,E01016860,Brighton and Hove 019A,Burglary,Unable to prosecute suspect,
4241dfd5c59612bf37d292a6f3c4913c3777df1386c549a0ff89bb88db4ddbe2,2017-03,Sussex Police,Sussex Police,-0.175528,50.831279,On or near Supermarket,E01016860,Brighton and Hove 019A,Criminal damage and arson,Unable to prosecute suspect,
abc22a263fed6fe466ed2b7dca84fad7a2cd6848f8447b9dc560ef6b1b906051,2017-03,Sussex Police,Sussex Police,-0.177269,50.829238,On or near Connaught Road,E01016860,Brighton and Hove 019A,Public order,Investigation complete; no suspect identified,
70ea3de35eb239b4fc09f381c70886af5ac65b4d41493b95c173175621520ea1,2017-03,Sussex Police,Sussex Police,-0.174033,50.831355,On or near Shopping Area,E01016860,Brighton and Hove 019A,Robbery,Investigation complete; no suspect identified,
b9b2806af54d61bc0724c9c19d5bd73856e154351554037a31105e0f2b2ae280,2017-03,Sussex Police,Sussex Police,-0.174946,50.831990,On or near Clarendon Villas,E01016860,Brighton and Hove 019A,Robbery,Unable to prosecute suspect,
797a5c7872e2a37ddca9ffb50bc6ebda8d30bdd07125d0e5442a9a174748b88b,2017-03,Sussex Police,Sussex Police,-0.173865,50.830930,On or near Supermarket,E01016860,Brighton and Hove 019A,Shoplifting,Unable to prosecute suspect,
1cb2728890698ff3c4478ffa069358a1cb6746a438e23c0d3146057a4710e299,2017-03,Sussex Police,Sussex Police,-0.173865,50.830930,On or near Supermarket,E01016860,Brighton and Hove 019A,Shoplifting,Investigation complete; no suspect identified,
28087aea66b8978740ae384b57dff5d81888e5b0e0a9b14b38af01850234728c,2017-03,Sussex Police,Sussex Police,-0.173945,50.829987,On or near Haddington Street,E01016860,Brighton and Hove 019A,Shoplifting,Further investigation is not in the public interest,
f1fedf8208e15e4ab35cdabb36b39be4390d09550593bbb613d9e295dd151128,2017-03,Sussex Police,Sussex Police,-0.173865,50.830930,On or near Supermarket,E01016860,Brighton and Hove 019A,Shoplifting,Local resolution,
8ae4bd549c61ce3078cab8b9c6eff59647d2c60ac18d416bbc7b7e12c001fab3,2017-03,Sussex Police,Sussex Police,-0.176076,50.828860,On or near Supermarket,E01016860,Brighton and Hove 019A,Theft from the person,Investigation complete; no suspect identified,
6ab77eb0f51dd5bb2ba7d08bdb3a7ae7835f33a091a58b4888fb82602483a629,2017-03,Sussex Police,Sussex Police,-0.173996,50.831219,On or near Blatchington Road,E01016860,Brighton and Hove 019A,Theft from the person,Investigation complete; no suspect identified,
6eab09e248785cf105c65e711e32dcc21c4ee88991d4596c1f73c072f625c878,2017-03,Sussex Police,Sussex Police,-0.173996,50.831219,On or near Blatchington Road,E01016860,Brighton and Hove 019A,Violence and sexual offences,Investigation complete; no suspect identified,
fe537cbc61c81764b8aae2893fb59c0dd4bc116928a2c8186d6ec11d3d34f9d8,2017-03,Sussex Police,Sussex Police,-0.176076,50.828860,On or near Supermarket,E01016860,Brighton and Hove 019A,Violence and sexual offences,Offender given community sentence,
20568810082bb174a8f6100bfe78edc7131610844ea616717a89f92465a2459b,2017-03,Sussex Police,Sussex Police,-0.173996,50.831219,On or near Blatchington Road,E01016860,Brighton and Hove 019A,Violence and sexual offences,Investigation complete; no suspect identified,
c98eccc9d010c80590288060f4256b50edbe3d2935d40f44fe6ff8e692df777f,2017-03,Sussex Police,Sussex Police,-0.176076,50.828860,On or near Supermarket,E01016860,Brighton and Hove 019A,Violence and sexual offences,Investigation complete; no suspect identified,
164ab37c7ccdbc63e97cc0248627f1d09a055d576401c9988608bfd9a6c687b7,2017-03,Sussex Police,Sussex Police,-0.173945,50.829987,On or near Haddington Street,E01016860,Brighton and Hove 019A,Violence and sexual offences,Status update unavailable,
9d00da32b8a178a549f4f12dc30dbb232d2838d2a463cd1566949b5df43be760,2017-03,Sussex Police,Sussex Police,-0.175110,50.830697,On or near Belfast Street,E01016860,Brighton and Hove 019A,Other crime,Local resolution,
cc7189d273f55e58433659e1e33825a98aff7b14669e14770f1d45f10a1679f9,2017-03,Sussex Police,Sussex Police,-0.174033,50.831355,On or near Shopping Area,E01016860,Brighton and Hove 019A,Other crime,Status update unavailable,
760346a78310e4db9d594490cd043c03fced08ada398e880740e248155ed2a91,2017-03,Sussex Police,Sussex Police,-0.173945,50.829987,On or near Haddington Street,E01016860,Brighton and Hove 019A,Other crime,Investigation complete; no suspect identified,
ec3de0f9b8ebe63abe2e5769bca1dcf1d39bc1639aff9cfd39e389ca0b462b15,2017-03,Sussex Police,Sussex Police,-0.176777,50.828745,On or near Miles Walk,E01016860,Brighton and Hove 019A,Other crime,Unable to prosecute suspect,
fea49b1fa662a973a9263d09f0a9120b1f638015a2c25733d5023dc354a83c27,2017-03,Sussex Police,Sussex Police,-0.173945,50.829987,On or near Haddington Street,E01016860,Brighton and Hove 019A,Other crime,Local resolution,
ca45c0a0d9eedc4c9b43e64e15a2d0dfb25ea49c06ab69c12de05859f59bfb5d,2017-03,Sussex Police,Sussex Police,-0.173945,50.829987,On or near Haddington Street,E01016860,Brighton and Hove 019A,Other crime,Local resolution,
,2017-03,Sussex Police,Sussex Police,-0.164903,50.832795,On or near Cromwell Road,E01016871,Brighton and Hove 019B,Anti-social behaviour,,
a07f34dd513e4b712e02b58cdb92c9dca68f2055f90366044239bb4424468080,2017-03,Sussex Police,Sussex Police,-0.164903,50.832795,On or near Cromwell Road,E01016871,Brighton and Hove 019B,Violence and sexual offences,Investigation complete; no suspect identified,
,2017-03,Sussex Police,Sussex Police,-0.173894,50.833466,On or near Goldstone Street,E01016872,Brighton and Hove 019C,Anti-social behaviour,,
,2017-03,Sussex Police,Sussex Police,-0.174240,50.834074,On or near Clarendon Road,E01016872,Brighton and Hove 019C,Anti-social behaviour,,
,2017-03,Sussex Police,Sussex Police,-0.171742,50.832947,On or near Goldstone Villas,E01016872,Brighton and Hove 019C,Anti-social behaviour,,
,2017-03,Sussex Police,Sussex Police,-0.174240,50.834074,On or near Clarendon Road,E01016872,Brighton and Hove 019C,Anti-social behaviour,,
,2017-03,Sussex Police,Sussex Police,-0.174240,50.834074,On or near Clarendon Road,E01016872,Brighton and Hove 019C,Anti-social behaviour,,
,2017-03,Sussex Police,Sussex Police,-0.174240,50.834074,On or near Clarendon Road,E01016872,Brighton and Hove 019C,Anti-social behaviour,,
,2017-03,Sussex Police,Sussex Police,-0.174240,50.834074,On or near Clarendon Road,E01016872,Brighton and Hove 019C,Anti-social behaviour,,
,2017-03,Sussex Police,Sussex Police,-0.174240,50.834074,On or near Clarendon Road,E01016872,Brighton and Hove 019C,Anti-social behaviour,,
7d7f5c492c80c48005ef17f1e1e448b2fadb837ee38590f430de4c67afb16058,2017-03,Sussex Police,Sussex Police,-0.174240,50.834074,On or near Clarendon Road,E01016872,Brighton and Hove 019C,Burglary,Investigation complete; no suspect identified,
bf3f0a556d47375d687d28ea03646bf527d6228c6e3ec5706feff794f7b8e925,2017-03,Sussex Police,Sussex Police,-0.171742,50.832947,On or near Goldstone Villas,E01016872,Brighton and Hove 019C,Criminal damage and arson,Unable to prosecute suspect,
f722da3be107ec5b91be4829e5fe2e8c2174c9fa5048bea21c75965c8d18cadd,2017-03,Sussex Police,Sussex Police,-0.174240,50.834074,On or near Clarendon Road,E01016872,Brighton and Hove 019C,Other theft,Status update unavailable,
0b51d94c2bd2efbfc2eea9ff5c32ba09fd70cea25c0eca422528ba55e7c39fe5,2017-03,Sussex Police,Sussex Police,-0.174738,50.832589,On or near Goldstone Road,E01016872,Brighton and Hove 019C,Public order,Investigation complete; no suspect identified,
5a08f953bf05f25414d1c9cfb59d258cf0d3a8dd622b9f1ab48436149ea39c60,2017-03,Sussex Police,Sussex Police,-0.174240,50.834074,On or near Clarendon Road,E01016872,Brighton and Hove 019C,Violence and sexual offences,Court result unavailable,
0331f4858269a86c526ffffe07623616a6f3a5fcff6e773b1fcb325db10de340,2017-03,Sussex Police,Sussex Police,-0.174401,50.833582,On or near Livingstone Road,E01016872,Brighton and Hove 019C,Violence and sexual offences,Investigation complete; no suspect identified,
6d64aeeec06adba6d88b1c853ec04d65f526fe3c8840b92e5311947133391dd2,2017-03,Sussex Police,Sussex Police,-0.174240,50.834074,On or near Clarendon Road,E01016872,Brighton and Hove 019C,Violence and sexual offences,Investigation complete; no suspect identified,
8fec1c926526c2b060c4281398a906109e877a0262f89523396e98a7f3b4c57c,2017-03,Sussex Police,Sussex Police,-0.174240,50.834074,On or near Clarendon Road,E01016872,Brighton and Hove 019C,Violence and sexual offences,Status update unavailable,
f181ea34b311b1e012eddb9b5b932dd8ae6f1737e66820a712905c74990214f0,2017-03,Sussex Police,Sussex Police,-0.171742,50.832947,On or near Goldstone Villas,E01016872,Brighton and Hove 019C,Violence and sexual offences,Further investigation is not in the public interest,
a191c0c91a5b4ac6d6265317799e1e9c55826b87db05faac0f1086a0cd218ab8,2017-03,Sussex Police,Sussex Police,-0.171742,50.832947,On or near Goldstone Villas,E01016872,Brighton and Hove 019C,Violence and sexual offences,Investigation complete; no suspect identified,
6396e8b565fad6397245016d673f3550aaba6a52b1c85b6befe3e5b606af892a,2017-03,Sussex Police,Sussex Police,-0.171742,50.832947,On or near Goldstone Villas,E01016872,Brighton and Hove 019C,Violence and sexual offences,Further investigation is not in the public interest,
,2017-03,Sussex Police,Sussex Police,-0.169989,50.834907,On or near Petrol Station,E01016873,Brighton and Hove 019D,Anti-social behaviour,,
,2017-03,Sussex Police,Sussex Police,-0.169989,50.834907,On or near Petrol Station,E01016873,Brighton and Hove 019D,Anti-social behaviour,,
,2017-03,Sussex Police,Sussex Police,-0.171918,50.834263,On or near Ethel Street,E01016873,Brighton and Hove 019D,Anti-social behaviour,,
,2017-03,Sussex Police,Sussex Police,-0.173910,50.834528,On or near Ellen Street,E01016873,Brighton and Hove 019D,Anti-social behaviour,,
,2017-03,Sussex Police,Sussex Police,-0.171572,50.831469,On or near Eaton Villas,E01016873,Brighton and Hove 019D,Anti-social behaviour,,
,2017-03,Sussex Police,Sussex Police,-0.171572,50.831469,On or near Eaton Villas,E01016873,Brighton and Hove 019D,Anti-social behaviour,,
,2017-03,Sussex Police,Sussex Police,-0.171918,50.834263,On or near Ethel Street,E01016873,Brighton and Hove 019D,Anti-social behaviour,,
,2017-03,Sussex Police,Sussex Police,-0.167580,50.833682,On or near Eaton Grove,E01016873,Brighton and Hove 019D,Anti-social behaviour,,
,2017-03,Sussex Police,Sussex Police,-0.171918,50.834263,On or near Ethel Street,E01016873,Brighton and Hove 019D,Anti-social behaviour,,
,2017-03,Sussex Police,Sussex Police,-0.173226,50.835308,On or near Fonthill Road,E01016873,Brighton and Hove 019D,Anti-social behaviour,,
4f9d9d65e25528cd1d98ce7f638e63f166fb2f1a6e3a45353981e32e7ddbdcad,2017-03,Sussex Police,Sussex Police,-0.167580,50.833682,On or near Eaton Grove,E01016873,Brighton and Hove 019D,Burglary,Investigation complete; no suspect identified,
4246b9dae9772122597439d57a793ea4cfafb1e5df9e2f914aa326bc700a2e05,2017-03,Sussex Police,Sussex Police,-0.169736,50.834121,On or near Denmark Villas,E01016873,Brighton and Hove 019D,Burglary,Investigation complete; no suspect identified,
10b934792a9ea62129f6cdc7a80edea9e9e1056643553d133fa468476cd979da,2017-03,Sussex Police,Sussex Police,-0.168709,50.833871,On or near Oxford Mews,E01016873,Brighton and Hove 019D,Other theft,Investigation complete; no suspect identified,
7f7e864d1b213612247d08c6b527cf570cfb26bda2cf3fa15a5ba1081b8249d7,2017-03,Sussex Police,Sussex Police,-0.169989,50.834907,On or near Petrol Station,E01016873,Brighton and Hove 019D,Other theft,Investigation complete; no suspect identified,
b657fec4ec18322e8dfe9f12db186c78ec8c92dc314b1aa1215760069e5d8b15,2017-03,Sussex Police,Sussex Police,-0.169989,50.834907,On or near Petrol Station,E01016873,Brighton and Hove 019D,Other theft,Unable to prosecute suspect,
acfb1a8573bde738877445b3e0012d1426b3dba37ad8018604373ed619ed0e65,2017-03,Sussex Police,Sussex Police,-0.176764,50.835265,On or near Conway Place,E01016873,Brighton and Hove 019D,Other theft,Investigation complete; no suspect identified,
b6cfa6fdb0f7e30f17bc12a5085e4332344f372211a4561e88a37b324cbf450f,2017-03,Sussex Police,Sussex Police,-0.176764,50.835265,On or near Conway Place,E01016873,Brighton and Hove 019D,Other theft,Investigation complete; no suspect identified,
2209bf478d33a2ba96598fe0bafc51e07f8cd90922675d99338d52b6be79bcf8,2017-03,Sussex Police,Sussex Police,-0.169989,50.834907,On or near Petrol Station,E01016873,Brighton and Hove 019D,Other theft,Investigation complete; no suspect identified,
4131be961f9813fcc9472bdfc9bb14cdea8aec91d2f7d825ebdc69b767981685,2017-03,Sussex Police,Sussex Police,-0.176764,50.835265,On or near Conway Place,E01016873,Brighton and Hove 019D,Public order,Unable to prosecute suspect,
64389180cb20ee70a7b6c0c88148498adc31c80c8f7a402178371862f1389617,2017-03,Sussex Police,Sussex Police,-0.167580,50.833682,On or near Eaton Grove,E01016873,Brighton and Hove 019D,Robbery,Investigation complete; no suspect identified,
2fa58fbac01eb1ad346ad6092d647f0ba8785bead6294dc16c15e1e6855174ac,2017-03,Sussex Police,Sussex Police,-0.171572,50.831469,On or near Eaton Villas,E01016873,Brighton and Hove 019D,Robbery,Investigation complete; no suspect identified,
04948dc9fbd4db59da05073250e1de10510643346e9ce493dddd605b25fe914a,2017-03,Sussex Police,Sussex Police,-0.171918,50.834263,On or near Ethel Street,E01016873,Brighton and Hove 019D,Violence and sexual offences,Investigation complete; no suspect identified,
,2017-03,Sussex Police,Sussex Police,-0.172679,50.838412,On or near Goldstone Lane,E01016878,Brighton and Hove 019E,Anti-social behaviour,,
,2017-03,Sussex Police,Sussex Police,-0.172679,50.838412,On or near Goldstone Lane,E01016878,Brighton and Hove 019E,Anti-social behaviour,,
,2017-03,Sussex Police,Sussex Police,-0.172679,50.838412,On or near Goldstone Lane,E01016878,Brighton and Hove 019E,Anti-social behaviour,,
,2017-03,Sussex Police,Sussex Police,-0.172679,50.838412,On or near Goldstone Lane,E01016878,Brighton and Hove 019E,Anti-social behaviour,,
,2017-03,Sussex Police,Sussex Police,-0.172679,50.838412,On or near Goldstone Lane,E01016878,Brighton and Hove 019E,Anti-social behaviour,,
,2017-03,Sussex Police,Sussex Police,-0.172679,50.838412,On or near Goldstone Lane,E01016878,Brighton and Hove 019E,Anti-social behaviour,,
aec7a9cafb193ca5198f667efd13339c8fe6c56adc6300e0fa14d986e3832894,2017-03,Sussex Police,Sussex Police,-0.173504,50.837282,On or near Goldstone Lane,E01016878,Brighton and Hove 019E,Bicycle theft,Investigation complete; no suspect identified,
6f7047d2337bafa744f19cd9090908809150bea09ad01239b86a58c4f4c91b8a,2017-03,Sussex Police,Sussex Police,-0.168433,50.835494,On or near Wilbury Avenue,E01016878,Brighton and Hove 019E,Criminal damage and arson,Unable to prosecute suspect,
9c9c16174898bc173332573dc5a96c1fd708f068481e37da41464d5ff6ad9ead,2017-03,Sussex Police,Sussex Police,-0.172679,50.838412,On or near Goldstone Lane,E01016878,Brighton and Hove 019E,Other theft,Further investigation is not in the public interest,
2f873fb42f391d795867724b2d29003fa200bcd71c94e2aeedaa2e22619d8ecd,2017-03,Sussex Police,Sussex Police,-0.172679,50.838412,On or near Goldstone Lane,E01016878,Brighton and Hove 019E,Public order,Unable to prosecute suspect,
7e9ab3a48f05e5541d81831927ee3c22144689f11ff6547e82c8031e017a32ab,2017-03,Sussex Police,Sussex Police,-0.172679,50.838412,On or near Goldstone Lane,E01016878,Brighton and Hove 019E,Shoplifting,Further investigation is not in the public interest,
fb7ce3b4d46063fb74fdd830e2376067650f105d60a957f11e0eee8a0ffe2a6e,2017-03,Sussex Police,Sussex Police,-0.172679,50.838412,On or near Goldstone Lane,E01016878,Brighton and Hove 019E,Shoplifting,Investigation complete; no suspect identified,
f2b2b0d91f7b9b9907aae062f1abf6bc1f3db36576beae64ed93158273cebe70,2017-03,Sussex Police,Sussex Police,-0.172679,50.838412,On or near Goldstone Lane,E01016878,Brighton and Hove 019E,Shoplifting,Further investigation is not in the public interest,
b119eea0d7e6444465d09fec195a3818abd62dcf68b75d93d8357f00104d9f24,2017-03,Sussex Police,Sussex Police,-0.169669,50.836916,On or near Hove Park Villas,E01016878,Brighton and Hove 019E,Vehicle crime,Investigation complete; no suspect identified,
937b736330529b8e99a039826641a4b5a810e31133a7c3e55fff8a8c13f4b650,2017-03,Sussex Police,Sussex Police,-0.171130,50.836975,On or near Hartington Villas,E01016878,Brighton and Hove 019E,Violence and sexual offences,Further investigation is not in the public interest,
591937ee5dcc5d2825532dbeecec01dcb40de78f2b6117340fecbae92ff7e20e,2017-03,Sussex Police,Sussex Police,-0.172679,50.838412,On or near Goldstone Lane,E01016878,Brighton and Hove 019E,Other crime,Unable to prosecute suspect,
be4b6742e53ab999517ed6820bf9b1630817cdaabfd827a152388ad74ed908c5,2017-03,Sussex Police,Sussex Police,-0.160098,50.835075,On or near Burton Villas,E01016870,Brighton and Hove 020A,Violence and sexual offences,Unable to prosecute suspect,
5d50b629f34dc06621c46c77a736590b38f23dbdaa834436a4980845ddb4e57f,2017-03,Sussex Police,Sussex Police,-0.160098,50.835075,On or near Burton Villas,E01016870,Brighton and Hove 020A,Violence and sexual offences,Unable to prosecute suspect,
,2017-03,Sussex Police,Sussex Police,-0.161291,50.832558,On or near Palmeira Place,E01016874,Brighton and Hove 020B,Anti-social behaviour,,
,2017-03,Sussex Police,Sussex Police,-0.161291,50.832558,On or near Palmeira Place,E01016874,Brighton and Hove 020B,Anti-social behaviour,,
,2017-03,Sussex Police,Sussex Police,-0.159599,50.831155,On or near Chatsworth Square,E01016874,Brighton and Hove 020B,Anti-social behaviour,,
3b98bb39189f833ba1c114ffc616364f3e349c60ddd5012af09a8c10e6856f76,2017-03,Sussex Police,Sussex Police,-0.160279,50.830833,On or near Holland Road,E01016874,Brighton and Hove 020B,Bicycle theft,Investigation complete; no suspect identified,
d731b649f4d90119d27838be0ef41e6860c979cacf135504273c92b025a36f4a,2017-03,Sussex Police,Sussex Police,-0.161291,50.832558,On or near Palmeira Place,E01016874,Brighton and Hove 020B,Bicycle theft,Investigation complete; no suspect identified,
834a3e89d86fc18de4b86b23ec79ff840b159acb5298aae9acae1de44ce7fc31,2017-03,Sussex Police,Sussex Police,-0.161291,50.832558,On or near Palmeira Place,E01016874,Brighton and Hove 020B,Other theft,Investigation complete; no suspect identified,
33f506e67d421213131864610517a826af9ed9df82c8e59c811dd4f431c7b199,2017-03,Sussex Police,Sussex Police,-0.162088,50.830331,On or near Palmeira Avenue,E01016874,Brighton and Hove 020B,Vehicle crime,Investigation complete; no suspect identified,
abfba382577aa76acc8bf192ef9cc65aafc881f9e2456eaa2cfa75f9d18ab461,2017-03,Sussex Police,Sussex Police,-0.161016,50.829783,On or near Police Station,E01016874,Brighton and Hove 020B,Violence and sexual offences,Unable to prosecute suspect,
f85413c0fa1a55de70a1e9482114a70fb2cfb111e4282faca1cf7d59482c028a,2017-03,Sussex Police,Sussex Police,-0.165627,50.831340,On or near Wilbury Road,E01016874,Brighton and Hove 020B,Other crime,Local resolution,
,2017-03,Sussex Police,Sussex Police,-0.151670,50.832010,On or near Addison Road,E01016875,Brighton and Hove 020C,Anti-social behaviour,,
,2017-03,Sussex Police,Sussex Police,-0.154822,50.832734,On or near Montefiore Road,E01016875,Brighton and Hove 020C,Anti-social behaviour,,
e6d5d2cbc8321680b8fe2cb824c017a406d3550d87e6d695a621986e8c574c3b,2017-03,Sussex Police,Sussex Police,-0.150911,50.833239,On or near Caburn Road,E01016875,Brighton and Hove 020C,Criminal damage and arson,Investigation complete; no suspect identified,
,2017-03,Sussex Police,Sussex Police,-0.147874,50.831392,On or near Melville Road,E01016876,Brighton and Hove 020D,Anti-social behaviour,,
,2017-03,Sussex Police,Sussex Police,-0.148787,50.832369,On or near Dyke Road,E01016876,Brighton and Hove 020D,Anti-social behaviour,,
,2017-03,Sussex Police,Sussex Police,-0.147669,50.830831,On or near Goldsmid Road,E01016876,Brighton and Hove 020D,Anti-social behaviour,,
,2017-03,Sussex Police,Sussex Police,-0.147669,50.830831,On or near Goldsmid Road,E01016876,Brighton and Hove 020D,Anti-social behaviour,,
,2017-03,Sussex Police,Sussex Police,-0.152084,50.830865,On or near Osmond Road,E01016876,Brighton and Hove 020D,Anti-social behaviour,,
7436b2cc00aeae2765f784cf662ba7d090ea38dc16bf3da803cab649a3ae3ec5,2017-03,Sussex Police,Sussex Police,-0.156054,50.828500,On or near Furze Hill,E01016876,Brighton and Hove 020D,Bicycle theft,Investigation complete; no suspect identified,
40bc87a2a28a97ac6a7a474552c0994d32f643de491c2c6519a7f60e19cf4df7,2017-03,Sussex Police,Sussex Police,-0.155041,50.830436,On or near Nizells Avenue,E01016876,Brighton and Hove 020D,Bicycle theft,Investigation complete; no suspect identified,
50c5c4def0dfe8bb0a9b5a7b5e3edd83cef33ae7d1d53b1e6224eedf68afe478,2017-03,Sussex Police,Sussex Police,-0.156054,50.828500,On or near Furze Hill,E01016876,Brighton and Hove 020D,Bicycle theft,Investigation complete; no suspect identified,
25a4329da405f89d34e93c646b6de3f278d214f7e98ec6f27609fb5bf1118aaa,2017-03,Sussex Police,Sussex Police,-0.152084,50.830865,On or near Osmond Road,E01016876,Brighton and Hove 020D,Burglary,Investigation complete; no suspect identified,
cd75012d283a9ef80676cfb7eead1fb6840016c6b014bc8309baf9fcbce9a3d5,2017-03,Sussex Police,Sussex Police,-0.154858,50.831116,On or near Davigdor Road,E01016876,Brighton and Hove 020D,Criminal damage and arson,Investigation complete; no suspect identified,
4a251a9cf19947acd40d163028aabc04d2fa4e539f5c9fb9745ea1a7712a1d89,2017-03,Sussex Police,Sussex Police,-0.156054,50.828500,On or near Furze Hill,E01016876,Brighton and Hove 020D,Public order,Investigation complete; no suspect identified,
c7b783fe28713b0e56f292d0020b790a99bbe69d2c9275856fd55ad2fdc76a01,2017-03,Sussex Police,Sussex Police,-0.147874,50.831392,On or near Melville Road,E01016876,Brighton and Hove 020D,Public order,Unable to prosecute suspect,
e46502c48dee6a2e05924cbf3075ce19f729eb68f37710f21014b8941e0f1e23,2017-03,Sussex Police,Sussex Police,-0.147669,50.830831,On or near Goldsmid Road,E01016876,Brighton and Hove 020D,Public order,Unable to prosecute suspect,
676c50a16cbf8a99c864d211c2f1352cb986e6412fdb2d8fd51f7b53671bb6ca,2017-03,Sussex Police,Sussex Police,-0.156054,50.828500,On or near Furze Hill,E01016876,Brighton and Hove 020D,Violence and sexual offences,Investigation complete; no suspect identified,
b62fd32505922da249639f4a2478af16d8e7c039e4f314ffb7024b72f5d9136e,2017-03,Sussex Police,Sussex Police,-0.148787,50.832369,On or near Dyke Road,E01016876,Brighton and Hove 020D,Violence and sexual offences,Investigation complete; no suspect identified,
d1a0a1cb676a24248c481ccd60107990265837d63f9405b27acfdfd037d02eae,2017-03,Sussex Police,Sussex Police,-0.147669,50.830831,On or near Goldsmid Road,E01016876,Brighton and Hove 020D,Violence and sexual offences,Investigation complete; no suspect identified,
,2017-03,Sussex Police,Sussex Police,-0.158449,50.829716,On or near Somerhill Road,E01016877,Brighton and Hove 020E,Anti-social behaviour,,
2eadcd216b89c355f8632ca3e11d1a32689881c26bcb79a3a27f2689b8cb607c,2017-03,Sussex Police,Sussex Police,-0.159364,50.830261,On or near Somerhill Avenue,E01016877,Brighton and Hove 020E,Criminal damage and arson,Investigation complete; no suspect identified,
02d8b7fd6a84b23c9c267c9ea37282a6eba96f308872935a058fb7b7dbff7375,2017-03,Sussex Police,Sussex Police,-0.159401,50.827896,On or near Lansdowne Road,E01016877,Brighton and Hove 020E,Other theft,Investigation complete; no suspect identified,
1f2a16fde86955f2548b7aa8663ec4e4478be484486dffd9d7f22ab45ac6784f,2017-03,Sussex Police,Sussex Police,-0.159364,50.830261,On or near Somerhill Avenue,E01016877,Brighton and Hove 020E,Violence and sexual offences,Further investigation is not in the public interest,
6c1c381eeafb9e155b8d0cb5e1b6cedd937f6964209fe1e972a52459590d312f,2017-03,Sussex Police,Sussex Police,-0.156150,50.827153,On or near Lansdowne Road,E01016877,Brighton and Hove 020E,Violence and sexual offences,Unable to prosecute suspect,
,2017-03,Sussex Police,Sussex Police,-0.209161,50.832610,On or near St Aubyns Road,E01016974,Brighton and Hove 021A,Anti-social behaviour,,
,2017-03,Sussex Police,Sussex Police,-0.207628,50.834061,On or near Supermarket,E01016974,Brighton and Hove 021A,Anti-social behaviour,,
,2017-03,Sussex Police,Sussex Police,-0.207628,50.834061,On or near Supermarket,E01016974,Brighton and Hove 021A,Anti-social behaviour,,
,2017-03,Sussex Police,Sussex Police,-0.207045,50.838171,On or near Old Shoreham Road,E01016974,Brighton and Hove 021A,Anti-social behaviour,,
,2017-03,Sussex Police,Sussex Police,-0.209339,50.830922,On or near East Street,E01016974,Brighton and Hove 021A,Anti-social behaviour,,
b8189fd1d4266f97b2d0a6e28c506d8ec6acf6f7de4c6f61e07b38f094e30957,2017-03,Sussex Police,Sussex Police,-0.208582,50.834382,On or near Gordon Road,E01016974,Brighton and Hove 021A,Criminal damage and arson,Investigation complete; no suspect identified,
da3d785a80c5b40b424c31bed1909c665dd7afe059ca6fadde9ddf9ddea03144,2017-03,Sussex Police,Sussex Police,-0.206036,50.836321,On or near Supermarket,E01016974,Brighton and Hove 021A,Other theft,Investigation complete; no suspect identified,
37fbcedca48e8ba9765046a4634d08c0d4ff9b1be0462a526e3ba858ab9ef7c7,2017-03,Sussex Police,Sussex Police,-0.212913,50.831795,On or near Albion Street,E01016974,Brighton and Hove 021A,Other theft,Investigation complete; no suspect identified,
65e1572b8f395dbb80b2ff5261e9f444dab2085717f02fb0ef228c65808053a7,2017-03,Sussex Police,Sussex Police,-0.207628,50.834061,On or near Supermarket,E01016974,Brighton and Hove 021A,Other theft,Investigation complete; no suspect identified,
f4fbbe936e734bc2b8b5c1cb8d426176663ef2be008913ffa4c8beaccf11bac6,2017-03,Sussex Police,Sussex Police,-0.207633,50.837263,On or near The Gardens,E01016974,Brighton and Hove 021A,Public order,Unable to prosecute suspect,
61b96bdcfc20a71ee270eaa5ef726bb317840cd7871bad9684ee00b488b6d1ac,2017-03,Sussex Police,Sussex Police,-0.206036,50.836321,On or near Supermarket,E01016974,Brighton and Hove 021A,Public order,Further investigation is not in the public interest,
df274159a7518433612ef241f0205886dcd01a12249a0307bd1e0aa5a213c29d,2017-03,Sussex Police,Sussex Police,-0.207628,50.834061,On or near Supermarket,E01016974,Brighton and Hove 021A,Public order,Court result unavailable,
5efbf78b2c2ab11a1c8eb3b80f7f383e896b7c824a5d8fb38b31f5d9eaefe681,2017-03,Sussex Police,Sussex Police,-0.210401,50.834715,On or near Vale Road,E01016974,Brighton and Hove 021A,Public order,Investigation complete; no suspect identified,
72b909707f7e5c161053b8a9483874eac5edd59d61c1d69a66e643873d08e183,2017-03,Sussex Police,Sussex Police,-0.211044,50.830894,On or near North Street,E01016974,Brighton and Hove 021A,Vehicle crime,Investigation complete; no suspect identified,
2f1ffd12097b5853cef77a7aa487ad08d2621a05b845c81a72427b3893d4b256,2017-03,Sussex Police,Sussex Police,-0.209161,50.832610,On or near St Aubyns Road,E01016974,Brighton and Hove 021A,Vehicle crime,Unable to prosecute suspect,
dccc9068ae89e3d9778bfb4005fc6ba61222b6d807b5110bf07fb6593fd6eb80,2017-03,Sussex Police,Sussex Police,-0.208582,50.834382,On or near Gordon Road,E01016974,Brighton and Hove 021A,Violence and sexual offences,Further investigation is not in the public interest,
,2017-03,Sussex Police,Sussex Police,-0.215791,50.833017,On or near Eastbrook Road,E01016975,Brighton and Hove 021B,Anti-social behaviour,,
,2017-03,Sussex Police,Sussex Police,-0.215791,50.833017,On or near Eastbrook Road,E01016975,Brighton and Hove 021B,Anti-social behaviour,,
c1480fcf165f3f77eacf7d787b710f974700beb75996914310069a9995676961,2017-03,Sussex Police,Sussex Police,-0.215791,50.833017,On or near Eastbrook Road,E01016975,Brighton and Hove 021B,Criminal damage and arson,Unable to prosecute suspect,
b6320032eeaf0d1104b1ceee06a459e94afa59cf0d2c8d3314f2e7d587b3b189,2017-03,Sussex Police,Sussex Police,-0.213493,50.832209,On or near Church Street,E01016975,Brighton and Hove 021B,Other theft,Unable to prosecute suspect,
ea339b466ee062d9529e4d86c6968e0e892ecb36e41381356eed8b053c0450da,2017-03,Sussex Police,Sussex Police,-0.213879,50.834004,On or near Vale Gardens,E01016975,Brighton and Hove 021B,Public order,Unable to prosecute suspect,
9b3b0df2769b1a9c890d916847429cb50f125cc8183ebc50c89f78b41a886e38,2017-03,Sussex Police,Sussex Police,-0.216652,50.835036,On or near Shelldale Avenue,E01016975,Brighton and Hove 021B,Violence and sexual offences,Unable to prosecute suspect,
1a01764a7f8591baaee9734390ec0878541948de93c04ed44519cd081e680551,2017-03,Sussex Police,Sussex Police,-0.213879,50.834004,On or near Vale Gardens,E01016975,Brighton and Hove 021B,Violence and sexual offences,Status update unavailable,
,2017-03,Sussex Police,Sussex Police,-0.201972,50.831582,On or near Kenton Road,E01016992,Brighton and Hove 021C,Anti-social behaviour,,
,2017-03,Sussex Police,Sussex Police,-0.202370,50.826768,On or near Western Esplanade,E01016992,Brighton and Hove 021C,Anti-social behaviour,,
,2017-03,Sussex Police,Sussex Police,-0.200430,50.830308,On or near Brittany Road,E01016992,Brighton and Hove 021C,Anti-social behaviour,,
e57dab59b013eebb6981238909b4e809a7911d24a8cafd2e0a416fae27cfa894,2017-03,Sussex Police,Sussex Police,-0.201972,50.831582,On or near Kenton Road,E01016992,Brighton and Hove 021C,Other theft,Investigation complete; no suspect identified,
7bcd7064752b982204f2d7d2ddc061342050d302f8e2b971fc52010e01cb412d,2017-03,Sussex Police,Sussex Police,-0.201972,50.831582,On or near Kenton Road,E01016992,Brighton and Hove 021C,Vehicle crime,Investigation complete; no suspect identified,
2ce73599e110a4b28ef0dfbb23fc9833c56b69873a562ab0ea0d1ce1ff018c72,2017-03,Sussex Police,Sussex Police,-0.203315,50.830640,On or near St Keyna Avenue,E01016992,Brighton and Hove 021C,Vehicle crime,Investigation complete; no suspect identified,
,2017-03,Sussex Police,Sussex Police,-0.207684,50.830393,On or near Seaford Road,E01016994,Brighton and Hove 021D,Anti-social behaviour,,
,2017-03,Sussex Police,Sussex Police,-0.206396,50.834717,On or near Boundary Road,E01016994,Brighton and Hove 021D,Anti-social behaviour,,
,2017-03,Sussex Police,Sussex Police,-0.205432,50.830601,On or near Erroll Road,E01016994,Brighton and Hove 021D,Anti-social behaviour,,
,2017-03,Sussex Police,Sussex Police,-0.206734,50.831080,On or near St Leonard'S Road,E01016994,Brighton and Hove 021D,Anti-social behaviour,,
,2017-03,Sussex Police,Sussex Police,-0.205432,50.830601,On or near Erroll Road,E01016994,Brighton and Hove 021D,Anti-social behaviour,,
,2017-03,Sussex Police,Sussex Police,-0.206099,50.830611,On or near St Leonard'S Avenue,E01016994,Brighton and Hove 021D,Anti-social behaviour,,
,2017-03,Sussex Police,Sussex Police,-0.205432,50.830601,On or near Erroll Road,E01016994,Brighton and Hove 021D,Anti-social behaviour,,
,2017-03,Sussex Police,Sussex Police,-0.206734,50.831080,On or near St Leonard'S Road,E01016994,Brighton and Hove 021D,Anti-social behaviour,,
,2017-03,Sussex Police,Sussex Police,-0.206396,50.834717,On or near Boundary Road,E01016994,Brighton and Hove 021D,Anti-social behaviour,,
,2017-03,Sussex Police,Sussex Police,-0.207684,50.830393,On or near Seaford Road,E01016994,Brighton and Hove 021D,Anti-social behaviour,,
24983f0b60e2fce5f2db403cf78fb0eadd7561e0af875b7c7f88a009d32c7a32,2017-03,Sussex Police,Sussex Police,-0.205432,50.830601,On or near Erroll Road,E01016994,Brighton and Hove 021D,Bicycle theft,Investigation complete; no suspect identified,
794d32f1b631197d0741d96eaf529f4d50a442df1d0c107a214820aa485fbc45,2017-03,Sussex Police,Sussex Police,-0.204515,50.829319,On or near Petrol Station,E01016994,Brighton and Hove 021D,Other theft,Unable to prosecute suspect,
577c974b4a624479a6919d73ee000daeaead18ee361c051cfc0f24d10fd54814,2017-03,Sussex Police,Sussex Police,-0.204515,50.829319,On or near Petrol Station,E01016994,Brighton and Hove 021D,Other theft,Investigation complete; no suspect identified,
e9453b3b9c39f1fcefbb344124d430b03fa5a4406811346890e05a5574528652,2017-03,Sussex Police,Sussex Police,-0.204515,50.829319,On or near Petrol Station,E01016994,Brighton and Hove 021D,Other theft,Investigation complete; no suspect identified,
85afec65fca45f7b5daeebf8b477c7eba5d6dc85786e1db86e89efd532440f53,2017-03,Sussex Police,Sussex Police,-0.204515,50.829319,On or near Petrol Station,E01016994,Brighton and Hove 021D,Other theft,Investigation complete; no suspect identified,
96cc84ad402ba546995e16d235bccbbcb8193e4f87c0c3a35a9f043a626a4f05,2017-03,Sussex Police,Sussex Police,-0.206396,50.834717,On or near Boundary Road,E01016994,Brighton and Hove 021D,Possession of weapons,Unable to prosecute suspect,
186fbd02fbdd94e1cf39489dbd79de3ae2f75f1fc12e796651c213f7a0bb4f42,2017-03,Sussex Police,Sussex Police,-0.206396,50.834717,On or near Boundary Road,E01016994,Brighton and Hove 021D,Public order,Unable to prosecute suspect,
52179ad2e9a2d08b5337c60f057238fcfd5ce380ce3b78718d92c993f2d4b7be,2017-03,Sussex Police,Sussex Police,-0.204515,50.829319,On or near Petrol Station,E01016994,Brighton and Hove 021D,Shoplifting,Investigation complete; no suspect identified,
6ac60b9e28f25009c3f6aff241d822b1a48fff46f5ff400521d6d575ac092c2d,2017-03,Sussex Police,Sussex Police,-0.204515,50.829319,On or near Petrol Station,E01016994,Brighton and Hove 021D,Shoplifting,Investigation complete; no suspect identified,
926b1981439be47f3a3e00923f5232215a4f44d453c1947327cad9ae9d485c6b,2017-03,Sussex Police,Sussex Police,-0.207110,50.833496,On or near Boundary Road,E01016994,Brighton and Hove 021D,Shoplifting,Investigation complete; no suspect identified,
aade582c42b33486c65f0519faf8345e5a887b1c3d7f2aa8fc8ceffc0d9fbec4,2017-03,Sussex Police,Sussex Police,-0.205432,50.830601,On or near Erroll Road,E01016994,Brighton and Hove 021D,Vehicle crime,Investigation complete; no suspect identified,
34077bc49ea56cd9bd4c31987be61707e2b014158fc2b5ee0f47242113bfae1e,2017-03,Sussex Police,Sussex Police,-0.206396,50.834717,On or near Boundary Road,E01016994,Brighton and Hove 021D,Violence and sexual offences,Court result unavailable,
be5699ba8321b3efe2efee91e1f4bb2bf44d7c50ba43a3e280e8735e49a5c2e4,2017-03,Sussex Police,Sussex Police,-0.206396,50.834717,On or near Boundary Road,E01016994,Brighton and Hove 021D,Violence and sexual offences,Unable to prosecute suspect,
c949f23b1bb05a7235f52b6ddb6d31c85437e41d8d8862a0b81ce2853d2c5705,2017-03,Sussex Police,Sussex Police,-0.206396,50.834717,On or near Boundary Road,E01016994,Brighton and Hove 021D,Violence and sexual offences,Further investigation is not in the public interest,
620b26f9fd87ba0f1d660e90714b3ee4b7a0e7cdfb924e74402b40fbb63db67d,2017-03,Sussex Police,Sussex Police,-0.206134,50.834515,On or near Supermarket,E01016994,Brighton and Hove 021D,Other crime,Investigation complete; no suspect identified,
,2017-03,Sussex Police,Sussex Police,-0.197675,50.834744,On or near Portland Road,E01016997,Brighton and Hove 021E,Anti-social behaviour,,
,2017-03,Sussex Police,Sussex Police,-0.204365,50.833984,On or near Leicester Villas,E01016997,Brighton and Hove 021E,Anti-social behaviour,,
a49e2ebf4bee7c1cff6a839d891c1f5494f4b708da0109ed6d8082f553dd4028,2017-03,Sussex Police,Sussex Police,-0.198842,50.835788,On or near Shopping Area,E01016997,Brighton and Hove 021E,Bicycle theft,Investigation complete; no suspect identified,
f49aa5c42d754d6ca59d8e7e84f6d11ed0f1131c2d4bdb4904b75db020a907ef,2017-03,Sussex Police,Sussex Police,-0.197675,50.834744,On or near Portland Road,E01016997,Brighton and Hove 021E,Bicycle theft,Investigation complete; no suspect identified,
aa5a673d7f7ea85dafe85d24b1d04e92a55d0662d82aee3952245320abb7d7a4,2017-03,Sussex Police,Sussex Police,-0.205510,50.834119,On or near Worcester Villas,E01016997,Brighton and Hove 021E,Other theft,Investigation complete; no suspect identified,
b16f39088e33f5419bdce5e06dc12e51c592c5e76096e9fae013a990c7e93b34,2017-03,Sussex Police,Sussex Police,-0.198842,50.835788,On or near Shopping Area,E01016997,Brighton and Hove 021E,Other theft,Investigation complete; no suspect identified,
41895189a86ae27b5cc2abc8d0effe93a35c1261bc1e040c3f886e3de6711795,2017-03,Sussex Police,Sussex Police,-0.205455,50.835548,On or near Parking Area,E01016997,Brighton and Hove 021E,Possession of weapons,Unable to prosecute suspect,
b0cfc8cb5779f9cc44e8edf481fa85cde19e5e3d15a12a8309c226599c118158,2017-03,Sussex Police,Sussex Police,-0.205455,50.835548,On or near Parking Area,E01016997,Brighton and Hove 021E,Violence and sexual offences,Offender given conditional discharge,
6840eddc45b2c1d1e86d5cda3e11b659cbdbd315f61624b9e6c6ae992bd0f08e,2017-03,Sussex Police,Sussex Police,-0.198876,50.833792,On or near Rothbury Road,E01016997,Brighton and Hove 021E,Violence and sexual offences,Unable to prosecute suspect,
,2017-03,Sussex Police,Sussex Police,-0.121695,50.832988,On or near Whippingham Road,E01016889,Brighton and Hove 022A,Anti-social behaviour,,
,2017-03,Sussex Police,Sussex Police,-0.124896,50.834245,On or near Franklin Street,E01016889,Brighton and Hove 022A,Anti-social behaviour,,
bb32cb2eb28e6216ab929e7718e60589bb691fa73f4d4465bf90cdd083b7e700,2017-03,Sussex Police,Sussex Police,-0.125140,50.833475,On or near Franklin Road,E01016889,Brighton and Hove 022A,Criminal damage and arson,Status update unavailable,
6838e54ed17c79182f7d231a9419180e3b8e56513874131d7e3d670615034c49,2017-03,Sussex Police,Sussex Police,-0.121695,50.832988,On or near Whippingham Road,E01016889,Brighton and Hove 022A,Criminal damage and arson,Investigation complete; no suspect identified,
89ded2dd2825ba3388a0195339172cd7a3b79f28ae797dc01d9785353d9df973,2017-03,Sussex Police,Sussex Police,-0.125140,50.833475,On or near Franklin Road,E01016889,Brighton and Hove 022A,Criminal damage and arson,Investigation complete; no suspect identified,
8744bd58f87cbbc70d20a4bfd0626bc48ee53f8c7c8d044c665834a297073f9b,2017-03,Sussex Police,Sussex Police,-0.121695,50.832988,On or near Whippingham Road,E01016889,Brighton and Hove 022A,Criminal damage and arson,Investigation complete; no suspect identified,
2442522091f0405568b87740da8da643b1608971fb516583c739a3711b2402ed,2017-03,Sussex Police,Sussex Police,-0.125140,50.833475,On or near Franklin Road,E01016889,Brighton and Hove 022A,Vehicle crime,Investigation complete; no suspect identified,
ec5abc176bad9b5663ce4116820e8119c1e6fc1c22b35e24e6d165be476b739d,2017-03,Sussex Police,Sussex Police,-0.122569,50.833137,On or near Bonchurch Road,E01016889,Brighton and Hove 022A,Vehicle crime,Investigation complete; no suspect identified,
db372287601d76ad4e71a4d6b674e28cf2c05846f5b66240ec6c2923ac3ad41b,2017-03,Sussex Police,Sussex Police,-0.121695,50.832988,On or near Whippingham Road,E01016889,Brighton and Hove 022A,Violence and sexual offences,Unable to prosecute suspect,
b2b1f13ead26a5c1da881f4267270f771a3116f98c0497702257f5fc283b59f2,2017-03,Sussex Police,Sussex Police,-0.122569,50.833137,On or near Bonchurch Road,E01016889,Brighton and Hove 022A,Violence and sexual offences,Further investigation is not in the public interest,
bb0179bbb4d48a746c9b547af433b427db74bc7bf7c0f41f28a1f48dea1fb9f3,2017-03,Sussex Police,Sussex Police,-0.124326,50.833597,On or near Picton Street,E01016889,Brighton and Hove 022A,Violence and sexual offences,Unable to prosecute suspect,
61ad13919d668f3c9d42282ddc38f348081c0861496fe76d5a4bf5d3730b2a98,2017-03,Sussex Police,Sussex Police,-0.122569,50.833137,On or near Bonchurch Road,E01016889,Brighton and Hove 022A,Violence and sexual offences,Further investigation is not in the public interest,
,2017-03,Sussex Police,Sussex Police,-0.126889,50.832712,On or near Wellington Road,E01016891,Brighton and Hove 022B,Anti-social behaviour,,
,2017-03,Sussex Police,Sussex Police,-0.126889,50.832712,On or near Wellington Road,E01016891,Brighton and Hove 022B,Anti-social behaviour,,
72b0b68e1d26990e59a91b6fae0eb36418d04a6d60353626376be72906c403f9,2017-03,Sussex Police,Sussex Police,-0.121214,50.835049,On or near Hartington Place,E01016891,Brighton and Hove 022B,Bicycle theft,Investigation complete; no suspect identified,
9df889fd774f56c63d5bc9bb54a933e58d70a37718a5a838aa57ed67ad4a2c3b,2017-03,Sussex Police,Sussex Police,-0.127748,50.831476,On or near Milton Road,E01016891,Brighton and Hove 022B,Burglary,Unable to prosecute suspect,
8044f2b9dc23786c7f6f56e9d9e81dfda434bf0b44f64b0c2f71815a049de662,2017-03,Sussex Police,Sussex Police,-0.127748,50.831476,On or near Milton Road,E01016891,Brighton and Hove 022B,Burglary,Investigation complete; no suspect identified,
d305a79d73ecbb704e04335377e3d6864c3022222a64289e002390dcb7793e9b,2017-03,Sussex Police,Sussex Police,-0.126889,50.832712,On or near Wellington Road,E01016891,Brighton and Hove 022B,Other theft,Unable to prosecute suspect,
dbdef3f829facaad387c8b5930c73c3dce3190e2eb19aca8a45fa28b0e72e21c,2017-03,Sussex Police,Sussex Police,-0.120427,50.834856,On or near Hartington Terrace,E01016891,Brighton and Hove 022B,Other theft,Investigation complete; no suspect identified,
e631ed911782dc25faeefe3ad9c5448b708d2dd4a821700cb436e169c0e775df,2017-03,Sussex Police,Sussex Police,-0.126889,50.832712,On or near Wellington Road,E01016891,Brighton and Hove 022B,Violence and sexual offences,Status update unavailable,
325fda3db9ec0f4186f7030318efb62a732df785c936d1b403c8dd1b88a385e6,2017-03,Sussex Police,Sussex Police,-0.120331,50.834055,On or near Hartington Road,E01016891,Brighton and Hove 022B,Violence and sexual offences,Unable to prosecute suspect,
,2017-03,Sussex Police,Sussex Police,-0.131701,50.828850,On or near Newhaven Street,E01016894,Brighton and Hove 022C,Anti-social behaviour,,
,2017-03,Sussex Police,Sussex Police,-0.132343,50.828779,On or near Phoenix Rise,E01016894,Brighton and Hove 022C,Anti-social behaviour,,
,2017-03,Sussex Police,Sussex Police,-0.134175,50.828791,On or near Waterloo Place,E01016894,Brighton and Hove 022C,Anti-social behaviour,,
,2017-03,Sussex Police,Sussex Police,-0.132470,50.829150,On or near Tamplin Terrace,E01016894,Brighton and Hove 022C,Anti-social behaviour,,
,2017-03,Sussex Police,Sussex Police,-0.129095,50.830121,On or near Coleman Street,E01016894,Brighton and Hove 022C,Anti-social behaviour,,
f101330c935d7de6fb41e99cf58e67da65c5036c86230b8798ab979da17946e6,2017-03,Sussex Police,Sussex Police,-0.132979,50.829203,On or near Malthouse Lane,E01016894,Brighton and Hove 022C,Criminal damage and arson,Status update unavailable,
10e4d42c23e9739c2a3a35c10e23002ad1f0024a3dde4562400b785231e88f99,2017-03,Sussex Police,Sussex Police,-0.134013,50.828923,On or near Waterloo Place,E01016894,Brighton and Hove 022C,Other theft,Investigation complete; no suspect identified,
b8ff2b3dfca03cff5e4da44a39433e013aaa91bd79f67b101563e3b95069f64a,2017-03,Sussex Police,Sussex Police,-0.129506,50.831558,On or near Hanover Mews,E01016894,Brighton and Hove 022C,Other theft,Unable to prosecute suspect,
a2004b2aea599547f7aee16a4acc34ab3749e5591b1612ceaf8c0ad8474eee88,2017-03,Sussex Police,Sussex Police,-0.134013,50.828923,On or near Waterloo Place,E01016894,Brighton and Hove 022C,Public order,Investigation complete; no suspect identified,
3f87a14b23a8ab86e2eb63d6fac8878dd748deb8c8fd84102483ed3939fc17e3,2017-03,Sussex Police,Sussex Police,-0.132470,50.829150,On or near Tamplin Terrace,E01016894,Brighton and Hove 022C,Public order,Investigation complete; no suspect identified,
763f6c65da27bc571f66275d3f36fdd9525c889379976f935aa0ee1caefd1b65,2017-03,Sussex Police,Sussex Police,-0.134013,50.828923,On or near Waterloo Place,E01016894,Brighton and Hove 022C,Theft from the person,Unable to prosecute suspect,
87328f438d6d5914dd325289c6e0f0b5439d18bd530b4cbdcdb4f9acdc94f417,2017-03,Sussex Police,Sussex Police,-0.133444,50.828941,On or near Phoenix Place,E01016894,Brighton and Hove 022C,Vehicle crime,Unable to prosecute suspect,
6325c25c8474957dee6154291b0b7763bbd5de172fd00dce87291a94ce143b6d,2017-03,Sussex Police,Sussex Police,-0.129941,50.830621,On or near Hanover Street,E01016894,Brighton and Hove 022C,Vehicle crime,Investigation complete; no suspect identified,
21dbd697523f9b94b24759d23d79a62fc73ab97d3729b4ef39d83177503c9378,2017-03,Sussex Police,Sussex Police,-0.134013,50.828923,On or near Waterloo Place,E01016894,Brighton and Hove 022C,Violence and sexual offences,Unable to prosecute suspect,
da65d05b3160a03dc3354e26fc521cb1f6fd3056454f883c721cc364e9db0246,2017-03,Sussex Police,Sussex Police,-0.132470,50.829150,On or near Tamplin Terrace,E01016894,Brighton and Hove 022C,Violence and sexual offences,Further investigation is not in the public interest,
38021d7b43bc3176f7c114fd685f4c7d4888c98446c70eaf1e9d2c4f249d945f,2017-03,Sussex Police,Sussex Police,-0.132470,50.829150,On or near Tamplin Terrace,E01016894,Brighton and Hove 022C,Violence and sexual offences,Investigation complete; no suspect identified,
65d1f38eb7d9549db272767b30b3a762e36e1c57bc591da1de0fb3573950762b,2017-03,Sussex Police,Sussex Police,-0.134175,50.828791,On or near Waterloo Place,E01016894,Brighton and Hove 022C,Violence and sexual offences,Unable to prosecute suspect,
3c6d59fe6d65ec4afa4a31b4fa594b8488ea4070a2e747600caa6c633518bc4a,2017-03,Sussex Police,Sussex Police,-0.134013,50.828923,On or near Waterloo Place,E01016894,Brighton and Hove 022C,Violence and sexual offences,Unable to prosecute suspect,
b43c2211be9db0f54b9d53a8b55f8243acae02895aa511bc4993bffb13d075d2,2017-03,Sussex Police,Sussex Police,-0.134175,50.828791,On or near Waterloo Place,E01016894,Brighton and Hove 022C,Violence and sexual offences,Unable to prosecute suspect,
93f159824cde65f629c0735d13e4dedacbd694267c6ef35f1693f097764902f7,2017-03,Sussex Police,Sussex Police,-0.132470,50.829150,On or near Tamplin Terrace,E01016894,Brighton and Hove 022C,Violence and sexual offences,Further investigation is not in the public interest,
8f99b224e31ec7c856cdb6bc05a3ca95bb2392352a1b55b5dace0120bd28998c,2017-03,Sussex Police,Sussex Police,-0.134013,50.828923,On or near Waterloo Place,E01016894,Brighton and Hove 022C,Other crime,Court result unavailable,
,2017-03,Sussex Police,Sussex Police,-0.130597,50.829120,On or near Lewes Street,E01016896,Brighton and Hove 022D,Anti-social behaviour,,
,2017-03,Sussex Police,Sussex Police,-0.130597,50.829120,On or near Lewes Street,E01016896,Brighton and Hove 022D,Anti-social behaviour,,
,2017-03,Sussex Police,Sussex Police,-0.125979,50.830962,On or near Hampden Road,E01016896,Brighton and Hove 022D,Anti-social behaviour,,
431e382781166f1a0eb0d0559e94f652bb9dd8c24cae44419b715741863cf7c2,2017-03,Sussex Police,Sussex Police,-0.130597,50.829120,On or near Lewes Street,E01016896,Brighton and Hove 022D,Criminal damage and arson,Investigation complete; no suspect identified,
bc427c9e3593409ef61aca0ca3a31f9d800037910645dc632cdf0e5423aa0f44,2017-03,Sussex Police,Sussex Police,-0.129285,50.828542,On or near Southover Street,E01016896,Brighton and Hove 022D,Criminal damage and arson,Unable to prosecute suspect,
3a21c63a9aecbde1e3b3b8f11b05a49ec3d18bd397748521b66d75ba934cf21c,2017-03,Sussex Police,Sussex Police,-0.126409,50.830150,On or near Islingword Road,E01016896,Brighton and Hove 022D,Other theft,Investigation complete; no suspect identified,
6deed473221e551d0188c9ddcec082ab0a726dd87277755cbac1df6f3f8de792,2017-03,Sussex Police,Sussex Police,-0.129285,50.828542,On or near Southover Street,E01016896,Brighton and Hove 022D,Theft from the person,Investigation complete; no suspect identified,
93c02b5c86256bd89942be0f6d9a3211cdbc088819cb173bed5c16a75dde1fd7,2017-03,Sussex Police,Sussex Police,-0.126864,50.831210,On or near Howard Road,E01016896,Brighton and Hove 022D,Vehicle crime,Investigation complete; no suspect identified,
,2017-03,Sussex Police,Sussex Police,-0.126763,50.828051,On or near Finsbury Road,E01016897,Brighton and Hove 022E,Anti-social behaviour,,
7daaf024a32b701c1d1dd9e153fe3927bcf86f41721988474c0d9c3843d9af95,2017-03,Sussex Police,Sussex Police,-0.126763,50.828051,On or near Finsbury Road,E01016897,Brighton and Hove 022E,Criminal damage and arson,Unable to prosecute suspect,
c689850eb480788af3e4885cbf91aefb1a4b2b4d85a1d1c5fe74b46d84e98b05,2017-03,Sussex Police,Sussex Police,-0.126763,50.828051,On or near Finsbury Road,E01016897,Brighton and Hove 022E,Other theft,Investigation complete; no suspect identified,
b7bf681ff2eb9bf2f7f2225a636ab0ebfaf1b44c90b3f9c7641a6112cf584359,2017-03,Sussex Police,Sussex Police,-0.126763,50.828051,On or near Finsbury Road,E01016897,Brighton and Hove 022E,Violence and sexual offences,Unable to prosecute suspect,
29f8854d8c90579c520ea7c5e28528798cc9657a09352d3ff9568d528da3e987,2017-03,Sussex Police,Sussex Police,-0.128589,50.827136,On or near Quebec Street,E01016897,Brighton and Hove 022E,Violence and sexual offences,Unable to prosecute suspect,
,2017-03,Sussex Police,Sussex Police,-0.188383,50.832640,On or near Reynolds Road,E01016987,Brighton and Hove 023A,Anti-social behaviour,,
eba070e5098fd15d15fb9dfe76dacdbc8c849b690b87e0ec5fdb174a20e59d23,2017-03,Sussex Police,Sussex Police,-0.188383,50.832640,On or near Reynolds Road,E01016987,Brighton and Hove 023A,Criminal damage and arson,Offender given a caution,
07c0fe3690b4db19e54e8883eaec5cb9f401996cb4e02c7ff8c2bf0ed744ff86,2017-03,Sussex Police,Sussex Police,-0.182421,50.832592,On or near Westbourne Grove,E01016987,Brighton and Hove 023A,Other theft,Investigation complete; no suspect identified,
a965840e35492f723d543f35c8ac207bfb2efc97e0eddc0e033af0dae2494804,2017-03,Sussex Police,Sussex Police,-0.183196,50.831282,On or near Westbourne Gardens,E01016987,Brighton and Hove 023A,Vehicle crime,Investigation complete; no suspect identified,
15e6522e57ce66c1b2021666f7af3bfb4f93ef9ace619a4f8cdf825ad047da51,2017-03,Sussex Police,Sussex Police,-0.182421,50.832592,On or near Westbourne Grove,E01016987,Brighton and Hove 023A,Vehicle crime,Investigation complete; no suspect identified,
,2017-03,Sussex Police,Sussex Police,-0.188002,50.828173,On or near Carlisle Road,E01016989,Brighton and Hove 023B,Anti-social behaviour,,
,2017-03,Sussex Police,Sussex Police,-0.189177,50.828290,On or near Langdale Road,E01016989,Brighton and Hove 023B,Anti-social behaviour,,
,2017-03,Sussex Police,Sussex Police,-0.188002,50.828173,On or near Carlisle Road,E01016989,Brighton and Hove 023B,Anti-social behaviour,,
f489fb876fa5c376093c9613c4a9f9974ed8924d6bbc49cc2827e49b845128f8,2017-03,Sussex Police,Sussex Police,-0.186744,50.828046,On or near Walsingham Road,E01016989,Brighton and Hove 023B,Bicycle theft,Investigation complete; no suspect identified,
4bc3da5b3bdab746d39651312ff22d62cd84b7b7f7d24163dd4ea649274055e5,2017-03,Sussex Police,Sussex Police,-0.191386,50.827713,On or near Braemore Road,E01016989,Brighton and Hove 023B,Burglary,Unable to prosecute suspect,
762f868e15df78aaca1df49966bdbb9cfdce6cc252fc913d031ae9c8cbd88fe9,2017-03,Sussex Police,Sussex Police,-0.189177,50.828290,On or near Langdale Road,E01016989,Brighton and Hove 023B,Public order,Unable to prosecute suspect,
44b80c433c5867b92f9afd834c4ac897f079023d7392b05dc27df916e3512526,2017-03,Sussex Police,Sussex Police,-0.191386,50.827713,On or near Braemore Road,E01016989,Brighton and Hove 023B,Vehicle crime,Investigation complete; no suspect identified,
ee27f18010dd2c9d48ccab9cc1ba52e9bf3e132336ba68abd4143d40aba40a35,2017-03,Sussex Police,Sussex Police,-0.190152,50.828413,On or near Langdale Gardens,E01016989,Brighton and Hove 023B,Vehicle crime,Status update unavailable,
46f646ce8c3c23092f2cf92340b530530cde0b92640557137b589f109ae4d329,2017-03,Sussex Police,Sussex Police,-0.185443,50.827900,On or near Sackville Gardens,E01016989,Brighton and Hove 023B,Violence and sexual offences,Investigation complete; no suspect identified,
2654917986d9071539e763da5e5f83026526d1cc9c4b17c71f7130b3b3d5d79c,2017-03,Sussex Police,Sussex Police,-0.185443,50.827900,On or near Sackville Gardens,E01016989,Brighton and Hove 023B,Violence and sexual offences,Investigation complete; no suspect identified,
024e1536f24dd2b7549dae9ef47ee2f7bbca9e9373949cc20324d96c1c5fdadd,2017-03,Sussex Police,Sussex Police,-0.186744,50.828046,On or near Walsingham Road,E01016989,Brighton and Hove 023B,Violence and sexual offences,Action to be taken by another organisation,
4ef91bce91f6a440379ab5357c935c7f8dc501efd3c0f900cf59aafa6875d729,2017-03,Sussex Police,Sussex Police,-0.185443,50.827900,On or near Sackville Gardens,E01016989,Brighton and Hove 023B,Violence and sexual offences,Investigation complete; no suspect identified,
8d2532570a40ba551e71f6f45471281a03910baee516ecc758583219569c25df,2017-03,Sussex Police,Sussex Police,-0.185443,50.827900,On or near Sackville Gardens,E01016989,Brighton and Hove 023B,Violence and sexual offences,Investigation complete; no suspect identified,
6c11b0079d49c84b69c07d2b097ecd8c6e41a75cba77711eb9c2ecb440c7191e,2017-03,Sussex Police,Sussex Police,-0.185443,50.827900,On or near Sackville Gardens,E01016989,Brighton and Hove 023B,Violence and sexual offences,Investigation complete; no suspect identified,
b938c7bff523fc9694e58a79381ce639f66d27532e97b63bb609220d4ddf2d0f,2017-03,Sussex Police,Sussex Police,-0.185443,50.827900,On or near Sackville Gardens,E01016989,Brighton and Hove 023B,Violence and sexual offences,Investigation complete; no suspect identified,
1672b382de88eedbdd0cf31e4bac584070cbd8e0b3a280f42bfffb4a0bd069f6,2017-03,Sussex Police,Sussex Police,-0.188002,50.828173,On or near Carlisle Road,E01016989,Brighton and Hove 023B,Other crime,Investigation complete; no suspect identified,
37d80f3c033d4f63f640d6e4191705ed8c3dd61d19c2f3cd9042f1816449d3ee,2017-03,Sussex Police,Sussex Police,-0.191386,50.827713,On or near Braemore Road,E01016989,Brighton and Hove 023B,Other crime,Action to be taken by another organisation,
,2017-03,Sussex Police,Sussex Police,-0.194172,50.833152,On or near Woodhouse Road,E01016993,Brighton and Hove 023C,Anti-social behaviour,,
21b1e974aa03903e27cd85679dda9c4edb5c90c845a0ebc043a146376ab40962,2017-03,Sussex Police,Sussex Police,-0.196131,50.834999,On or near Ingram Crescent,E01016993,Brighton and Hove 023C,Bicycle theft,Investigation complete; no suspect identified,
63622de3d802b5b225f8be0fc6f68c7277b95fbbf6afafeba1cb5a19062c80a7,2017-03,Sussex Police,Sussex Police,-0.191890,50.835230,On or near Bolsover Road,E01016993,Brighton and Hove 023C,Criminal damage and arson,Court result unavailable,
221ed611fc5cf23708b530757399b9195210d0c2b5c9f85b94ce3d4a1a135e6e,2017-03,Sussex Police,Sussex Police,-0.196131,50.834999,On or near Ingram Crescent,E01016993,Brighton and Hove 023C,Criminal damage and arson,Court result unavailable,
2c9accaea6d7de45761ef0ec813f383203b01eefbd976b8f6da991a29b467853,2017-03,Sussex Police,Sussex Police,-0.193096,50.835267,On or near Ingram Crescent East,E01016993,Brighton and Hove 023C,Other theft,Investigation complete; no suspect identified,
43c45649979d17e281f29706dd11650e4c7c51ad10a720ad7a990eb70eeacc09,2017-03,Sussex Police,Sussex Police,-0.196131,50.834999,On or near Ingram Crescent,E01016993,Brighton and Hove 023C,Public order,Offender fined,
51b35a9014c428fe6a9e23dbf4fea65022d24643fee3de48e48b5cf1330806d7,2017-03,Sussex Police,Sussex Police,-0.191890,50.835230,On or near Bolsover Road,E01016993,Brighton and Hove 023C,Violence and sexual offences,Unable to prosecute suspect,
2ea77fd564d6ca81bc6bbd399b6add9f651431f58ef859fb14cfbb417994bdc5,2017-03,Sussex Police,Sussex Police,-0.195535,50.835377,On or near Ingram Crescent West,E01016993,Brighton and Hove 023C,Violence and sexual offences,Unable to prosecute suspect,
dd22a7879bbdeaba5efe1dac32ea623782631111499c7a989ccdf64e777031e3,2017-03,Sussex Police,Sussex Police,-0.195535,50.835377,On or near Ingram Crescent West,E01016993,Brighton and Hove 023C,Violence and sexual offences,Unable to prosecute suspect,
c6ca3b6d5ac9e1ef4ff597154ccea10dba1917a63bf9fca61e4b3b32e2e684d5,2017-03,Sussex Police,Sussex Police,-0.193096,50.835267,On or near Ingram Crescent East,E01016993,Brighton and Hove 023C,Violence and sexual offences,Unable to prosecute suspect,
5559fc71fe009a70955e137752111e0bc78a4e66360eb3d4cc0717883e8b9494,2017-03,Sussex Police,Sussex Police,-0.196131,50.834999,On or near Ingram Crescent,E01016993,Brighton and Hove 023C,Violence and sexual offences,Court result unavailable,
,2017-03,Sussex Police,Sussex Police,-0.196500,50.829123,On or near Marine Avenue,E01016995,Brighton and Hove 023D,Anti-social behaviour,,
,2017-03,Sussex Police,Sussex Police,-0.191141,50.828519,On or near Braemore Road,E01016995,Brighton and Hove 023D,Anti-social behaviour,,
d607909b627a347c763fce5aa6a10ece50f9be8cf51773fdb09b6133093e81ba,2017-03,Sussex Police,Sussex Police,-0.190866,50.833074,On or near St Heliers Avenue,E01016995,Brighton and Hove 023D,Public order,Further investigation is not in the public interest,
0d425c0cdc5b5732bd8e1a16e347c04327538a6c7f57a35108b246032aac1df5,2017-03,Sussex Police,Sussex Police,-0.190866,50.833074,On or near St Heliers Avenue,E01016995,Brighton and Hove 023D,Public order,Further investigation is not in the public interest,
878f59fc69c22a80e1fbcd77f1b713a261964469c7365ed6fb485a865a40a906,2017-03,Sussex Police,Sussex Police,-0.190866,50.833074,On or near St Heliers Avenue,E01016995,Brighton and Hove 023D,Public order,Court result unavailable,
da090a907a0227f1942022369244ec75aaac938517562b815f928cd8078a65a4,2017-03,Sussex Police,Sussex Police,-0.190866,50.833074,On or near St Heliers Avenue,E01016995,Brighton and Hove 023D,Shoplifting,Unable to prosecute suspect,
2767fce8e67f99f3d46c9927df931877e42e34ace775a231aa7e04bad76f07f0,2017-03,Sussex Police,Sussex Police,-0.190866,50.833074,On or near St Heliers Avenue,E01016995,Brighton and Hove 023D,Shoplifting,Further investigation is not in the public interest,
beb1eae22c3dc49ef30aa2162a3fc9a9c591a5d05844b541e191d996afced697,2017-03,Sussex Police,Sussex Police,-0.190866,50.833074,On or near St Heliers Avenue,E01016995,Brighton and Hove 023D,Vehicle crime,Unable to prosecute suspect,
c1b861d31e1029135854f1ad1cec1b68d58b9d6034e5cd81649a06aa5bd2ad30,2017-03,Sussex Police,Sussex Police,-0.190866,50.833074,On or near St Heliers Avenue,E01016995,Brighton and Hove 023D,Vehicle crime,Investigation complete; no suspect identified,
cbd95a0f1758106efda419ce5b19e2c14c9e2d0c7fecc41dd7e4e691219ee5da,2017-03,Sussex Police,Sussex Police,-0.190448,50.830666,On or near Hogarth Road,E01016995,Brighton and Hove 023D,Violence and sexual offences,Further investigation is not in the public interest,
,2017-03,Sussex Police,Sussex Police,-0.150651,50.836230,On or near Port Hall Road,E01016938,Brighton and Hove 024A,Anti-social behaviour,,
35f7ce9b4f586c0c3e3ca790691e96d3b3a06966881185c04dbb6097894cf235,2017-03,Sussex Police,Sussex Police,-0.147385,50.833345,On or near Old Shoreham Road,E01016938,Brighton and Hove 024A,Burglary,Investigation complete; no suspect identified,
782b58a55ba8a04b7ca9f7e9869932ac4932c1ca79ea23d82fdf043e2f7e9988,2017-03,Sussex Police,Sussex Police,-0.150651,50.836230,On or near Port Hall Road,E01016938,Brighton and Hove 024A,Criminal damage and arson,Investigation complete; no suspect identified,
ca3e9622744f127cffd350b85675d5c147a4f65be78e783c411ac26992ec57d8,2017-03,Sussex Police,Sussex Police,-0.147385,50.833345,On or near Old Shoreham Road,E01016938,Brighton and Hove 024A,Criminal damage and arson,Investigation complete; no suspect identified,
333dac9d01b56cd93662764b2518f88002e14c3642c85148894192038eb1a8a4,2017-03,Sussex Police,Sussex Police,-0.147385,50.833345,On or near Old Shoreham Road,E01016938,Brighton and Hove 024A,Public order,Status update unavailable,
eb30b3f035056bf8698a226cafde943c4171d3af2b638a05609c8d66ac1a9e59,2017-03,Sussex Police,Sussex Police,-0.147385,50.833345,On or near Old Shoreham Road,E01016938,Brighton and Hove 024A,Other crime,Local resolution,
,2017-03,Sussex Police,Sussex Police,-0.150764,50.828326,On or near Denmark Terrace,E01016950,Brighton and Hove 024B,Anti-social behaviour,,
811e130c0beeb5d1f1bcbeebdce1f8a37d0ee073f8f877531e30f3b269793e97,2017-03,Sussex Police,Sussex Police,-0.147331,50.827175,On or near Powis Grove,E01016950,Brighton and Hove 024B,Criminal damage and arson,Investigation complete; no suspect identified,
7a3bb9c87441cd2135acd34e10e7c9a0668cd5b85e192cfb972a5661ea3604a3,2017-03,Sussex Police,Sussex Police,-0.147331,50.827175,On or near Powis Grove,E01016950,Brighton and Hove 024B,Criminal damage and arson,Investigation complete; no suspect identified,
1130688ab62eba37dd15796911cfaaa18b61276152f38f0b59fc37ff3ad7cc55,2017-03,Sussex Police,Sussex Police,-0.148164,50.828015,On or near Clifton Hill,E01016950,Brighton and Hove 024B,Drugs,Status update unavailable,
c180518a3dfe236b92cdfc45a18d1c6d804e9a0fc2f0cce9e837d9f6c6699f14,2017-03,Sussex Police,Sussex Police,-0.149224,50.827771,On or near Powis Road,E01016950,Brighton and Hove 024B,Violence and sexual offences,Unable to prosecute suspect,
cc6908aa664569caea7d802cb8758c9d2691aee7a8584a810966ed75aa0da1bd,2017-03,Sussex Police,Sussex Police,-0.147965,50.827302,On or near Powis Villas,E01016950,Brighton and Hove 024B,Violence and sexual offences,Unable to prosecute suspect,
,2017-03,Sussex Police,Sussex Police,-0.150213,50.830053,On or near Windlesham Gardens,E01016951,Brighton and Hove 024C,Anti-social behaviour,,
,2017-03,Sussex Police,Sussex Police,-0.152984,50.826428,On or near Montpelier Place,E01016951,Brighton and Hove 024C,Anti-social behaviour,,
,2017-03,Sussex Police,Sussex Police,-0.150924,50.829309,On or near Windlesham Avenue,E01016951,Brighton and Hove 024C,Anti-social behaviour,,
,2017-03,Sussex Police,Sussex Police,-0.152984,50.826428,On or near Montpelier Place,E01016951,Brighton and Hove 024C,Anti-social behaviour,,
,2017-03,Sussex Police,Sussex Police,-0.153804,50.825793,On or near Borough Street,E01016951,Brighton and Hove 024C,Anti-social behaviour,,
,2017-03,Sussex Police,Sussex Police,-0.152984,50.826428,On or near Montpelier Place,E01016951,Brighton and Hove 024C,Anti-social behaviour,,
049076542ac3214b06c04e74d886c52aa4c0fc3cc7c4f67f849af1be2fceadc9,2017-03,Sussex Police,Sussex Police,-0.150924,50.829309,On or near Windlesham Avenue,E01016951,Brighton and Hove 024C,Criminal damage and arson,Local resolution,
b06612fd828768932327081769c8c5cb4e0fb569b92f2003250ecd6a0034c483,2017-03,Sussex Police,Sussex Police,-0.148736,50.830785,On or near Goldsmid Road,E01016951,Brighton and Hove 024C,Other theft,Investigation complete; no suspect identified,
8f962c895e691a4020ae8746b7ec26d1e4ebf7d7587a1f7c431e8c274cc3b29a,2017-03,Sussex Police,Sussex Police,-0.154367,50.825901,On or near Norfolk Road,E01016951,Brighton and Hove 024C,Other theft,Investigation complete; no suspect identified,
be09694f0256c2b2803867d6d2ee6fc9025d15a6ee234295d69e2ba4631d826c,2017-03,Sussex Police,Sussex Police,-0.152984,50.826428,On or near Montpelier Place,E01016951,Brighton and Hove 024C,Public order,Investigation complete; no suspect identified,
67e9c917a8c9d07dd03668758a9fc0d4ad68fe7016b712fa95b1a22360cf9eeb,2017-03,Sussex Police,Sussex Police,-0.153804,50.825793,On or near Borough Street,E01016951,Brighton and Hove 024C,Vehicle crime,Investigation complete; no suspect identified,
2dfdb8e50d84b078e3cbf11fff4110760b77518a8a6eb78431ad6f21a6742eb0,2017-03,Sussex Police,Sussex Police,-0.153484,50.827407,On or near Norfolk Terrace,E01016951,Brighton and Hove 024C,Violence and sexual offences,Investigation complete; no suspect identified,
81ff3a7f8d1f2e846c2e8fc2aca8148fa00e900f90172645e09d5d49f6954ba0,2017-03,Sussex Police,Sussex Police,-0.152984,50.826428,On or near Montpelier Place,E01016951,Brighton and Hove 024C,Violence and sexual offences,Unable to prosecute suspect,
429a7c0e7514d0854757d63509baa6a31b4680225e14bde5c21811bce480a80c,2017-03,Sussex Police,Sussex Police,-0.149334,50.830741,On or near Windlesham Gardens,E01016951,Brighton and Hove 024C,Violence and sexual offences,Unable to prosecute suspect,
5cdccc07b8ad7fccd39d80452aeb64db7c2461ddcab7c77d2b2fb5699edd6310,2017-03,Sussex Police,Sussex Police,-0.152053,50.828787,On or near Windlesham Road,E01016951,Brighton and Hove 024C,Violence and sexual offences,Investigation complete; no suspect identified,
81d43e129a5b5ab0a7f4419698994518238c3d2c66b837b95d962fab6c6c0a3a,2017-03,Sussex Police,Sussex Police,-0.153484,50.827407,On or near Norfolk Terrace,E01016951,Brighton and Hove 024C,Violence and sexual offences,Unable to prosecute suspect,
,2017-03,Sussex Police,Sussex Police,-0.146562,50.830454,On or near Bath Street,E01016967,Brighton and Hove 024D,Anti-social behaviour,,
,2017-03,Sussex Police,Sussex Police,-0.145281,50.831261,On or near Bath Street,E01016967,Brighton and Hove 024D,Anti-social behaviour,,
,2017-03,Sussex Police,Sussex Police,-0.146562,50.830454,On or near Bath Street,E01016967,Brighton and Hove 024D,Anti-social behaviour,,
,2017-03,Sussex Police,Sussex Police,-0.146562,50.830454,On or near Bath Street,E01016967,Brighton and Hove 024D,Anti-social behaviour,,
,2017-03,Sussex Police,Sussex Police,-0.146562,50.830454,On or near Bath Street,E01016967,Brighton and Hove 024D,Anti-social behaviour,,
,2017-03,Sussex Police,Sussex Police,-0.145281,50.831261,On or near Bath Street,E01016967,Brighton and Hove 024D,Anti-social behaviour,,
07049d1da3ac31cc69416aa3b9644d8f59d2f5c4740160a02029cc7eaa21c03b,2017-03,Sussex Police,Sussex Police,-0.144508,50.829612,On or near West Hill Place,E01016967,Brighton and Hove 024D,Bicycle theft,Investigation complete; no suspect identified,
15e6cb34ba66a533312cf643391d86bd53dbd70aeede6d75f3c237d4866b3acd,2017-03,Sussex Police,Sussex Police,-0.146562,50.830454,On or near Bath Street,E01016967,Brighton and Hove 024D,Bicycle theft,Investigation complete; no suspect identified,
e2cb20404909ccfaa36c13dd4f7ee2a134e1c6516b5f6141967c0a9ed00779b9,2017-03,Sussex Police,Sussex Police,-0.145651,50.830152,On or near Compton Avenue,E01016967,Brighton and Hove 024D,Bicycle theft,Investigation complete; no suspect identified,
ab28d9e9c13377d25088445b773d93cc68be3447b7a7cb959eed5f7e11c29729,2017-03,Sussex Police,Sussex Police,-0.142546,50.830741,On or near Howard Place,E01016967,Brighton and Hove 024D,Burglary,Investigation complete; no suspect identified,
2a37ce37104616b1a7ed17ede1ede0122dca5f65cb8832a204303efc92c3de8b,2017-03,Sussex Police,Sussex Police,-0.147119,50.830013,On or near Dyke Road,E01016967,Brighton and Hove 024D,Burglary,Offender sent to prison,
e11ce3b2e71bd3156f087e2aa3d9dbfd54b05ff34dc44f7a982d477bd15050f7,2017-03,Sussex Police,Sussex Police,-0.147119,50.830013,On or near Dyke Road,E01016967,Brighton and Hove 024D,Burglary,Investigation complete; no suspect identified,
43fa9fc11d9e7fd3bc67d81c683a6cf2a436380236908859e74f0cdd3072851b,2017-03,Sussex Police,Sussex Police,-0.146562,50.830454,On or near Bath Street,E01016967,Brighton and Hove 024D,Public order,Unable to prosecute suspect,
c94c2a400e8acfc5c2d49aa7c445b2abf1d0c02328fa12450cdf65f8669c695d,2017-03,Sussex Police,Sussex Police,-0.147206,50.830680,On or near Supermarket,E01016967,Brighton and Hove 024D,Shoplifting,Investigation complete; no suspect identified,
79d4e71d70962eeeaecdecdd1c25e6d34c430063a5db4663e6d353a44fb645bd,2017-03,Sussex Police,Sussex Police,-0.145281,50.831261,On or near Bath Street,E01016967,Brighton and Hove 024D,Violence and sexual offences,Further investigation is not in the public interest,
,2017-03,Sussex Police,Sussex Police,-0.146589,50.828710,On or near Albert Road,E01016968,Brighton and Hove 024E,Anti-social behaviour,,
,2017-03,Sussex Police,Sussex Police,-0.142850,50.828821,On or near Guilford Road,E01016968,Brighton and Hove 024E,Anti-social behaviour,,
,2017-03,Sussex Police,Sussex Police,-0.144020,50.828660,On or near Buckingham Road,E01016968,Brighton and Hove 024E,Anti-social behaviour,,
,2017-03,Sussex Police,Sussex Police,-0.144851,50.828116,On or near Alfred Road,E01016968,Brighton and Hove 024E,Anti-social behaviour,,
,2017-03,Sussex Police,Sussex Police,-0.145412,50.827945,On or near Alexandra Villas,E01016968,Brighton and Hove 024E,Anti-social behaviour,,
0ccdc3293e7799a3d53d412c3e4a2918890df841b675089beddbcc2a69209099,2017-03,Sussex Police,Sussex Police,-0.145349,50.829176,On or near West Hill Road,E01016968,Brighton and Hove 024E,Bicycle theft,Investigation complete; no suspect identified,
9f345f1a095ab63d99fa07a4302cacbeaf628b836f5b2203faee39c9a5818562,2017-03,Sussex Police,Sussex Police,-0.144020,50.828660,On or near Buckingham Road,E01016968,Brighton and Hove 024E,Burglary,Unable to prosecute suspect,
646e36ab138afadf70e12fd3de813f5416f8d1b7091f61731fb10f07d6c08b9f,2017-03,Sussex Police,Sussex Police,-0.146135,50.827246,On or near Leopold Road,E01016968,Brighton and Hove 024E,Criminal damage and arson,Investigation complete; no suspect identified,
59d3549cd22bb0edc68f261843074e0306975672d3313b74a2cf54deb4d7b9b1,2017-03,Sussex Police,Sussex Police,-0.142850,50.828821,On or near Guilford Road,E01016968,Brighton and Hove 024E,Criminal damage and arson,Investigation complete; no suspect identified,
2eedee4afac0475ba7cc831efc23bb7e924fe7081015bd2f02d3c907c58ca8c0,2017-03,Sussex Police,Sussex Police,-0.145327,50.827215,On or near Leopold Road,E01016968,Brighton and Hove 024E,Criminal damage and arson,Unable to prosecute suspect,
963b5967f2aaf37354b2832e106dd07e591c64a4ecf0f0811f5c8c81c73b6c9c,2017-03,Sussex Police,Sussex Police,-0.144020,50.828660,On or near Buckingham Road,E01016968,Brighton and Hove 024E,Violence and sexual offences,Unable to prosecute suspect,
67213053b41cc47eebfa5561d8a45e6fcfd241acfe5603934849a0927f81b50b,2017-03,Sussex Police,Sussex Police,-0.146589,50.828710,On or near Albert Road,E01016968,Brighton and Hove 024E,Violence and sexual offences,Unable to prosecute suspect,
8852ac2a6ca1ee17fe675dd8ddd4d77dfbd783fd8563d738c6ad96a9f06518f7,2017-03,Sussex Police,Sussex Police,-0.145327,50.827215,On or near Leopold Road,E01016968,Brighton and Hove 024E,Violence and sexual offences,Status update unavailable,
cf38d666041a79edb1b287c51a0240b0bea2643f14046bf729a9facec4a95f22,2017-03,Sussex Police,Sussex Police,-0.146589,50.828710,On or near Albert Road,E01016968,Brighton and Hove 024E,Violence and sexual offences,Unable to prosecute suspect,
3fdc5bfd221ca8360bec391078cabac4fcf43a8d4afae844f37ed8fba339f539,2017-03,Sussex Police,Sussex Police,-0.146589,50.828710,On or near Albert Road,E01016968,Brighton and Hove 024E,Violence and sexual offences,Unable to prosecute suspect,
73f952ebde19c27b1aba40a40845bce4a92b4ec0e3a8034fdf53137d5093762b,2017-03,Sussex Police,Sussex Police,-0.145299,50.828653,On or near Albert Road,E01016968,Brighton and Hove 024E,Other crime,Status update unavailable,
,2017-03,Sussex Police,Sussex Police,-0.106748,50.829293,On or near Coolham Drive,E01016864,Brighton and Hove 025A,Anti-social behaviour,,
,2017-03,Sussex Police,Sussex Police,-0.102211,50.830515,On or near Swanborough Drive,E01016864,Brighton and Hove 025A,Anti-social behaviour,,
,2017-03,Sussex Police,Sussex Police,-0.106883,50.830518,On or near Haybourne Road,E01016864,Brighton and Hove 025A,Anti-social behaviour,,
77a9e8f570987151961ee62c3331891c4102b742048821f072b94f2a275544f9,2017-03,Sussex Police,Sussex Police,-0.099209,50.820159,On or near Sports/Recreation Area,E01016864,Brighton and Hove 025A,Criminal damage and arson,Investigation complete; no suspect identified,
9749c8255be685ee596a384989a915acf61a7a140941e48f1edba35d90b5ef2b,2017-03,Sussex Police,Sussex Police,-0.113240,50.830630,On or near Freshfield Road,E01016864,Brighton and Hove 025A,Criminal damage and arson,Unable to prosecute suspect,
130aa36723e4aef24721a202eda68d39ff5c69c7915cc2bd7149032e1851af28,2017-03,Sussex Police,Sussex Police,-0.101372,50.825986,On or near Wilson Avenue,E01016864,Brighton and Hove 025A,Criminal damage and arson,Investigation complete; no suspect identified,
7cfb2fc5c67aec9d9c8b93f19dc378da5c37a68f9447189cc19e5054f9c1ec64,2017-03,Sussex Police,Sussex Police,-0.102211,50.830515,On or near Swanborough Drive,E01016864,Brighton and Hove 025A,Public order,Investigation complete; no suspect identified,
e361a3a1f87211029951c4a2b31202d74bb04e9d3e5cbc2923891080088856a3,2017-03,Sussex Police,Sussex Police,-0.101372,50.825986,On or near Wilson Avenue,E01016864,Brighton and Hove 025A,Other crime,Investigation complete; no suspect identified,
f2e3cf50c33ddd1443cf8da7d831ccb420c0ba991a99816b9bff32ff60e6f156,2017-03,Sussex Police,Sussex Police,-0.099209,50.820159,On or near Sports/Recreation Area,E01016864,Brighton and Hove 025A,Other crime,Status update unavailable,
,2017-03,Sussex Police,Sussex Police,-0.104517,50.829689,On or near Sompting Close,E01016865,Brighton and Hove 025B,Anti-social behaviour,,
,2017-03,Sussex Police,Sussex Police,-0.103885,50.832322,On or near Swanborough Place,E01016865,Brighton and Hove 025B,Anti-social behaviour,,
,2017-03,Sussex Police,Sussex Police,-0.104517,50.829689,On or near Sompting Close,E01016865,Brighton and Hove 025B,Anti-social behaviour,,
,2017-03,Sussex Police,Sussex Police,-0.104165,50.831005,On or near Twineham Close,E01016865,Brighton and Hove 025B,Anti-social behaviour,,
,2017-03,Sussex Police,Sussex Police,-0.104165,50.831005,On or near Twineham Close,E01016865,Brighton and Hove 025B,Anti-social behaviour,,
,2017-03,Sussex Police,Sussex Police,-0.105045,50.827863,On or near Whitehawk Way,E01016865,Brighton and Hove 025B,Anti-social behaviour,,
,2017-03,Sussex Police,Sussex Police,-0.105045,50.827863,On or near Whitehawk Way,E01016865,Brighton and Hove 025B,Anti-social behaviour,,
,2017-03,Sussex Police,Sussex Police,-0.106351,50.831022,On or near Haybourne Close,E01016865,Brighton and Hove 025B,Anti-social behaviour,,
bc4e104801f156a94f094981fa00513db70910d8add08dbe366e7adc6fb727ed,2017-03,Sussex Police,Sussex Police,-0.103461,50.828403,On or near Wiston Road,E01016865,Brighton and Hove 025B,Burglary,Unable to prosecute suspect,
7abd630a108bbd65692f83f15f58102e01091ef9b52ac5b45eed7947874dc88e,2017-03,Sussex Police,Sussex Police,-0.105045,50.827863,On or near Whitehawk Way,E01016865,Brighton and Hove 025B,Criminal damage and arson,Investigation complete; no suspect identified,
90396229f2ba6e86288de3f6aafe29339346056bb986a0297a2383672c2d1ba6,2017-03,Sussex Police,Sussex Police,-0.103885,50.832322,On or near Swanborough Place,E01016865,Brighton and Hove 025B,Criminal damage and arson,Unable to prosecute suspect,
9b0862495354b18646daf11232fd130be17889925e417a55b597d03f405ee63d,2017-03,Sussex Police,Sussex Police,-0.105045,50.827863,On or near Whitehawk Way,E01016865,Brighton and Hove 025B,Drugs,Offender given a caution,
f450880da378d6c0cba31f28f78e8eead4a4db23c34605f148be1e0bc53c167f,2017-03,Sussex Police,Sussex Police,-0.105045,50.827863,On or near Whitehawk Way,E01016865,Brighton and Hove 025B,Other theft,Local resolution,
ee82060a0c2cd22ce211548a939cdebc5979dab9a7caf5b0f173907e3a1bf1b8,2017-03,Sussex Police,Sussex Police,-0.104173,50.829413,On or near Wiston Way,E01016865,Brighton and Hove 025B,Other theft,Unable to prosecute suspect,
3cb17636230ff0d5b23772a3918ff00cd0e72158f0e6ada89ede8f1da690dbdb,2017-03,Sussex Police,Sussex Police,-0.105045,50.827863,On or near Whitehawk Way,E01016865,Brighton and Hove 025B,Theft from the person,Investigation complete; no suspect identified,
5ca8c4e8ee6ea9e45abdbec3dc802c98a584c1f063dc396bfbf5089546abd4ed,2017-03,Sussex Police,Sussex Police,-0.103885,50.832322,On or near Swanborough Place,E01016865,Brighton and Hove 025B,Violence and sexual offences,Unable to prosecute suspect,
020e8ddc7d2849cec7e07941f01d8e8e8deb1f87062319b6004b1f571b127ca9,2017-03,Sussex Police,Sussex Police,-0.104517,50.829689,On or near Sompting Close,E01016865,Brighton and Hove 025B,Violence and sexual offences,Action to be taken by another organisation,
f8dcbcf14e978e8efe126b021b17e3337cc0f925e1d4d848f51cc18b88221021,2017-03,Sussex Police,Sussex Police,-0.104026,50.827432,On or near Uckfield Close,E01016865,Brighton and Hove 025B,Violence and sexual offences,Unable to prosecute suspect,
843a8e74575137d77c7f6381ee3ebbe59f5c09911d8a13b6d9ae1520d132bf03,2017-03,Sussex Police,Sussex Police,-0.104173,50.829413,On or near Wiston Way,E01016865,Brighton and Hove 025B,Violence and sexual offences,Unable to prosecute suspect,
0ba59b35155e5e91844162ab1550b1b21ba6e83f74bf5594b872217318c68d43,2017-03,Sussex Police,Sussex Police,-0.104412,50.828419,On or near Plaistow Close,E01016865,Brighton and Hove 025B,Violence and sexual offences,Investigation complete; no suspect identified,
,2017-03,Sussex Police,Sussex Police,-0.104547,50.826487,On or near Alfriston Close,E01016866,Brighton and Hove 025C,Anti-social behaviour,,
,2017-03,Sussex Police,Sussex Police,-0.104547,50.826487,On or near Alfriston Close,E01016866,Brighton and Hove 025C,Anti-social behaviour,,
e414e74275cb242fe7a0a595b0a41ccacda5ce64d04fb8836eae773d2adce7c3,2017-03,Sussex Police,Sussex Police,-0.106104,50.825910,On or near Crossbush Road,E01016866,Brighton and Hove 025C,Burglary,Unable to prosecute suspect,
68f99ce95d53c8e5178bd7fe43f72d043b210be4616891df4be382595466830e,2017-03,Sussex Police,Sussex Police,-0.106104,50.825910,On or near Crossbush Road,E01016866,Brighton and Hove 025C,Criminal damage and arson,Local resolution,
869e0e9b53bc95af34aec1feaa94d8846e187d26283fd75723ee792f2bda805c,2017-03,Sussex Police,Sussex Police,-0.107111,50.826979,On or near Graffham Close,E01016866,Brighton and Hove 025C,Other theft,Unable to prosecute suspect,
2f29f93e142716f8a3ae2ccea83fa8d3e4d419fa6065500958a7c562c083df74,2017-03,Sussex Police,Sussex Police,-0.106470,50.827391,On or near Downash Close,E01016866,Brighton and Hove 025C,Other theft,Unable to prosecute suspect,
53e760a4e57d1c05e495e016e3678d1301eda7b7c587de029d5e9933b6fb4963,2017-03,Sussex Police,Sussex Police,-0.106104,50.825910,On or near Crossbush Road,E01016866,Brighton and Hove 025C,Other theft,Status update unavailable,
66a76ecce0e3c1e390a478888fc3486638b017ceece681d010612a0e0736169b,2017-03,Sussex Police,Sussex Police,-0.105915,50.826366,On or near Exceat Close,E01016866,Brighton and Hove 025C,Public order,Further investigation is not in the public interest,
308885a556672cba6d3bc30e6282a900e9674eacd43691af04c37509361ce7a2,2017-03,Sussex Police,Sussex Police,-0.105915,50.826366,On or near Exceat Close,E01016866,Brighton and Hove 025C,Public order,Investigation complete; no suspect identified,
ef6d3eaa322fff8941b934834b278f0b26721795f12549715da092149b593020,2017-03,Sussex Police,Sussex Police,-0.104547,50.826487,On or near Alfriston Close,E01016866,Brighton and Hove 025C,Public order,Defendant found not guilty,
b3192566a5aba374a4060691c29dfdf38b3dab3dbf5ddfe92c36c59426b44b81,2017-03,Sussex Police,Sussex Police,-0.106104,50.825910,On or near Crossbush Road,E01016866,Brighton and Hove 025C,Shoplifting,Investigation complete; no suspect identified,
2387948a4efa0a164754b362406f66926d4ab26d35eb724f947293add84911bc,2017-03,Sussex Police,Sussex Police,-0.106104,50.825910,On or near Crossbush Road,E01016866,Brighton and Hove 025C,Shoplifting,Court result unavailable,
2a55a713f39f5778f732f3c4264fcbaa94d3aaa81c1627ca5da3276c8008014c,2017-03,Sussex Police,Sussex Police,-0.106104,50.825910,On or near Crossbush Road,E01016866,Brighton and Hove 025C,Shoplifting,Investigation complete; no suspect identified,
1c182cd9816b24b75970b00cc9c9377f76a67ec746d105ff850ead46fedec265,2017-03,Sussex Police,Sussex Police,-0.106104,50.825910,On or near Crossbush Road,E01016866,Brighton and Hove 025C,Shoplifting,Further investigation is not in the public interest,
f152c95ac1753e494e1c2ad7d069fdc8ab60c2f14a961f86e80abb384ee77e8f,2017-03,Sussex Police,Sussex Police,-0.103119,50.824225,On or near Nuthurst Place,E01016866,Brighton and Hove 025C,Vehicle crime,Investigation complete; no suspect identified,
4847433838880b9856001584af8ad9fd4e263f5d68e7c99d8fa750d63c0d683d,2017-03,Sussex Police,Sussex Police,-0.105048,50.824283,On or near Camber Close,E01016866,Brighton and Hove 025C,Vehicle crime,Investigation complete; no suspect identified,
1c456e8f368d5d4d51cfad831fc469a85f7a522017f0b40707983a60dda694b8,2017-03,Sussex Police,Sussex Police,-0.102084,50.822796,On or near Ticehurst Road,E01016866,Brighton and Hove 025C,Violence and sexual offences,Further investigation is not in the public interest,
288e2dd3c5fe3965ac5fe0f66fef24ef6839a90a1358eb070116b666c61eadc1,2017-03,Sussex Police,Sussex Police,-0.105103,50.824680,On or near Selmeston Place,E01016866,Brighton and Hove 025C,Violence and sexual offences,Further investigation is not in the public interest,
37115aab4e66b31d9a3f778a15fcbce78d578b6bbde546ff225b20834d6f9c30,2017-03,Sussex Police,Sussex Police,-0.105411,50.825494,On or near Fletching Close,E01016866,Brighton and Hove 025C,Violence and sexual offences,Further investigation is not in the public interest,
8ba9cb3dc92be1e9bd6111103cd8c08ef76444561f19d3d82791352b42706ecf,2017-03,Sussex Police,Sussex Police,-0.105103,50.824680,On or near Selmeston Place,E01016866,Brighton and Hove 025C,Violence and sexual offences,Unable to prosecute suspect,
,2017-03,Sussex Police,Sussex Police,-0.115085,50.822197,On or near Madehurst Close,E01016867,Brighton and Hove 025D,Anti-social behaviour,,
,2017-03,Sussex Police,Sussex Police,-0.109932,50.824650,On or near Manor Hill,E01016867,Brighton and Hove 025D,Anti-social behaviour,,
,2017-03,Sussex Police,Sussex Police,-0.111964,50.821778,On or near Donald Hall Road,E01016867,Brighton and Hove 025D,Anti-social behaviour,,
,2017-03,Sussex Police,Sussex Police,-0.116200,50.826955,On or near Tilgate Close,E01016867,Brighton and Hove 025D,Anti-social behaviour,,
,2017-03,Sussex Police,Sussex Police,-0.116200,50.826955,On or near Tilgate Close,E01016867,Brighton and Hove 025D,Anti-social behaviour,,
,2017-03,Sussex Police,Sussex Police,-0.119492,50.825596,On or near Southwater Close,E01016867,Brighton and Hove 025D,Anti-social behaviour,,
a14e259cbb2d222d94ff68ec4a1989fec2e7c19e5102bb9307ef8997f49e02c6,2017-03,Sussex Police,Sussex Police,-0.119492,50.825596,On or near Southwater Close,E01016867,Brighton and Hove 025D,Burglary,Investigation complete; no suspect identified,
1544dbc4ecfd6957cca8847462f8021b2a1aafc0d637f21634f1b6a5c62f0bf4,2017-03,Sussex Police,Sussex Police,-0.118431,50.825507,On or near Hadlow Close,E01016867,Brighton and Hove 025D,Criminal damage and arson,Investigation complete; no suspect identified,
f83fa87ed34f79ac748b2e19205ebc35768a018b3594eed87b09221617863cba,2017-03,Sussex Police,Sussex Police,-0.117090,50.825315,On or near Craven Road,E01016867,Brighton and Hove 025D,Drugs,Status update unavailable,
6ec65052c4dc2238e473460713e0f401a654627242f23ec61842c9e25972739f,2017-03,Sussex Police,Sussex Police,-0.117090,50.825315,On or near Craven Road,E01016867,Brighton and Hove 025D,Drugs,Court result unavailable,
c3ea001e8af26ddac3734a3a24343ee61a88303b175ac3c9cd1ad192502a17df,2017-03,Sussex Police,Sussex Police,-0.111964,50.821778,On or near Donald Hall Road,E01016867,Brighton and Hove 025D,Drugs,Status update unavailable,
50004e0ffd231b057168e2b8562bfba036b0f82c3bbf944b86380545be8d9e5f,2017-03,Sussex Police,Sussex Police,-0.116200,50.826955,On or near Tilgate Close,E01016867,Brighton and Hove 025D,Public order,Unable to prosecute suspect,
d014fcafd04b18c2a45ed0ed341338d90b6bc460ee0b39a56d012901a0da16ab,2017-03,Sussex Police,Sussex Police,-0.116200,50.826955,On or near Tilgate Close,E01016867,Brighton and Hove 025D,Violence and sexual offences,Unable to prosecute suspect,
f9c2402c5d5360ba2cf3ac9d2a9c26837ae0f8cc3af99e63953f358948033919,2017-03,Sussex Police,Sussex Police,-0.111964,50.821778,On or near Donald Hall Road,E01016867,Brighton and Hove 025D,Violence and sexual offences,Unable to prosecute suspect,
ed4b979e6f97bed4ce6049f75bfd5bed2046aaf3ed5d69735a0cdf4e1099e587,2017-03,Sussex Police,Sussex Police,-0.109932,50.824650,On or near Manor Hill,E01016867,Brighton and Hove 025D,Violence and sexual offences,Investigation complete; no suspect identified,
ce5bf25f1755f8f9a7a25763aaf90f35a6c36f2a46bffb5723a74bba0403dc85,2017-03,Sussex Police,Sussex Police,-0.117321,50.826973,On or near Queensway,E01016867,Brighton and Hove 025D,Violence and sexual offences,Unable to prosecute suspect,
671b8b39db418a67b899964b40745a4b7c29cb08a0453aebde497387ef84dd1f,2017-03,Sussex Police,Sussex Police,-0.109932,50.824650,On or near Manor Hill,E01016867,Brighton and Hove 025D,Violence and sexual offences,Unable to prosecute suspect,
,2017-03,Sussex Police,Sussex Police,-0.106639,50.823904,On or near Lower Chalvington Place,E01016868,Brighton and Hove 025E,Anti-social behaviour,,
,2017-03,Sussex Police,Sussex Police,-0.107801,50.823276,On or near Burlow Close,E01016868,Brighton and Hove 025E,Anti-social behaviour,,
,2017-03,Sussex Police,Sussex Police,-0.106639,50.823904,On or near Lower Chalvington Place,E01016868,Brighton and Hove 025E,Anti-social behaviour,,
,2017-03,Sussex Police,Sussex Police,-0.105261,50.822191,On or near Chiddingly Close,E01016868,Brighton and Hove 025E,Anti-social behaviour,,
,2017-03,Sussex Police,Sussex Police,-0.105860,50.823523,On or near Hellingly Close,E01016868,Brighton and Hove 025E,Anti-social behaviour,,
,2017-03,Sussex Police,Sussex Police,-0.106639,50.823904,On or near Lower Chalvington Place,E01016868,Brighton and Hove 025E,Anti-social behaviour,,
45ff75fa515edd92b522a1a67611f0788d6bba658145de4115ec7bb56d94869e,2017-03,Sussex Police,Sussex Police,-0.106992,50.823262,On or near Upper Chalvington Place,E01016868,Brighton and Hove 025E,Criminal damage and arson,Unable to prosecute suspect,
45c878146c57fc301c6500ab82f0b8a0133672734a2d7de0c2b51048246795d7,2017-03,Sussex Police,Sussex Police,-0.107801,50.823276,On or near Burlow Close,E01016868,Brighton and Hove 025E,Criminal damage and arson,Investigation complete; no suspect identified,
e32ff0aa4d1f742c893062812d91082a0477a434813236c0e5771c9fb34f88bc,2017-03,Sussex Police,Sussex Police,-0.107179,50.822501,On or near Iden Close,E01016868,Brighton and Hove 025E,Other theft,Investigation complete; no suspect identified,
7216a84d0b91e1484da0655338199fd8b9d9b0c0d79ad68e602d2d7e281e49cf,2017-03,Sussex Police,Sussex Police,-0.107179,50.822501,On or near Iden Close,E01016868,Brighton and Hove 025E,Public order,Formal action is not in the public interest,
ba62000c28edd244d3ed2666460ea87b8359a09efa82df888b8cabd26b8ac465,2017-03,Sussex Police,Sussex Police,-0.107179,50.822501,On or near Iden Close,E01016868,Brighton and Hove 025E,Public order,Formal action is not in the public interest,
811c6676cbda5eebf5c49e61738bfc3e5417d8bba57f1bd28dfba8170cf7fc46,2017-03,Sussex Police,Sussex Police,-0.107801,50.823276,On or near Burlow Close,E01016868,Brighton and Hove 025E,Public order,Further investigation is not in the public interest,
19f6cfb0f2f888ecbe90e00f572dfa35c4531f356ba4f12caeca6a99e6303215,2017-03,Sussex Police,Sussex Police,-0.105012,50.823059,On or near Whitehawk Road,E01016868,Brighton and Hove 025E,Violence and sexual offences,Unable to prosecute suspect,
9bd56a5640522746ab2fc5434db7a70a802aa054b618b4cf22dc10073b24c86d,2017-03,Sussex Police,Sussex Police,-0.107801,50.823276,On or near Burlow Close,E01016868,Brighton and Hove 025E,Violence and sexual offences,Unable to prosecute suspect,
,2017-03,Sussex Police,Sussex Police,-0.118380,50.829940,On or near Clayton Road,E01016895,Brighton and Hove 025F,Anti-social behaviour,,
,2017-03,Sussex Police,Sussex Police,-0.112621,50.831898,On or near Warren Road,E01016895,Brighton and Hove 025F,Anti-social behaviour,,
,2017-03,Sussex Police,Sussex Police,-0.113842,50.832268,On or near May Road,E01016895,Brighton and Hove 025F,Anti-social behaviour,,
,2017-03,Sussex Police,Sussex Police,-0.115996,50.828858,On or near Firle Road,E01016895,Brighton and Hove 025F,Anti-social behaviour,,
,2017-03,Sussex Police,Sussex Police,-0.118380,50.829940,On or near Clayton Road,E01016895,Brighton and Hove 025F,Anti-social behaviour,,
,2017-03,Sussex Police,Sussex Police,-0.118380,50.829940,On or near Clayton Road,E01016895,Brighton and Hove 025F,Anti-social behaviour,,
,2017-03,Sussex Police,Sussex Police,-0.118729,50.830449,On or near Hallett Road,E01016895,Brighton and Hove 025F,Anti-social behaviour,,
,2017-03,Sussex Police,Sussex Police,-0.118729,50.830449,On or near Hallett Road,E01016895,Brighton and Hove 025F,Anti-social behaviour,,
ae3a9e83bb2250b84e5dee26afb0be946a0f3b4f60c2018483068e1061d7eb64,2017-03,Sussex Police,Sussex Police,-0.113842,50.832268,On or near May Road,E01016895,Brighton and Hove 025F,Criminal damage and arson,Investigation complete; no suspect identified,
e08307a7ec29d93268a1aaff77007fdee4cc5b3b91193b4a08c95b8194b451b3,2017-03,Sussex Police,Sussex Police,-0.119129,50.828630,On or near Plumpton Road,E01016895,Brighton and Hove 025F,Criminal damage and arson,Investigation complete; no suspect identified,
3ae64bf5f74658cd8420b8ee02ae12994557351ab655a109174cc3c04cf6f3bd,2017-03,Sussex Police,Sussex Police,-0.120335,50.828299,On or near Down Terrace,E01016895,Brighton and Hove 025F,Criminal damage and arson,Investigation complete; no suspect identified,
02b84e0d2aa1f61b2bd78a0e1f2d3a9a4c7b9b51e6bb437acf8befbd9a537abd,2017-03,Sussex Police,Sussex Police,-0.115996,50.828858,On or near Firle Road,E01016895,Brighton and Hove 025F,Other theft,Status update unavailable,
65d9a0194c5ea6f7f1eca9a9ddd609628eeaeb3361d03c94bd20d763b5b0a22b,2017-03,Sussex Police,Sussex Police,-0.115996,50.828858,On or near Firle Road,E01016895,Brighton and Hove 025F,Public order,Unable to prosecute suspect,
23841c05d23e35db15c1cddbe08ce9712fef1ba85d0ed1d5db14817115c37c42,2017-03,Sussex Police,Sussex Police,-0.115996,50.828858,On or near Firle Road,E01016895,Brighton and Hove 025F,Violence and sexual offences,Unable to prosecute suspect,
ba2886410a60cce53576382bbe0662d8a019deef91978e1789cf4886f065673a,2017-03,Sussex Police,Sussex Police,-0.112621,50.831898,On or near Warren Road,E01016895,Brighton and Hove 025F,Violence and sexual offences,Further investigation is not in the public interest,
,2017-03,Sussex Police,Sussex Police,-0.165193,50.825379,On or near St John'S Road,E01016849,Brighton and Hove 026A,Anti-social behaviour,,
,2017-03,Sussex Police,Sussex Police,-0.163277,50.825727,On or near Palmeira Square,E01016849,Brighton and Hove 026A,Anti-social behaviour,,
55d730cf92f85aba7a0a6bbf814fba574ccd0d006624aea24cf4e9b7a14f1453,2017-03,Sussex Police,Sussex Police,-0.163277,50.825727,On or near Palmeira Square,E01016849,Brighton and Hove 026A,Bicycle theft,Investigation complete; no suspect identified,
857c75f8a45f8eb5db21c455426331ada17f2fd63f38857d88bafe9d87663845,2017-03,Sussex Police,Sussex Police,-0.163277,50.825727,On or near Palmeira Square,E01016849,Brighton and Hove 026A,Bicycle theft,Investigation complete; no suspect identified,
c52a5cea51c323f4712c67998805f270ceb9fb27e36cee9707e24bfba9d39f84,2017-03,Sussex Police,Sussex Police,-0.166219,50.826745,On or near Queen'S Place,E01016849,Brighton and Hove 026A,Burglary,Investigation complete; no suspect identified,
36d24cfd81b1574124eddc4b2bc9bd5dea297e54d91dcffb97cd6a7ec19afba8,2017-03,Sussex Police,Sussex Police,-0.166219,50.826745,On or near Queen'S Place,E01016849,Brighton and Hove 026A,Criminal damage and arson,Status update unavailable,
6727be71be5631b4ead709144215bc0cdd0552f6d498f68bcbea413a76021893,2017-03,Sussex Police,Sussex Police,-0.166219,50.826745,On or near Queen'S Place,E01016849,Brighton and Hove 026A,Other theft,Investigation complete; no suspect identified,
a49a39baeed863c032c83269cbcebd47db919e1630fa13ba822f715809358ec0,2017-03,Sussex Police,Sussex Police,-0.166219,50.826745,On or near Queen'S Place,E01016849,Brighton and Hove 026A,Other theft,Investigation complete; no suspect identified,
6d181291f8950a96f9d55b4d3f145b97a9ce0f6375c431530a92a6b43829c44b,2017-03,Sussex Police,Sussex Police,-0.165114,50.827033,On or near Church Road,E01016849,Brighton and Hove 026A,Public order,Unable to prosecute suspect,
e048d5654069d3595d4ea40218470cf9c5147c2c48be5f04de46a03e664eb9ee,2017-03,Sussex Police,Sussex Police,-0.165114,50.827033,On or near Church Road,E01016849,Brighton and Hove 026A,Public order,Investigation complete; no suspect identified,
e334e3df1031634e0c3161fa5a116b9029df02bf9f5f4f11cd521f84310fe767,2017-03,Sussex Police,Sussex Police,-0.165193,50.825379,On or near St John'S Road,E01016849,Brighton and Hove 026A,Vehicle crime,Investigation complete; no suspect identified,
6dc520333173ee6c89780836204af5f2a4c986404a4675949ab9f75908313b7d,2017-03,Sussex Police,Sussex Police,-0.165446,50.826553,On or near St John'S Place,E01016849,Brighton and Hove 026A,Violence and sexual offences,Investigation complete; no suspect identified,
,2017-03,Sussex Police,Sussex Police,-0.160781,50.827091,On or near Lansdowne Street,E01016852,Brighton and Hove 026B,Anti-social behaviour,,
,2017-03,Sussex Police,Sussex Police,-0.159880,50.825808,On or near Western Road,E01016852,Brighton and Hove 026B,Anti-social behaviour,,
,2017-03,Sussex Police,Sussex Police,-0.160581,50.825685,On or near Lansdowne Place,E01016852,Brighton and Hove 026B,Anti-social behaviour,,
726c7d6d83b27c89f430d024521a046053db5756a3752d315915a594389f1edf,2017-03,Sussex Police,Sussex Police,-0.159339,50.826214,On or near Lansdowne Mews,E01016852,Brighton and Hove 026B,Burglary,Unable to prosecute suspect,
fb1c1600f623de70ac33584040632e2284e6ecf3a26eb75b7f89d5e51389124e,2017-03,Sussex Police,Sussex Police,-0.160781,50.827091,On or near Lansdowne Street,E01016852,Brighton and Hove 026B,Burglary,Investigation complete; no suspect identified,
18f116b7580b741f137f2de8b0d49f19bb7e495c9fcc699ee9a8d23ba07ce43f,2017-03,Sussex Police,Sussex Police,-0.159339,50.826214,On or near Lansdowne Mews,E01016852,Brighton and Hove 026B,Burglary,Investigation complete; no suspect identified,
a23f4ad146e9940aba2c836dce7c23194d4b7ace544d3ac07cfcdb94fdeea884,2017-03,Sussex Police,Sussex Police,-0.160581,50.825685,On or near Lansdowne Place,E01016852,Brighton and Hove 026B,Criminal damage and arson,Unable to prosecute suspect,
c27a7aa09e58ee521c7912df66031487be59f968c6f80de1be6532b6ef70bf2f,2017-03,Sussex Police,Sussex Police,-0.160581,50.825685,On or near Lansdowne Place,E01016852,Brighton and Hove 026B,Other theft,Unable to prosecute suspect,
2e456ce3e3d14601d0a25ac4a5340638c10e94b3631bd59fbb9bdfa66cdec059,2017-03,Sussex Police,Sussex Police,-0.160581,50.825685,On or near Lansdowne Place,E01016852,Brighton and Hove 026B,Public order,Unable to prosecute suspect,
f3283ebf7f6f717f35a38ae601cf8ebc7c4c6bf4a0edb012e3022445873d611e,2017-03,Sussex Police,Sussex Police,-0.160581,50.825685,On or near Lansdowne Place,E01016852,Brighton and Hove 026B,Violence and sexual offences,Investigation complete; no suspect identified,
bfa5ebfe35d7472c21ab4cde6f1b952e9b5b96cf119c5ade4fb92c840830f711,2017-03,Sussex Police,Sussex Police,-0.160781,50.827091,On or near Lansdowne Street,E01016852,Brighton and Hove 026B,Violence and sexual offences,Unable to prosecute suspect,
,2017-03,Sussex Police,Sussex Police,-0.162057,50.827498,On or near Rochester Gardens,E01016853,Brighton and Hove 026C,Anti-social behaviour,,
,2017-03,Sussex Police,Sussex Police,-0.161550,50.826329,On or near Supermarket,E01016853,Brighton and Hove 026C,Anti-social behaviour,,
,2017-03,Sussex Police,Sussex Police,-0.162057,50.827498,On or near Rochester Gardens,E01016853,Brighton and Hove 026C,Anti-social behaviour,,
,2017-03,Sussex Police,Sussex Police,-0.162057,50.827498,On or near Rochester Gardens,E01016853,Brighton and Hove 026C,Anti-social behaviour,,
,2017-03,Sussex Police,Sussex Police,-0.162057,50.827498,On or near Rochester Gardens,E01016853,Brighton and Hove 026C,Anti-social behaviour,,
06a77e338f5124647bbb2411da76257ed4f7c033e0dc774d5d5631846f2b7667,2017-03,Sussex Police,Sussex Police,-0.161886,50.826443,On or near Holland Road,E01016853,Brighton and Hove 026C,Criminal damage and arson,Unable to prosecute suspect,
caa04e39cd573e716acb13e0efbe64549f1da15d455a9fb495ecbe94bf8a4d12,2017-03,Sussex Police,Sussex Police,-0.162057,50.827498,On or near Rochester Gardens,E01016853,Brighton and Hove 026C,Other theft,Status update unavailable,
c1c1986d74510522797f78d178b60b33d289230a8a3733dfbf0fbd015009ef8d,2017-03,Sussex Police,Sussex Police,-0.161550,50.826329,On or near Supermarket,E01016853,Brighton and Hove 026C,Shoplifting,Investigation complete; no suspect identified,
709fdb153414a3b253760304e1b81635ec391cabb935d429779200c40248e48b,2017-03,Sussex Police,Sussex Police,-0.161550,50.826329,On or near Supermarket,E01016853,Brighton and Hove 026C,Shoplifting,Investigation complete; no suspect identified,
47cb8cf55896fcd453777f5108fa30fa542665fc1b7b32435ffd42c462ca9fa7,2017-03,Sussex Police,Sussex Police,-0.162057,50.827498,On or near Rochester Gardens,E01016853,Brighton and Hove 026C,Violence and sexual offences,Unable to prosecute suspect,
,2017-03,Sussex Police,Sussex Police,-0.173594,50.828065,On or near Church Road,E01016855,Brighton and Hove 026D,Anti-social behaviour,,
,2017-03,Sussex Police,Sussex Police,-0.173594,50.828065,On or near Church Road,E01016855,Brighton and Hove 026D,Anti-social behaviour,,
,2017-03,Sussex Police,Sussex Police,-0.171376,50.828489,On or near Parking Area,E01016855,Brighton and Hove 026D,Anti-social behaviour,,
,2017-03,Sussex Police,Sussex Police,-0.170962,50.827467,On or near Supermarket,E01016855,Brighton and Hove 026D,Anti-social behaviour,,
,2017-03,Sussex Police,Sussex Police,-0.172659,50.829463,On or near Ventnor Villas,E01016855,Brighton and Hove 026D,Anti-social behaviour,,
,2017-03,Sussex Police,Sussex Police,-0.173594,50.828065,On or near Church Road,E01016855,Brighton and Hove 026D,Anti-social behaviour,,
ecbd763885e8b347d44333b83d84840061ed580fb14c03dba84fc4edeff3bd9e,2017-03,Sussex Police,Sussex Police,-0.169029,50.830404,On or near Eaton Road,E01016855,Brighton and Hove 026D,Bicycle theft,Investigation complete; no suspect identified,
afe371106fe2278c280bedeb37f4ed5d4f227b0242ff8561bb8ccbeae4dff95f,2017-03,Sussex Police,Sussex Police,-0.172659,50.829463,On or near Ventnor Villas,E01016855,Brighton and Hove 026D,Bicycle theft,Investigation complete; no suspect identified,
0251633054d6811d755a2e229454a7f646a2191008b92f1de0b15563bb73b3f3,2017-03,Sussex Police,Sussex Police,-0.172075,50.827331,On or near Albany Mews,E01016855,Brighton and Hove 026D,Bicycle theft,Investigation complete; no suspect identified,
3b91fac7835e0ca173696ed23152debd2faa583e6cc9376b27a62d06c054d51d,2017-03,Sussex Police,Sussex Police,-0.172659,50.829463,On or near Ventnor Villas,E01016855,Brighton and Hove 026D,Burglary,Investigation complete; no suspect identified,
cff294dc5fbb7c48b74299dc97a9dd6decc63cbac383a7d395ccbe9961a2a286,2017-03,Sussex Police,Sussex Police,-0.173594,50.828065,On or near Church Road,E01016855,Brighton and Hove 026D,Burglary,Unable to prosecute suspect,
1346dd6d3c5316c3e1698a9c1d7bdec8dc56210241cec191c97e226db63a2010,2017-03,Sussex Police,Sussex Police,-0.169029,50.830404,On or near Eaton Road,E01016855,Brighton and Hove 026D,Burglary,Offender given suspended prison sentence,
fab5569d825afc2bfb4c67403870867af9f4f849f60d021eb1b28369d7c7c08c,2017-03,Sussex Police,Sussex Police,-0.173594,50.828065,On or near Church Road,E01016855,Brighton and Hove 026D,Criminal damage and arson,Further investigation is not in the public interest,
3c84561773696693342ea4c7369283374d467d4907a795ad90e41477522fae08,2017-03,Sussex Police,Sussex Police,-0.172659,50.829463,On or near Ventnor Villas,E01016855,Brighton and Hove 026D,Other theft,Investigation complete; no suspect identified,
29d7bc77add6a70860b8fd1dc79da9751171249fd25c599fffeed2b6903457e2,2017-03,Sussex Police,Sussex Police,-0.171783,50.829341,On or near Hova Villas,E01016855,Brighton and Hove 026D,Other theft,Status update unavailable,
e2593636818e7f24b5aa0d61b5043f0fb1a4b36f702636b4e16ba4682785ce44,2017-03,Sussex Police,Sussex Police,-0.173594,50.828065,On or near Church Road,E01016855,Brighton and Hove 026D,Other theft,Investigation complete; no suspect identified,
8e47a80fad5d7e7bda05bd4b29b17853b7e82c15b88c0733c8aaa0b2a8314dbf,2017-03,Sussex Police,Sussex Police,-0.172659,50.829463,On or near Ventnor Villas,E01016855,Brighton and Hove 026D,Other theft,Investigation complete; no suspect identified,
92f1b435d2c25624d67f7c5f2e3680dadac69ebaca405fd0a5697d12dbf5cba8,2017-03,Sussex Police,Sussex Police,-0.171376,50.828489,On or near Parking Area,E01016855,Brighton and Hove 026D,Possession of weapons,Court result unavailable,
b2edc46607cd7f00559af5f70ed61c1f268f57728e1520a51357bf62451ced3f,2017-03,Sussex Police,Sussex Police,-0.170962,50.827467,On or near Supermarket,E01016855,Brighton and Hove 026D,Public order,Status update unavailable,
a8198230108e925353f860f3d53b92d3eecb21692dec72932a2f7232db06080d,2017-03,Sussex Police,Sussex Police,-0.172659,50.829463,On or near Ventnor Villas,E01016855,Brighton and Hove 026D,Public order,Investigation complete; no suspect identified,
0a760bf411e716e6150646ef343ef20a742e12183c5a9098b00089bb295e720d,2017-03,Sussex Police,Sussex Police,-0.170962,50.827467,On or near Supermarket,E01016855,Brighton and Hove 026D,Public order,Status update unavailable,
5e11a90c333795bcce0d984848b3db9b11f831bc9c52541b2c99cb80d823c560,2017-03,Sussex Police,Sussex Police,-0.173594,50.828065,On or near Church Road,E01016855,Brighton and Hove 026D,Public order,Offender given penalty notice,
b093f5d4d4419a9816fded4177bc1ad4da54be22ec0e82b9b3487bdc7b92ea7e,2017-03,Sussex Police,Sussex Police,-0.170962,50.827467,On or near Supermarket,E01016855,Brighton and Hove 026D,Shoplifting,Investigation complete; no suspect identified,
2b54b951c1dc47aac692d51952fc6df1d1692574d476657eeee423b90b492ee2,2017-03,Sussex Police,Sussex Police,-0.173594,50.828065,On or near Church Road,E01016855,Brighton and Hove 026D,Vehicle crime,Investigation complete; no suspect identified,
82ced1646f6345d649bfa32fdb19987f2576d220cb771612827b7331cd0c5f3d,2017-03,Sussex Police,Sussex Police,-0.170962,50.827467,On or near Supermarket,E01016855,Brighton and Hove 026D,Violence and sexual offences,Unable to prosecute suspect,
dade88381ab311bd623fe1f723868a52e2e74299cc7934c6529c4f1f99bafe90,2017-03,Sussex Police,Sussex Police,-0.169029,50.830404,On or near Eaton Road,E01016855,Brighton and Hove 026D,Violence and sexual offences,Unable to prosecute suspect,
27703766af6d487f8b48b8e3471bf2bf7cee969c95c64e0d00775c34aeb57723,2017-03,Sussex Police,Sussex Police,-0.171208,50.828801,On or near Norton Close,E01016855,Brighton and Hove 026D,Violence and sexual offences,Unable to prosecute suspect,
1730ac6b849ce75cdffa9e7cf33987f567c91b779e95f64bda92d72662a194d2,2017-03,Sussex Police,Sussex Police,-0.172659,50.829463,On or near Ventnor Villas,E01016855,Brighton and Hove 026D,Violence and sexual offences,Offender given community sentence,
9ff6468e6e631b5354de2529b3d77e5c72d9844ab5f2d8e79b0bbaf167dc0b81,2017-03,Sussex Police,Sussex Police,-0.173594,50.828065,On or near Church Road,E01016855,Brighton and Hove 026D,Violence and sexual offences,Status update unavailable,
36b21d2629cf069a9801905fe63ff4b380039bc8a0f240ca78a97d74f6c8802c,2017-03,Sussex Police,Sussex Police,-0.173594,50.828065,On or near Church Road,E01016855,Brighton and Hove 026D,Violence and sexual offences,Offender given a caution,
55b1665148743b8b78f7aaac34989cb7364e0611b0b9236befe7f6718dbaaf3e,2017-03,Sussex Police,Sussex Police,-0.169029,50.830404,On or near Eaton Road,E01016855,Brighton and Hove 026D,Violence and sexual offences,Unable to prosecute suspect,
3649a6cc0a9253a5a3b8c81b235abc1a5a61abe9291190b219012f9aa1aa448b,2017-03,Sussex Police,Sussex Police,-0.172659,50.829463,On or near Ventnor Villas,E01016855,Brighton and Hove 026D,Other crime,Local resolution,
356702d17100f9e035d55e95dc62de08e4e5984f796ff6f5f56af38858c4d103,2017-03,Sussex Police,Sussex Police,-0.171783,50.829341,On or near Hova Villas,E01016855,Brighton and Hove 026D,Other crime,Status update unavailable,
95164f2f01b2cb26052ab607c29229f7b1b8efcc3708bc0360324f4c0645d9c6,2017-03,Sussex Police,Sussex Police,-0.171208,50.828801,On or near Norton Close,E01016855,Brighton and Hove 026D,Other crime,Local resolution,
,2017-03,Sussex Police,Sussex Police,-0.169524,50.829018,On or near Tisbury Road,E01016856,Brighton and Hove 026E,Anti-social behaviour,,
,2017-03,Sussex Police,Sussex Police,-0.169524,50.829018,On or near Tisbury Road,E01016856,Brighton and Hove 026E,Anti-social behaviour,,
,2017-03,Sussex Police,Sussex Police,-0.168130,50.828717,On or near The Drive,E01016856,Brighton and Hove 026E,Anti-social behaviour,,
,2017-03,Sussex Police,Sussex Police,-0.169536,50.827246,On or near Albert Mews,E01016856,Brighton and Hove 026E,Anti-social behaviour,,
,2017-03,Sussex Police,Sussex Police,-0.169536,50.827246,On or near Albert Mews,E01016856,Brighton and Hove 026E,Anti-social behaviour,,
,2017-03,Sussex Police,Sussex Police,-0.169524,50.829018,On or near Tisbury Road,E01016856,Brighton and Hove 026E,Anti-social behaviour,,
,2017-03,Sussex Police,Sussex Police,-0.167322,50.830126,On or near Eaton Road,E01016856,Brighton and Hove 026E,Anti-social behaviour,,
,2017-03,Sussex Police,Sussex Police,-0.167322,50.830126,On or near Eaton Road,E01016856,Brighton and Hove 026E,Anti-social behaviour,,
,2017-03,Sussex Police,Sussex Police,-0.169536,50.827246,On or near Albert Mews,E01016856,Brighton and Hove 026E,Anti-social behaviour,,
,2017-03,Sussex Police,Sussex Police,-0.168281,50.828846,On or near The Drive,E01016856,Brighton and Hove 026E,Anti-social behaviour,,
a396e0c6c3424df9a30e54a5db5f0b349260d504d75160b9aa6db007b68ed1db,2017-03,Sussex Police,Sussex Police,-0.167153,50.826831,On or near Victoria Grove,E01016856,Brighton and Hove 026E,Burglary,Investigation complete; no suspect identified,
4b78b9375bad602351adf86f4e561bf6b912d8d85f53ba8d11991544761629e5,2017-03,Sussex Police,Sussex Police,-0.167153,50.826831,On or near Victoria Grove,E01016856,Brighton and Hove 026E,Burglary,Investigation complete; no suspect identified,
a07882ca20db4b2d23364d9418cd8fbc42b64b72fffd4c2d52d6cc3fe022878e,2017-03,Sussex Police,Sussex Police,-0.168130,50.828717,On or near The Drive,E01016856,Brighton and Hove 026E,Criminal damage and arson,Investigation complete; no suspect identified,
75d0357d791e78b1a9faef9118bb8556f7b9d66a9cb7ab640199f7f374e634a1,2017-03,Sussex Police,Sussex Police,-0.168130,50.828717,On or near The Drive,E01016856,Brighton and Hove 026E,Criminal damage and arson,Investigation complete; no suspect identified,
74c7dd22b90ed2e1c3293ebcdef7b1b6397e18ca737a29bd154402e20c684924,2017-03,Sussex Police,Sussex Police,-0.169536,50.827246,On or near Albert Mews,E01016856,Brighton and Hove 026E,Other theft,Investigation complete; no suspect identified,
2262f99b7668ab832305393791328a97d23de63396f77276c497d49daae27fe8,2017-03,Sussex Police,Sussex Police,-0.169536,50.827246,On or near Albert Mews,E01016856,Brighton and Hove 026E,Public order,Unable to prosecute suspect,
6bd92671c7bdfe9479092cd3dfe2ebb5b900602adb67eaa29807762cc7ceb6d1,2017-03,Sussex Police,Sussex Police,-0.167153,50.826831,On or near Victoria Grove,E01016856,Brighton and Hove 026E,Public order,Unable to prosecute suspect,
1b24721248675e2d48a8e03b32e11c21f080f835045ddb3b9117461ae7ba8e4a,2017-03,Sussex Police,Sussex Police,-0.169536,50.827246,On or near Albert Mews,E01016856,Brighton and Hove 026E,Vehicle crime,Status update unavailable,
42788c454d260828b25106a7706d76ce332e505839253050bccf10eb1cd0e90a,2017-03,Sussex Police,Sussex Police,-0.169536,50.827246,On or near Albert Mews,E01016856,Brighton and Hove 026E,Violence and sexual offences,Investigation complete; no suspect identified,
8fa9bfd63044f243f28922063803d4a16321a13aab47c75b6e4b0279f0b0ecd9,2017-03,Sussex Police,Sussex Police,-0.167153,50.826831,On or near Victoria Grove,E01016856,Brighton and Hove 026E,Violence and sexual offences,Unable to prosecute suspect,
05c21a272d043adc73b89148b0f7d4dbbbff27989378d451abe3e87d2440f9a5,2017-03,Sussex Police,Sussex Police,-0.169524,50.829018,On or near Tisbury Road,E01016856,Brighton and Hove 026E,Violence and sexual offences,Unable to prosecute suspect,
f991d0389d116781eecf41e63400c104a4cf4782f5475acec79eac380c8e22d2,2017-03,Sussex Police,Sussex Police,-0.169536,50.827246,On or near Albert Mews,E01016856,Brighton and Hove 026E,Violence and sexual offences,Unable to prosecute suspect,
f555eab9df83ec3fe5aa59819ba370a6a54c5eb842381e0a9c7c74b29339ef98,2017-03,Sussex Police,Sussex Police,-0.169524,50.829018,On or near Tisbury Road,E01016856,Brighton and Hove 026E,Violence and sexual offences,Unable to prosecute suspect,
b3a5880971bcbe694ea63956beb7a8deda7727c6d5101973aff989ed5f825b46,2017-03,Sussex Police,Sussex Police,-0.166418,50.828555,On or near Wilbury Road,E01016856,Brighton and Hove 026E,Other crime,Court result unavailable,
,2017-03,Sussex Police,Sussex Police,-0.145056,50.822588,On or near Parking Area,E01016952,Brighton and Hove 027A,Anti-social behaviour,,
,2017-03,Sussex Police,Sussex Police,-0.144034,50.820800,On or near South Street,E01016952,Brighton and Hove 027A,Anti-social behaviour,,
,2017-03,Sussex Police,Sussex Police,-0.138654,50.821497,On or near Shopping Area,E01016952,Brighton and Hove 027A,Anti-social behaviour,,
,2017-03,Sussex Police,Sussex Police,-0.138143,50.821479,On or near Castle Square,E01016952,Brighton and Hove 027A,Anti-social behaviour,,
,2017-03,Sussex Police,Sussex Police,-0.142171,50.822659,On or near Duke Street,E01016952,Brighton and Hove 027A,Anti-social behaviour,,
,2017-03,Sussex Police,Sussex Police,-0.138660,50.820274,On or near Nightclub,E01016952,Brighton and Hove 027A,Anti-social behaviour,,
,2017-03,Sussex Police,Sussex Police,-0.139315,50.820581,On or near East Street,E01016952,Brighton and Hove 027A,Anti-social behaviour,,
,2017-03,Sussex Police,Sussex Police,-0.139315,50.820581,On or near East Street,E01016952,Brighton and Hove 027A,Anti-social behaviour,,
,2017-03,Sussex Police,Sussex Police,-0.139315,50.820581,On or near East Street,E01016952,Brighton and Hove 027A,Anti-social behaviour,,
,2017-03,Sussex Police,Sussex Police,-0.139315,50.820581,On or near East Street,E01016952,Brighton and Hove 027A,Anti-social behaviour,,
,2017-03,Sussex Police,Sussex Police,-0.139315,50.820581,On or near East Street,E01016952,Brighton and Hove 027A,Anti-social behaviour,,
,2017-03,Sussex Police,Sussex Police,-0.138654,50.821497,On or near Shopping Area,E01016952,Brighton and Hove 027A,Anti-social behaviour,,
,2017-03,Sussex Police,Sussex Police,-0.139315,50.820581,On or near East Street,E01016952,Brighton and Hove 027A,Anti-social behaviour,,
,2017-03,Sussex Police,Sussex Police,-0.138654,50.821497,On or near Shopping Area,E01016952,Brighton and Hove 027A,Anti-social behaviour,,
,2017-03,Sussex Police,Sussex Police,-0.148384,50.824601,On or near Crown Street,E01016952,Brighton and Hove 027A,Anti-social behaviour,,
,2017-03,Sussex Police,Sussex Police,-0.138962,50.819820,On or near Nightclub,E01016952,Brighton and Hove 027A,Anti-social behaviour,,
,2017-03,Sussex Police,Sussex Police,-0.138654,50.821497,On or near Shopping Area,E01016952,Brighton and Hove 027A,Anti-social behaviour,,
,2017-03,Sussex Police,Sussex Police,-0.138654,50.821497,On or near Shopping Area,E01016952,Brighton and Hove 027A,Anti-social behaviour,,
,2017-03,Sussex Police,Sussex Police,-0.138654,50.821497,On or near Shopping Area,E01016952,Brighton and Hove 027A,Anti-social behaviour,,
,2017-03,Sussex Police,Sussex Police,-0.143583,50.822151,On or near Boyce'S Street,E01016952,Brighton and Hove 027A,Anti-social behaviour,,
,2017-03,Sussex Police,Sussex Police,-0.141965,50.819994,On or near Theatre/Concert Hall,E01016952,Brighton and Hove 027A,Anti-social behaviour,,
,2017-03,Sussex Police,Sussex Police,-0.141214,50.823156,On or near North Street,E01016952,Brighton and Hove 027A,Anti-social behaviour,,
,2017-03,Sussex Police,Sussex Police,-0.141214,50.823156,On or near North Street,E01016952,Brighton and Hove 027A,Anti-social behaviour,,
,2017-03,Sussex Police,Sussex Police,-0.147567,50.823716,On or near Clarence Square,E01016952,Brighton and Hove 027A,Anti-social behaviour,,
,2017-03,Sussex Police,Sussex Police,-0.147689,50.822441,On or near Cannon Place,E01016952,Brighton and Hove 027A,Anti-social behaviour,,
,2017-03,Sussex Police,Sussex Police,-0.148384,50.824601,On or near Crown Street,E01016952,Brighton and Hove 027A,Anti-social behaviour,,
,2017-03,Sussex Police,Sussex Police,-0.142171,50.822659,On or near Duke Street,E01016952,Brighton and Hove 027A,Anti-social behaviour,,
,2017-03,Sussex Police,Sussex Police,-0.146106,50.821894,On or near Russell Road,E01016952,Brighton and Hove 027A,Anti-social behaviour,,
,2017-03,Sussex Police,Sussex Police,-0.144224,50.822089,On or near West Street,E01016952,Brighton and Hove 027A,Anti-social behaviour,,
,2017-03,Sussex Police,Sussex Police,-0.144224,50.822089,On or near West Street,E01016952,Brighton and Hove 027A,Anti-social behaviour,,
,2017-03,Sussex Police,Sussex Police,-0.146106,50.821894,On or near Russell Road,E01016952,Brighton and Hove 027A,Anti-social behaviour,,
,2017-03,Sussex Police,Sussex Police,-0.146106,50.821894,On or near Russell Road,E01016952,Brighton and Hove 027A,Anti-social behaviour,,
,2017-03,Sussex Police,Sussex Police,-0.145056,50.822588,On or near Parking Area,E01016952,Brighton and Hove 027A,Anti-social behaviour,,
,2017-03,Sussex Police,Sussex Police,-0.146106,50.821894,On or near Russell Road,E01016952,Brighton and Hove 027A,Anti-social behaviour,,
,2017-03,Sussex Police,Sussex Police,-0.145348,50.820596,On or near Pedestrian Subway,E01016952,Brighton and Hove 027A,Anti-social behaviour,,
,2017-03,Sussex Police,Sussex Police,-0.144224,50.822089,On or near West Street,E01016952,Brighton and Hove 027A,Anti-social behaviour,,
,2017-03,Sussex Police,Sussex Police,-0.138962,50.819820,On or near Nightclub,E01016952,Brighton and Hove 027A,Anti-social behaviour,,
,2017-03,Sussex Police,Sussex Police,-0.142171,50.822659,On or near Duke Street,E01016952,Brighton and Hove 027A,Anti-social behaviour,,
,2017-03,Sussex Police,Sussex Police,-0.141285,50.820666,On or near Black Lion Street,E01016952,Brighton and Hove 027A,Anti-social behaviour,,
,2017-03,Sussex Police,Sussex Police,-0.141214,50.823156,On or near North Street,E01016952,Brighton and Hove 027A,Anti-social behaviour,,
,2017-03,Sussex Police,Sussex Police,-0.138660,50.820274,On or near Nightclub,E01016952,Brighton and Hove 027A,Anti-social behaviour,,
,2017-03,Sussex Police,Sussex Police,-0.138654,50.821497,On or near Shopping Area,E01016952,Brighton and Hove 027A,Anti-social behaviour,,
,2017-03,Sussex Police,Sussex Police,-0.138934,50.819442,On or near Grand Junction Road,E01016952,Brighton and Hove 027A,Anti-social behaviour,,
,2017-03,Sussex Police,Sussex Police,-0.141285,50.820666,On or near Black Lion Street,E01016952,Brighton and Hove 027A,Anti-social behaviour,,
,2017-03,Sussex Police,Sussex Police,-0.147689,50.822441,On or near Cannon Place,E01016952,Brighton and Hove 027A,Anti-social behaviour,,
,2017-03,Sussex Police,Sussex Police,-0.145215,50.824317,On or near Regent Row,E01016952,Brighton and Hove 027A,Anti-social behaviour,,
,2017-03,Sussex Police,Sussex Police,-0.145056,50.822588,On or near Parking Area,E01016952,Brighton and Hove 027A,Anti-social behaviour,,
,2017-03,Sussex Police,Sussex Police,-0.145056,50.822588,On or near Parking Area,E01016952,Brighton and Hove 027A,Anti-social behaviour,,
,2017-03,Sussex Police,Sussex Police,-0.145056,50.822588,On or near Parking Area,E01016952,Brighton and Hove 027A,Anti-social behaviour,,
,2017-03,Sussex Police,Sussex Police,-0.145056,50.822588,On or near Parking Area,E01016952,Brighton and Hove 027A,Anti-social behaviour,,
,2017-03,Sussex Police,Sussex Police,-0.144224,50.822089,On or near West Street,E01016952,Brighton and Hove 027A,Anti-social behaviour,,
,2017-03,Sussex Police,Sussex Police,-0.143583,50.822151,On or near Boyce'S Street,E01016952,Brighton and Hove 027A,Anti-social behaviour,,
,2017-03,Sussex Police,Sussex Police,-0.146106,50.821894,On or near Russell Road,E01016952,Brighton and Hove 027A,Anti-social behaviour,,
,2017-03,Sussex Police,Sussex Police,-0.144224,50.822089,On or near West Street,E01016952,Brighton and Hove 027A,Anti-social behaviour,,
,2017-03,Sussex Police,Sussex Police,-0.141214,50.823156,On or near North Street,E01016952,Brighton and Hove 027A,Anti-social behaviour,,
,2017-03,Sussex Police,Sussex Police,-0.147567,50.823716,On or near Clarence Square,E01016952,Brighton and Hove 027A,Anti-social behaviour,,
,2017-03,Sussex Police,Sussex Police,-0.141214,50.823156,On or near North Street,E01016952,Brighton and Hove 027A,Anti-social behaviour,,
,2017-03,Sussex Police,Sussex Police,-0.147567,50.823716,On or near Clarence Square,E01016952,Brighton and Hove 027A,Anti-social behaviour,,
,2017-03,Sussex Police,Sussex Police,-0.144224,50.822089,On or near West Street,E01016952,Brighton and Hove 027A,Anti-social behaviour,,
,2017-03,Sussex Police,Sussex Police,-0.147567,50.823716,On or near Clarence Square,E01016952,Brighton and Hove 027A,Anti-social behaviour,,
,2017-03,Sussex Police,Sussex Police,-0.147567,50.823716,On or near Clarence Square,E01016952,Brighton and Hove 027A,Anti-social behaviour,,
,2017-03,Sussex Police,Sussex Police,-0.147567,50.823716,On or near Clarence Square,E01016952,Brighton and Hove 027A,Anti-social behaviour,,
,2017-03,Sussex Police,Sussex Police,-0.145056,50.822588,On or near Parking Area,E01016952,Brighton and Hove 027A,Anti-social behaviour,,
,2017-03,Sussex Police,Sussex Police,-0.143583,50.822151,On or near Boyce'S Street,E01016952,Brighton and Hove 027A,Anti-social behaviour,,
,2017-03,Sussex Police,Sussex Police,-0.143583,50.822151,On or near Boyce'S Street,E01016952,Brighton and Hove 027A,Anti-social behaviour,,
,2017-03,Sussex Police,Sussex Police,-0.138962,50.819820,On or near Nightclub,E01016952,Brighton and Hove 027A,Anti-social behaviour,,
,2017-03,Sussex Police,Sussex Police,-0.147689,50.822441,On or near Cannon Place,E01016952,Brighton and Hove 027A,Anti-social behaviour,,
,2017-03,Sussex Police,Sussex Police,-0.147033,50.821072,On or near King'S Road,E01016952,Brighton and Hove 027A,Anti-social behaviour,,
,2017-03,Sussex Police,Sussex Police,-0.147567,50.823716,On or near Clarence Square,E01016952,Brighton and Hove 027A,Anti-social behaviour,,
,2017-03,Sussex Police,Sussex Police,-0.138143,50.821479,On or near Castle Square,E01016952,Brighton and Hove 027A,Anti-social behaviour,,
88046a7b39b1d4afc444fac52fc616bc4b386251d6f254227587259a0e64b63c,2017-03,Sussex Police,Sussex Police,-0.140732,50.820999,On or near Nightclub,E01016952,Brighton and Hove 027A,Bicycle theft,Investigation complete; no suspect identified,
1e603f685670360b4e1d585653649df6962a6805c664fd10e0b381e36c32a90b,2017-03,Sussex Police,Sussex Police,-0.145348,50.820596,On or near Pedestrian Subway,E01016952,Brighton and Hove 027A,Burglary,Unable to prosecute suspect,
07a4b1d54c3feeaea346a19c5fcf5b6b70d927790a4724ec9e1fa14b6bcdf52a,2017-03,Sussex Police,Sussex Police,-0.148046,50.823094,On or near Russell Square,E01016952,Brighton and Hove 027A,Burglary,Investigation complete; no suspect identified,
89a6f00ff8635bf41e6f03e71c681625e7a2fe5f563f9fdc2c5ee45bde7c36c4,2017-03,Sussex Police,Sussex Police,-0.147689,50.822441,On or near Cannon Place,E01016952,Brighton and Hove 027A,Burglary,Unable to prosecute suspect,
cd18dc37bc1d331dc0b5f753eea792b1decc6821ef4ace1b14f732103fd494a1,2017-03,Sussex Police,Sussex Police,-0.141285,50.820666,On or near Black Lion Street,E01016952,Brighton and Hove 027A,Burglary,Investigation complete; no suspect identified,
1548d9f0a4269fea3bdd2944a21e0ac12ce61ecc928638ff5b3d55a2a98f88fe,2017-03,Sussex Police,Sussex Police,-0.142171,50.822659,On or near Duke Street,E01016952,Brighton and Hove 027A,Burglary,Investigation complete; no suspect identified,
d237c0602c91be31b103d2182a0939d0bb03a50742c979c1fe4dc2d0f10b0829,2017-03,Sussex Police,Sussex Police,-0.141141,50.821437,On or near Prince Albert Street,E01016952,Brighton and Hove 027A,Burglary,Further investigation is not in the public interest,
6ea22c58b44b7e8bb5d871e16b79401757ded04b91db4c210dcf7a3e55a82c4b,2017-03,Sussex Police,Sussex Police,-0.139636,50.820721,On or near Bartholomews,E01016952,Brighton and Hove 027A,Burglary,Investigation complete; no suspect identified,
57c36b4b681105bb38489b6afbc4bf5c1de71f6db53f17e68730d3102df3dcf8,2017-03,Sussex Police,Sussex Police,-0.148046,50.823094,On or near Russell Square,E01016952,Brighton and Hove 027A,Burglary,Offender sent to prison,
f6b49320367527e30d5309cfc9b9dd90f6b0fdc970001a9b9bcfbaa5e0d96e31,2017-03,Sussex Police,Sussex Police,-0.141285,50.820666,On or near Black Lion Street,E01016952,Brighton and Hove 027A,Criminal damage and arson,Unable to prosecute suspect,
f2c41d1d28c4f8fa189b7fe551b65ec26226ae4036dd2164e40b6ce8513d83bd,2017-03,Sussex Police,Sussex Police,-0.145760,50.822392,On or near Regency Road,E01016952,Brighton and Hove 027A,Criminal damage and arson,Unable to prosecute suspect,
960c9f8f8edad4a752dd0a826dca4598405f722464a2db9ae179b7de42bb0724,2017-03,Sussex Police,Sussex Police,-0.138962,50.819820,On or near Nightclub,E01016952,Brighton and Hove 027A,Criminal damage and arson,Investigation complete; no suspect identified,
ef337e5fd80efe33f22f90b0d6c83a444a683942198ae8e6db774b799df091e4,2017-03,Sussex Police,Sussex Police,-0.138934,50.819442,On or near Grand Junction Road,E01016952,Brighton and Hove 027A,Criminal damage and arson,Investigation complete; no suspect identified,
ab0de8a253c8f8189497b66772853a7693d8509c73f5a46cc5f7cd24eb2157bc,2017-03,Sussex Police,Sussex Police,-0.138654,50.821497,On or near Shopping Area,E01016952,Brighton and Hove 027A,Criminal damage and arson,Investigation complete; no suspect identified,
9ebfaa30e5f11a67811e91baa07fc825f69198a912f4d86952df33cc1f975610,2017-03,Sussex Police,Sussex Police,-0.141798,50.821682,On or near Ship Street,E01016952,Brighton and Hove 027A,Criminal damage and arson,Investigation complete; no suspect identified,
7ff72136066c7faf3436bd6b12b3d386a421ac2ec40ea92279f1ccd31044745d,2017-03,Sussex Police,Sussex Police,-0.142171,50.822659,On or near Duke Street,E01016952,Brighton and Hove 027A,Criminal damage and arson,Investigation complete; no suspect identified,
73c4ace59159b3419b283a82d4d5fc0f82661f74ceb4f0060c6ca5c9185ba4a9,2017-03,Sussex Police,Sussex Police,-0.147092,50.822458,On or near Parking Area,E01016952,Brighton and Hove 027A,Criminal damage and arson,Investigation complete; no suspect identified,
e138df433f2f703468c333294052e1564c70ee8fe2950539f9c44af10f7b6c10,2017-03,Sussex Police,Sussex Police,-0.143583,50.822151,On or near Boyce'S Street,E01016952,Brighton and Hove 027A,Criminal damage and arson,Further investigation is not in the public interest,
bc17fed4f8ee22ea9966f8f14776f9166d7cb6d58d06a4cf4c7b0ffa52e0b6ec,2017-03,Sussex Police,Sussex Police,-0.138660,50.820274,On or near Nightclub,E01016952,Brighton and Hove 027A,Criminal damage and arson,Further investigation is not in the public interest,
5bef4fa22641d11cfa845163806fd5bb8e0ff8903452922fc32a883ae7786437,2017-03,Sussex Police,Sussex Police,-0.141214,50.823156,On or near North Street,E01016952,Brighton and Hove 027A,Criminal damage and arson,Investigation complete; no suspect identified,
e57b46f136e5342550b1e84fde4c97182f8ba7388ac5496d5b915c3027b70fab,2017-03,Sussex Police,Sussex Police,-0.143583,50.822151,On or near Boyce'S Street,E01016952,Brighton and Hove 027A,Criminal damage and arson,Investigation complete; no suspect identified,
6d634b73a6f1f33b8ead082992e96e1864737d4ba6ef7e18555b16c3053ee00b,2017-03,Sussex Police,Sussex Police,-0.145695,50.822958,On or near Brighton Churchill Square Shopping Centre,E01016952,Brighton and Hove 027A,Criminal damage and arson,Offender given a caution,
263d5af854bbcbc525cf4351c3e45c6b033b73175fe27f077487841b042b584b,2017-03,Sussex Police,Sussex Police,-0.141285,50.820666,On or near Black Lion Street,E01016952,Brighton and Hove 027A,Criminal damage and arson,Investigation complete; no suspect identified,
8e7ade3aa1c264b35eaeec7defb02109d2881bf5f380bf338a63c1b3a114811e,2017-03,Sussex Police,Sussex Police,-0.141141,50.821437,On or near Prince Albert Street,E01016952,Brighton and Hove 027A,Criminal damage and arson,Investigation complete; no suspect identified,
2edf18b66931cb8e79b4bd65aa60f26a6eef04a399bdb55a3d4c0d5c13958a88,2017-03,Sussex Police,Sussex Police,-0.140732,50.820999,On or near Nightclub,E01016952,Brighton and Hove 027A,Criminal damage and arson,Investigation complete; no suspect identified,
54da590057be3283a2081aa374b38a0c615848e1fb544a055c667b86ef8184af,2017-03,Sussex Police,Sussex Police,-0.145690,50.823075,On or near Shopping Area,E01016952,Brighton and Hove 027A,Criminal damage and arson,Investigation complete; no suspect identified,
feffe9b6a697ac83a180a00f8f8f9ca12e84efb818e18a0e6ec0eefbaed615f4,2017-03,Sussex Police,Sussex Police,-0.138962,50.819820,On or near Nightclub,E01016952,Brighton and Hove 027A,Criminal damage and arson,Investigation complete; no suspect identified,
e6c7c7c0b60f5ea7f5d0b003f635f2220fddcdf3c52a90ce9e68ff6fad2e4c95,2017-03,Sussex Police,Sussex Police,-0.141285,50.820666,On or near Black Lion Street,E01016952,Brighton and Hove 027A,Criminal damage and arson,Local resolution,
2c389de16708792c7700fa60f6bf8f7c29504f91df2967772b6bda09798e6637,2017-03,Sussex Police,Sussex Police,-0.144224,50.822089,On or near West Street,E01016952,Brighton and Hove 027A,Criminal damage and arson,Investigation complete; no suspect identified,
537f2ddee3d890abe0394b66bccae036ddb69a35972bcf134f32bf344f4f5577,2017-03,Sussex Police,Sussex Police,-0.141798,50.821682,On or near Ship Street,E01016952,Brighton and Hove 027A,Criminal damage and arson,Investigation complete; no suspect identified,
ae4a6f75b46043668f9ab841b299e1d131ffeec0551fcaf3cd202804d0badec7,2017-03,Sussex Police,Sussex Police,-0.141285,50.820666,On or near Black Lion Street,E01016952,Brighton and Hove 027A,Criminal damage and arson,Investigation complete; no suspect identified,
007ec87dc00ea4a80eeb4b8ff7d64402cbcacaf6a2a1d052ceea9835c9da440d,2017-03,Sussex Police,Sussex Police,-0.144224,50.822089,On or near West Street,E01016952,Brighton and Hove 027A,Drugs,Awaiting court outcome,
d30da098dc3b3ca3878086d7a0863d6af8d0937535ee7ea44d78ef17748a11cf,2017-03,Sussex Police,Sussex Police,-0.147033,50.821072,On or near King'S Road,E01016952,Brighton and Hove 027A,Drugs,Court result unavailable,
a3f3536f2fe8457cb867724825d1be41b4bb87e086534e4c2e9adb81b0cdab1a,2017-03,Sussex Police,Sussex Police,-0.138962,50.819820,On or near Nightclub,E01016952,Brighton and Hove 027A,Drugs,Offender given community sentence,
0b5c72ef1ddf003de785f06a30aac4ea3d160076cd9281053d5fae00eaea3494,2017-03,Sussex Police,Sussex Police,-0.138962,50.819820,On or near Nightclub,E01016952,Brighton and Hove 027A,Drugs,Formal action is not in the public interest,
65f0fb87b3954093e7e3a170b60e2d707d821daafa7ff39a7e4a803e6cf2f62f,2017-03,Sussex Police,Sussex Police,-0.141214,50.823156,On or near North Street,E01016952,Brighton and Hove 027A,Drugs,Awaiting court outcome,
dcca2a37f96629de69f449b27d8698be9862ac2d6014488586374c4129612593,2017-03,Sussex Police,Sussex Police,-0.146106,50.821894,On or near Russell Road,E01016952,Brighton and Hove 027A,Drugs,Formal action is not in the public interest,
0a60f52ce3f3c74c1eaedde6b2537992e7bfa3da952660bd4cbb6d3cdf218829,2017-03,Sussex Police,Sussex Police,-0.143109,50.821568,On or near Middle Street,E01016952,Brighton and Hove 027A,Drugs,Status update unavailable,
58980502d9b440d1478f451d8775a68200d35cf66a08812a2eb0a6d8d89a16fb,2017-03,Sussex Police,Sussex Police,-0.144224,50.822089,On or near West Street,E01016952,Brighton and Hove 027A,Drugs,Awaiting court outcome,
89926a155ea63af3318bebac260e1c7241f5bf2cc1d1bdcc06c8e800377e2ea3,2017-03,Sussex Police,Sussex Police,-0.147033,50.821072,On or near King'S Road,E01016952,Brighton and Hove 027A,Drugs,Court result unavailable,
c7ba8998d9916e125cdfe3e29a7686be5feea073dda5c1cd08b5f0eb28b5e074,2017-03,Sussex Police,Sussex Police,-0.138934,50.819442,On or near Grand Junction Road,E01016952,Brighton and Hove 027A,Other theft,Offender sent to prison,
c87d44ef2b63901ad39c62857495a03294792862a4b37d9687d7039c30865bf0,2017-03,Sussex Police,Sussex Police,-0.147567,50.823716,On or near Clarence Square,E01016952,Brighton and Hove 027A,Other theft,Unable to prosecute suspect,
9a1c522e9cb72ad91fff54193c2fd487d52dda312b0cc17effee2b0bab538d06,2017-03,Sussex Police,Sussex Police,-0.141965,50.819994,On or near Theatre/Concert Hall,E01016952,Brighton and Hove 027A,Other theft,Investigation complete; no suspect identified,
973272fc97bf56a143c9c13fe928a19b0b6585d426792951758c645171446d02,2017-03,Sussex Police,Sussex Police,-0.144034,50.820800,On or near South Street,E01016952,Brighton and Hove 027A,Other theft,Investigation complete; no suspect identified,
2ce69ceb8a9d9e8e93d53c818bddbc9775616036ac1b43c7b958108747a9b4e8,2017-03,Sussex Police,Sussex Police,-0.144034,50.820800,On or near South Street,E01016952,Brighton and Hove 027A,Other theft,Investigation complete; no suspect identified,
2c22df4e3054c4cf74ad12b69467e977587086e3af4231c87363d82100d1769e,2017-03,Sussex Police,Sussex Police,-0.145056,50.822588,On or near Parking Area,E01016952,Brighton and Hove 027A,Other theft,Status update unavailable,
221e6e4c0d30b6664778861418f56f6ebb9c1ad7954e2f4481eb082cec9a3bd3,2017-03,Sussex Police,Sussex Police,-0.145215,50.824317,On or near Regent Row,E01016952,Brighton and Hove 027A,Other theft,Investigation complete; no suspect identified,
1c140f459ce195dd765f043a5bf95ee68c37ebbc59e1afb9fd8252b5032fd19a,2017-03,Sussex Police,Sussex Police,-0.144034,50.820800,On or near South Street,E01016952,Brighton and Hove 027A,Other theft,Investigation complete; no suspect identified,
fabf95fc23f36bcf9e72bd4c3f20d5af9e14f6a9593ad20702ce49c7e1121b9d,2017-03,Sussex Police,Sussex Police,-0.138654,50.821497,On or near Shopping Area,E01016952,Brighton and Hove 027A,Other theft,Investigation complete; no suspect identified,
76429fa2d6d14f167a1c1dbdf7a9f225dc9fad81d21435ff8a2bdae452c58432,2017-03,Sussex Police,Sussex Police,-0.141214,50.823156,On or near North Street,E01016952,Brighton and Hove 027A,Other theft,Investigation complete; no suspect identified,
2f2b8135d11a8e2e623c0ba513a420f62d2dde77f2771f0175a1dc71e0500c21,2017-03,Sussex Police,Sussex Police,-0.143583,50.822151,On or near Boyce'S Street,E01016952,Brighton and Hove 027A,Other theft,Investigation complete; no suspect identified,
f82818f92fa365f526732c910a7e8e74bcb694d891736bd51542755bf2b6eb01,2017-03,Sussex Police,Sussex Police,-0.143460,50.820962,On or near Nightclub,E01016952,Brighton and Hove 027A,Other theft,Further investigation is not in the public interest,
84f63a99f8f2a0247398a01efa36c05b7f9443a46bbbc815dc8841fe4879f9a9,2017-03,Sussex Police,Sussex Police,-0.147567,50.823716,On or near Clarence Square,E01016952,Brighton and Hove 027A,Other theft,Unable to prosecute suspect,
591f71b43d18f8f03f8409704b39829fd14cde07b0f6bc6e96ecafed8d03a179,2017-03,Sussex Police,Sussex Police,-0.143460,50.820962,On or near Nightclub,E01016952,Brighton and Hove 027A,Other theft,Investigation complete; no suspect identified,
6438b4bbd4849413c57e52bcdb8a3e640ab225281ac5ca50fbef8c0dd0b22433,2017-03,Sussex Police,Sussex Police,-0.146106,50.821894,On or near Russell Road,E01016952,Brighton and Hove 027A,Other theft,Investigation complete; no suspect identified,
024807c042f2beab7438e39161b7c92badb3d2775c24ad08ff1b8d9365f10789,2017-03,Sussex Police,Sussex Police,-0.138962,50.819820,On or near Nightclub,E01016952,Brighton and Hove 027A,Other theft,Investigation complete; no suspect identified,
8a8e8c9b45159cf69d0854ebb0dd202ab47ac4e5afc852ae6603e5ac89898fbd,2017-03,Sussex Police,Sussex Police,-0.140994,50.819771,On or near Nightclub,E01016952,Brighton and Hove 027A,Other theft,Investigation complete; no suspect identified,
b55c412ea6b9498041ddf4891bb67abc0498daad97a30eec5741ccde591e1985,2017-03,Sussex Police,Sussex Police,-0.144034,50.820800,On or near South Street,E01016952,Brighton and Hove 027A,Other theft,Investigation complete; no suspect identified,
3929ffe8e570d2c4d842a5d2c2a60b4b1e9b9294567664646ebf64fb6a5b1aea,2017-03,Sussex Police,Sussex Police,-0.145056,50.822588,On or near Parking Area,E01016952,Brighton and Hove 027A,Other theft,Investigation complete; no suspect identified,
6cab20be2121d40170cc7512d7ccd3e5b2928bf0fa4e358093021fb55bc51730,2017-03,Sussex Police,Sussex Police,-0.141214,50.823156,On or near North Street,E01016952,Brighton and Hove 027A,Other theft,Further investigation is not in the public interest,
d0430a0bd8c0be9b0b6afdbf8fbe312a58b828954c9a27e6c52730b22ae6caad,2017-03,Sussex Police,Sussex Police,-0.145215,50.824317,On or near Regent Row,E01016952,Brighton and Hove 027A,Other theft,Investigation complete; no suspect identified,
1fe057456fd9fa37bf9cde572c97136a93974488477f5694ad9ac5bd48a31c03,2017-03,Sussex Police,Sussex Police,-0.144034,50.820800,On or near South Street,E01016952,Brighton and Hove 027A,Other theft,Investigation complete; no suspect identified,
1dd459479ba0552674a31f55770efbf2a0d39bc3ce68ee08f83a1601bc17eaf5,2017-03,Sussex Police,Sussex Police,-0.142171,50.822659,On or near Duke Street,E01016952,Brighton and Hove 027A,Other theft,Investigation complete; no suspect identified,
f4270387b6b29a2c7b6a1dceed6fc5bf9368b3da726f77fd743e457512d7b575,2017-03,Sussex Police,Sussex Police,-0.141141,50.821437,On or near Prince Albert Street,E01016952,Brighton and Hove 027A,Other theft,Investigation complete; no suspect identified,
3aadd5e7eeb136f9b388b075b17d053841dd3f842f9e4543229365983e6a2f77,2017-03,Sussex Police,Sussex Police,-0.145690,50.823075,On or near Shopping Area,E01016952,Brighton and Hove 027A,Other theft,Investigation complete; no suspect identified,
d3fef1dbe54fe632debcc717bb833f76386a5609db657e4926bf9db53d29d250,2017-03,Sussex Police,Sussex Police,-0.143460,50.820962,On or near Nightclub,E01016952,Brighton and Hove 027A,Other theft,Investigation complete; no suspect identified,
4a8a0cdd0685b1a286daa495906d1b0f62cfbfea4b0b7b69237b835dda8480a4,2017-03,Sussex Police,Sussex Police,-0.143460,50.820962,On or near Nightclub,E01016952,Brighton and Hove 027A,Other theft,Investigation complete; no suspect identified,
b8cecf68d0abddc08777ea548b697157e328ea2def51dc3e0d61244c8e5338c3,2017-03,Sussex Police,Sussex Police,-0.142171,50.822659,On or near Duke Street,E01016952,Brighton and Hove 027A,Other theft,Investigation complete; no suspect identified,
31f8ce38df8ad195ff1c3984ac8c4bcec878f4323df78462233456222db20aad,2017-03,Sussex Police,Sussex Police,-0.138660,50.820274,On or near Nightclub,E01016952,Brighton and Hove 027A,Other theft,Investigation complete; no suspect identified,
39991d9e4e955cb6f14b17242ba7a7e7ed2c22c4203e03e46ab3f74340afa200,2017-03,Sussex Police,Sussex Police,-0.139315,50.820581,On or near East Street,E01016952,Brighton and Hove 027A,Other theft,Investigation complete; no suspect identified,
c6cd47a35e923940fe3ab9580aecdfc2ef4f495754439a897392af8b676fda27,2017-03,Sussex Police,Sussex Police,-0.138660,50.820274,On or near Nightclub,E01016952,Brighton and Hove 027A,Other theft,Unable to prosecute suspect,
c43acb230edf53dc555ab5dd3197e439c2dacaad40348a9e14a5f748f63d5b4c,2017-03,Sussex Police,Sussex Police,-0.138962,50.819820,On or near Nightclub,E01016952,Brighton and Hove 027A,Other theft,Further investigation is not in the public interest,
55f233126fcded20836ca49eb0a150c2ab3835422a34a9be23ffbf36dd39a062,2017-03,Sussex Police,Sussex Police,-0.143377,50.821248,On or near Nightclub,E01016952,Brighton and Hove 027A,Other theft,Investigation complete; no suspect identified,
548f7740b6f85233d5fcc647349788b59e72da1a4a658c8cce4794d8a79f058e,2017-03,Sussex Police,Sussex Police,-0.145215,50.824317,On or near Regent Row,E01016952,Brighton and Hove 027A,Other theft,Investigation complete; no suspect identified,
cf77d8590882652ba781fa5201e8330b7678d24e0bd466945d810dffe5ee12b1,2017-03,Sussex Police,Sussex Police,-0.145056,50.822588,On or near Parking Area,E01016952,Brighton and Hove 027A,Other theft,Investigation complete; no suspect identified,
481abc0459a6dbf974ede98f9a8a7f44641ae0387cc6bd9876a6630e8e96cbfb,2017-03,Sussex Police,Sussex Police,-0.141965,50.819994,On or near Theatre/Concert Hall,E01016952,Brighton and Hove 027A,Other theft,Investigation complete; no suspect identified,
f4d4883ed014024d0c674e0ae6d40cd9e6c489e7639ccd0c01ef3a98c6c43745,2017-03,Sussex Police,Sussex Police,-0.142171,50.822659,On or near Duke Street,E01016952,Brighton and Hove 027A,Other theft,Investigation complete; no suspect identified,
22f6ada5b219cbc63e6367006942757c46a70e2978456054f187734687f4e1a5,2017-03,Sussex Police,Sussex Police,-0.145690,50.823075,On or near Shopping Area,E01016952,Brighton and Hove 027A,Other theft,Investigation complete; no suspect identified,
b57ebb574acb9a01bc9c48ad6d07457bbd4ea7065ea4b8e1113e2bda9da1120b,2017-03,Sussex Police,Sussex Police,-0.148384,50.824601,On or near Crown Street,E01016952,Brighton and Hove 027A,Other theft,Investigation complete; no suspect identified,
1ff217f5c4b012f95cb04aeb75798eea00cc059715ed141ec7d4ae9a8b6ab02d,2017-03,Sussex Police,Sussex Police,-0.141214,50.823156,On or near North Street,E01016952,Brighton and Hove 027A,Other theft,Investigation complete; no suspect identified,
ae33c03d1adcad9902ace0cb771ac0f104f06d50efb9b73a32fa64616624fe82,2017-03,Sussex Police,Sussex Police,-0.138654,50.821497,On or near Shopping Area,E01016952,Brighton and Hove 027A,Other theft,Investigation complete; no suspect identified,
d01868f9b4af9c533f6daff1316dc2fb237d78511dc61a1dcd41368be6ad15ca,2017-03,Sussex Police,Sussex Police,-0.138660,50.820274,On or near Nightclub,E01016952,Brighton and Hove 027A,Other theft,Investigation complete; no suspect identified,
8c2360df2b6c56f3dcc31ff3f630a02376782441e41902ae049fd62ced9fe99a,2017-03,Sussex Police,Sussex Police,-0.145348,50.820596,On or near Pedestrian Subway,E01016952,Brighton and Hove 027A,Other theft,Investigation complete; no suspect identified,
3455019d53f33370435bca4a447ef203999e056f2077c962395c0864a08f53ac,2017-03,Sussex Police,Sussex Police,-0.145348,50.820596,On or near Pedestrian Subway,E01016952,Brighton and Hove 027A,Other theft,Offender given a caution,
5055c123bb264069a2b5f86b8d1575db637ad78ccc8d05b9911246487beb03c5,2017-03,Sussex Police,Sussex Police,-0.140994,50.819771,On or near Nightclub,E01016952,Brighton and Hove 027A,Other theft,Investigation complete; no suspect identified,
f904d19399b71a45f655ce4c489b7e6f5f8b6c90c53eb98724bf32ae3b4e52e3,2017-03,Sussex Police,Sussex Police,-0.141965,50.819994,On or near Theatre/Concert Hall,E01016952,Brighton and Hove 027A,Other theft,Investigation complete; no suspect identified,
de1490edf8259b2b718a85c2a045ee52153b8c3deef771f28e58114de4972ea2,2017-03,Sussex Police,Sussex Police,-0.144034,50.820800,On or near South Street,E01016952,Brighton and Hove 027A,Other theft,Investigation complete; no suspect identified,
8f9385f1ae1bbe92ba4458851f7a07606b071672e0374955c666598950620ab3,2017-03,Sussex Police,Sussex Police,-0.145348,50.820596,On or near Pedestrian Subway,E01016952,Brighton and Hove 027A,Other theft,Investigation complete; no suspect identified,
519ba1bf583bcdae18a736d9002d5fb5eaaaa7f23ea15963afd72b87ce177d23,2017-03,Sussex Police,Sussex Police,-0.150392,50.821584,On or near Pedestrian Subway,E01016952,Brighton and Hove 027A,Possession of weapons,Unable to prosecute suspect,
b9d6fd74c73961c563e2fd6295fae130dbd2053d347b8f1114664c78207b888e,2017-03,Sussex Police,Sussex Police,-0.140994,50.819771,On or near Nightclub,E01016952,Brighton and Hove 027A,Possession of weapons,Court result unavailable,
757650b46cee416be86784b0e6a725dec9d76ab069f00d9cf620a406f23ea2be,2017-03,Sussex Police,Sussex Police,-0.147033,50.821072,On or near King'S Road,E01016952,Brighton and Hove 027A,Possession of weapons,Offender given a caution,
d63b4a0ecbdef16abadbf86cd4e0cad7b15d0dae11247a6ffaafe19092b79a03,2017-03,Sussex Police,Sussex Police,-0.150392,50.821584,On or near Pedestrian Subway,E01016952,Brighton and Hove 027A,Possession of weapons,Further investigation is not in the public interest,
d02fbdfc9467275293ee66bd4b95c72c26f85a462f6f945938fe083d94959aa7,2017-03,Sussex Police,Sussex Police,-0.148046,50.823094,On or near Russell Square,E01016952,Brighton and Hove 027A,Possession of weapons,Unable to prosecute suspect,
2296741a3f23fad7e70f10620080e4e63b358263802a5a3f23986075f7c18335,2017-03,Sussex Police,Sussex Police,-0.150392,50.821584,On or near Pedestrian Subway,E01016952,Brighton and Hove 027A,Possession of weapons,Formal action is not in the public interest,
271ca3fa2d51c7ff05f054c8caa6e0f4fbc25b0bcdb65373b5b5a9a8589ecf97,2017-03,Sussex Police,Sussex Police,-0.144224,50.822089,On or near West Street,E01016952,Brighton and Hove 027A,Possession of weapons,Offender sent to prison,
da32e4239f0cec0857e9e7dbdfaf078ac3da6640d7aa91689f23a0a27d9f59c0,2017-03,Sussex Police,Sussex Police,-0.150392,50.821584,On or near Pedestrian Subway,E01016952,Brighton and Hove 027A,Possession of weapons,Further investigation is not in the public interest,
fd9c123ce0c05d6caa10c9ceba77aaa39cce81a5c2eb94c4d6bb8ebc8deecc93,2017-03,Sussex Police,Sussex Police,-0.150392,50.821584,On or near Pedestrian Subway,E01016952,Brighton and Hove 027A,Possession of weapons,Status update unavailable,
a8bb5c4873e4f67a692fa768554a61a0d8fe67f360b8f10e2f97640842cd872e,2017-03,Sussex Police,Sussex Police,-0.141214,50.823156,On or near North Street,E01016952,Brighton and Hove 027A,Possession of weapons,Investigation complete; no suspect identified,
e0adf29f12279bf4bb7f8d9b70127d16702f447f312d25c68a283530cfc42575,2017-03,Sussex Police,Sussex Police,-0.147689,50.822441,On or near Cannon Place,E01016952,Brighton and Hove 027A,Possession of weapons,Unable to prosecute suspect,
6a9e1b0069cd9da86a9188d749937b1abde4d5ff6a8c8606863ca6a4a0acae26,2017-03,Sussex Police,Sussex Police,-0.141798,50.821682,On or near Ship Street,E01016952,Brighton and Hove 027A,Public order,Investigation complete; no suspect identified,
6388a6395417e39ee1d665f9c804fd0834428b34d7f6c9541940fb9c02680a3d,2017-03,Sussex Police,Sussex Police,-0.147033,50.821072,On or near King'S Road,E01016952,Brighton and Hove 027A,Public order,Court result unavailable,
3753a79154f2d3adb8dd8bf71dbf80daa2ba9b58abae8769c1745356377ede03,2017-03,Sussex Police,Sussex Police,-0.147033,50.821072,On or near King'S Road,E01016952,Brighton and Hove 027A,Public order,Investigation complete; no suspect identified,
de2ee0e74144ec51d2e846286aae0ad8e9b9b40e6956a4c86d2ee5c12ef1577e,2017-03,Sussex Police,Sussex Police,-0.139315,50.820581,On or near East Street,E01016952,Brighton and Hove 027A,Public order,Status update unavailable,
2b1c21df28103516de8212ec1ec4c3c02a1dc37439486499f91af9d4b6b0daae,2017-03,Sussex Police,Sussex Police,-0.141214,50.823156,On or near North Street,E01016952,Brighton and Hove 027A,Public order,Investigation complete; no suspect identified,
ff9e410cfea7acf6977c32e372786e3df970b379db59c4df4e157268623e0379,2017-03,Sussex Police,Sussex Police,-0.145695,50.822958,On or near Brighton Churchill Square Shopping Centre,E01016952,Brighton and Hove 027A,Public order,Investigation complete; no suspect identified,
3e32840b6d902c29045de0f7a4076645fa135dbb946667f1c1b4cf4a19006860,2017-03,Sussex Police,Sussex Police,-0.141214,50.823156,On or near North Street,E01016952,Brighton and Hove 027A,Public order,Court result unavailable,
9606223dd06d182a9fcd25ea117203ad0abe7e4360933ee9ce76cc33af97dbff,2017-03,Sussex Police,Sussex Police,-0.143583,50.822151,On or near Boyce'S Street,E01016952,Brighton and Hove 027A,Public order,Investigation complete; no suspect identified,
230f23af70fbe8d9aa4196c4865925150376ec2c981e94738268e47d6100dfc0,2017-03,Sussex Police,Sussex Police,-0.144224,50.822089,On or near West Street,E01016952,Brighton and Hove 027A,Public order,Unable to prosecute suspect,
b587c143885b450b6c358b4d773cbb85e2192274e89688a02d6a38db30d6c8d1,2017-03,Sussex Police,Sussex Police,-0.140994,50.819771,On or near Nightclub,E01016952,Brighton and Hove 027A,Public order,Unable to prosecute suspect,
2be187461525a3011ec54844144128508022cc77618d583a30e0e60807c3164f,2017-03,Sussex Police,Sussex Police,-0.144224,50.822089,On or near West Street,E01016952,Brighton and Hove 027A,Public order,Investigation complete; no suspect identified,
2776da0f6fb87e928ef3a4cc7fac259730102928d5e9ea083b6e8024e5665bf2,2017-03,Sussex Police,Sussex Police,-0.141214,50.823156,On or near North Street,E01016952,Brighton and Hove 027A,Public order,Unable to prosecute suspect,
a5a855e21c5cb6308f34382627df66753fbd01352d47bdb199c19c8caac85978,2017-03,Sussex Police,Sussex Police,-0.138654,50.821497,On or near Shopping Area,E01016952,Brighton and Hove 027A,Public order,Offender sent to prison,
8c555e83fddb3198efaa81648da1a57a326ad03bf7488f5e77d53579cf77c267,2017-03,Sussex Police,Sussex Police,-0.140994,50.819771,On or near Nightclub,E01016952,Brighton and Hove 027A,Public order,Formal action is not in the public interest,
d2d9921c14aecfeed1669586214d58a534982821ed6f1ee57c94a717b6acc6d4,2017-03,Sussex Police,Sussex Police,-0.146543,50.824482,On or near Regent Hill,E01016952,Brighton and Hove 027A,Public order,Investigation complete; no suspect identified,
8094ffb11fd8bf8efcdfcda406fb35d1fbe3f40fec8459902de78b39ed448fd9,2017-03,Sussex Police,Sussex Police,-0.147033,50.821072,On or near King'S Road,E01016952,Brighton and Hove 027A,Public order,Unable to prosecute suspect,
d4504f2d0aa0938dc01352f7191e70935e4bc0fa0dda43e4637dbc76113b8510,2017-03,Sussex Police,Sussex Police,-0.138962,50.819820,On or near Nightclub,E01016952,Brighton and Hove 027A,Public order,Unable to prosecute suspect,
339b6a1355097a4e8317c8a0ff87a78ca1122f5938ac62242bffd60cbc99c440,2017-03,Sussex Police,Sussex Police,-0.144224,50.822089,On or near West Street,E01016952,Brighton and Hove 027A,Robbery,Unable to prosecute suspect,
600b597630651511248893898e2873d93b643a8f18d925d3dcd537e3a64c75f4,2017-03,Sussex Police,Sussex Police,-0.138654,50.821497,On or near Shopping Area,E01016952,Brighton and Hove 027A,Robbery,Awaiting court outcome,
84d44519ab3403f22cc119c42afd19c6aefc903f4c7142f023b42f5add1b31de,2017-03,Sussex Police,Sussex Police,-0.144034,50.820800,On or near South Street,E01016952,Brighton and Hove 027A,Robbery,Investigation complete; no suspect identified,
303cbb596a82a98c95457e1d2875dc30d284ce39a4d084e35c99fdcdae3b2950,2017-03,Sussex Police,Sussex Police,-0.140994,50.819771,On or near Nightclub,E01016952,Brighton and Hove 027A,Robbery,Investigation complete; no suspect identified,
aa80101f0fc2f97f64ee6455d3d784a8bd252bc1d437eb9b0b3dae103f02b6b6,2017-03,Sussex Police,Sussex Police,-0.140994,50.819771,On or near Nightclub,E01016952,Brighton and Hove 027A,Robbery,Unable to prosecute suspect,
b738e7f1c3bfe2260032661113c493a16a4239087f0cf1990a70effd70e5c89e,2017-03,Sussex Police,Sussex Police,-0.138654,50.821497,On or near Shopping Area,E01016952,Brighton and Hove 027A,Robbery,Unable to prosecute suspect,
f399f5f8185be20aa345c8fa21609c9dcdbf242d45fc36b9d213af3e7a7d1ef8,2017-03,Sussex Police,Sussex Police,-0.138654,50.821497,On or near Shopping Area,E01016952,Brighton and Hove 027A,Robbery,Awaiting court outcome,
d9bf718b3921f825c24b6d93c1195d3eb9036925d11d6c44ef210651e127a7f9,2017-03,Sussex Police,Sussex Police,-0.138654,50.821497,On or near Shopping Area,E01016952,Brighton and Hove 027A,Robbery,Investigation complete; no suspect identified,
498c62954e28c1903320f754528ccc41e6ac1f4da67f3d1597584baa8e2ba4b8,2017-03,Sussex Police,Sussex Police,-0.138654,50.821497,On or near Shopping Area,E01016952,Brighton and Hove 027A,Robbery,Awaiting court outcome,
4f32940aa31f3ce96fbd558706c05840fab995553fd1c944b8a2a388b804b6c5,2017-03,Sussex Police,Sussex Police,-0.138660,50.820274,On or near Nightclub,E01016952,Brighton and Hove 027A,Robbery,Unable to prosecute suspect,
46f1a0489bc4a2ba466e7b566d874a778aaeb13700a49e02af4c19feafae192f,2017-03,Sussex Police,Sussex Police,-0.138654,50.821497,On or near Shopping Area,E01016952,Brighton and Hove 027A,Robbery,Awaiting court outcome,
6edc92d929088557223db399b92ac18738dd04cad3547d4ab0e52e393dd35c19,2017-03,Sussex Police,Sussex Police,-0.143460,50.820962,On or near Nightclub,E01016952,Brighton and Hove 027A,Robbery,Unable to prosecute suspect,
64044b420db48a57e8bab2234213d4dcced9e17ca6bb66ddd22a9b0808d6d5f9,2017-03,Sussex Police,Sussex Police,-0.138654,50.821497,On or near Shopping Area,E01016952,Brighton and Hove 027A,Robbery,Awaiting court outcome,
885c8358074e7d99c9a4a670dbaedadec4e2e093a092dc56eca501587c97ac9f,2017-03,Sussex Police,Sussex Police,-0.138654,50.821497,On or near Shopping Area,E01016952,Brighton and Hove 027A,Robbery,Awaiting court outcome,
3248bfd37382e6ef236589346d4e45f62ac0d67806cb885e4e8b1cf9344f284a,2017-03,Sussex Police,Sussex Police,-0.138654,50.821497,On or near Shopping Area,E01016952,Brighton and Hove 027A,Robbery,Awaiting court outcome,
e52493214bb284dea827559cae00a5ce4b86c536254c160858a4a5ae5fc2466c,2017-03,Sussex Police,Sussex Police,-0.145450,50.823395,On or near Grenville Street,E01016952,Brighton and Hove 027A,Shoplifting,Investigation complete; no suspect identified,
56365d20a4019d01b214cf0527e80a8b14122a29b687479496a87e9b8f65876d,2017-03,Sussex Police,Sussex Police,-0.145695,50.822958,On or near Brighton Churchill Square Shopping Centre,E01016952,Brighton and Hove 027A,Shoplifting,Unable to prosecute suspect,
61e527e108ed152ad4b1c7382f4a93e02dcbca4e15f0159ef6bfae8f6d0e00e0,2017-03,Sussex Police,Sussex Police,-0.141214,50.823156,On or near North Street,E01016952,Brighton and Hove 027A,Shoplifting,Status update unavailable,
4e0d999735bff58440766e7e046f5254ed2611a7136c5c33e776199fdec6822f,2017-03,Sussex Police,Sussex Police,-0.141141,50.821437,On or near Prince Albert Street,E01016952,Brighton and Hove 027A,Shoplifting,Investigation complete; no suspect identified,
a26bbc460369d961f146c3df3ea95af217f3934586d568dba86ee0d4494809e9,2017-03,Sussex Police,Sussex Police,-0.138654,50.821497,On or near Shopping Area,E01016952,Brighton and Hove 027A,Shoplifting,Status update unavailable,
1bf58d390a1688f1e02d60952a2595f9f8b2a5d31b10332371cb2fbec9fd3c72,2017-03,Sussex Police,Sussex Police,-0.139636,50.820721,On or near Bartholomews,E01016952,Brighton and Hove 027A,Shoplifting,Offender given conditional discharge,
d9296f17cae790caee044ecefb6b6bb7df3c0fa30a2d24cbb78ac64e937828cb,2017-03,Sussex Police,Sussex Police,-0.146543,50.824482,On or near Regent Hill,E01016952,Brighton and Hove 027A,Shoplifting,Status update unavailable,
580f2e5e0018507d0b38b09319d23806fe1d66f47c9fb461fe519a6d75e1bf5b,2017-03,Sussex Police,Sussex Police,-0.148384,50.824601,On or near Crown Street,E01016952,Brighton and Hove 027A,Shoplifting,Awaiting court outcome,
49fbf9cf9309c4a85ea86ddb8b4cafdb22409fcb30d2bdc199990d19f61874d2,2017-03,Sussex Police,Sussex Police,-0.145215,50.824317,On or near Regent Row,E01016952,Brighton and Hove 027A,Shoplifting,Court result unavailable,
b167e325a026272f07aebb4d56f86d579a1c6b1f9c0b09983724fea98bf2dd98,2017-03,Sussex Police,Sussex Police,-0.145760,50.822392,On or near Regency Road,E01016952,Brighton and Hove 027A,Shoplifting,Investigation complete; no suspect identified,
aa69389fdacfa598fe9e58819d9d6e142f40ba3fd111c777ddad729042f138d9,2017-03,Sussex Police,Sussex Police,-0.145215,50.824317,On or near Regent Row,E01016952,Brighton and Hove 027A,Shoplifting,Investigation complete; no suspect identified,
6da05d5490d8503cbcfa9bd1783d339d0bcc4e6d2070361b334ad411183663a8,2017-03,Sussex Police,Sussex Police,-0.145450,50.823395,On or near Grenville Street,E01016952,Brighton and Hove 027A,Shoplifting,Local resolution,
95021fbfbcf8bd8dca38076c1fc241d21ba8160c0c1795d12bc054b7d5e235da,2017-03,Sussex Police,Sussex Police,-0.139315,50.820581,On or near East Street,E01016952,Brighton and Hove 027A,Shoplifting,Investigation complete; no suspect identified,
5f5892d1819aebbeb17da7bed1ac9470a65ca59af38840e6232ddb6c68da24c8,2017-03,Sussex Police,Sussex Police,-0.139636,50.820721,On or near Bartholomews,E01016952,Brighton and Hove 027A,Shoplifting,Further investigation is not in the public interest,
6c8015ed2af9d442c990b51011d087caa21f6dc43aed9a34b868013afbed73e8,2017-03,Sussex Police,Sussex Police,-0.145450,50.823395,On or near Grenville Street,E01016952,Brighton and Hove 027A,Shoplifting,Investigation complete; no suspect identified,
db9ee506cf57d3b68b8fcd8c84e49759ded6e45b5bd09ef81fa4305db7dd4955,2017-03,Sussex Police,Sussex Police,-0.139315,50.820581,On or near East Street,E01016952,Brighton and Hove 027A,Shoplifting,Awaiting court outcome,
73cdcc98403e98caf6930a44bff00c675537bd147cc66982b9e4fc3e12bbcb7c,2017-03,Sussex Police,Sussex Police,-0.141214,50.823156,On or near North Street,E01016952,Brighton and Hove 027A,Shoplifting,Further investigation is not in the public interest,
4568e6d91dc7075760dfac69fcd197e75857b396cc398a0ff594279dc991538d,2017-03,Sussex Police,Sussex Police,-0.139315,50.820581,On or near East Street,E01016952,Brighton and Hove 027A,Shoplifting,Awaiting court outcome,
d0bf8d0615b4b9940541d051aa6a73d179e6ec0186e58f05ee62472e3ea549c7,2017-03,Sussex Police,Sussex Police,-0.141214,50.823156,On or near North Street,E01016952,Brighton and Hove 027A,Shoplifting,Local resolution,
064395fe0d18175efdc4c8476641ee90dfbc3ff29aee67ffed51d628c4443ce1,2017-03,Sussex Police,Sussex Police,-0.145760,50.822392,On or near Regency Road,E01016952,Brighton and Hove 027A,Shoplifting,Investigation complete; no suspect identified,
4b5c037e8556766d2f5cc3689c531a5044bb0e61bb974c89a665359e0de67ce2,2017-03,Sussex Police,Sussex Police,-0.146543,50.824482,On or near Regent Hill,E01016952,Brighton and Hove 027A,Shoplifting,Further investigation is not in the public interest,
c6ae898ffb8f13524c0cb242d2314193176c3e44e73f14d868c0b10343a2c6f4,2017-03,Sussex Police,Sussex Police,-0.145450,50.823395,On or near Grenville Street,E01016952,Brighton and Hove 027A,Shoplifting,Investigation complete; no suspect identified,
c448da05c543e05081a9fc19ab2270c987bc286994e4bfffc71a5457d66fa2b4,2017-03,Sussex Police,Sussex Police,-0.148384,50.824601,On or near Crown Street,E01016952,Brighton and Hove 027A,Shoplifting,Investigation complete; no suspect identified,
a9d864f99098ca710680da37060db34cfadc00bbfe051b23d230e0f627823bf6,2017-03,Sussex Police,Sussex Police,-0.146106,50.821894,On or near Russell Road,E01016952,Brighton and Hove 027A,Shoplifting,Local resolution,
833664635b339dfc0f953d73f95832f6c74c22d7cc8a1746493e127635e56261,2017-03,Sussex Police,Sussex Police,-0.146106,50.821894,On or near Russell Road,E01016952,Brighton and Hove 027A,Shoplifting,Unable to prosecute suspect,
c7e72ff7298f83a2d6ffb1d5e42f0c61a1062e2087b1e299edcb6af085d0b8e0,2017-03,Sussex Police,Sussex Police,-0.147567,50.823716,On or near Clarence Square,E01016952,Brighton and Hove 027A,Shoplifting,Unable to prosecute suspect,
09de37354ff7a3a05a5a60354c04e88c5612b99999d4c4c9494164f65c5fd781,2017-03,Sussex Police,Sussex Police,-0.145450,50.823395,On or near Grenville Street,E01016952,Brighton and Hove 027A,Shoplifting,Further investigation is not in the public interest,
d9d08bd23fe15fb8d4be955ba800cddf9a2aaa7cceba0492642c5d4cffe984e1,2017-03,Sussex Police,Sussex Police,-0.145760,50.822392,On or near Regency Road,E01016952,Brighton and Hove 027A,Shoplifting,Awaiting court outcome,
d7d8288854233a79583b152cf5427ee9c6756f74d8482448d82c4ca45c37f5a2,2017-03,Sussex Police,Sussex Police,-0.145450,50.823395,On or near Grenville Street,E01016952,Brighton and Hove 027A,Shoplifting,Offender given suspended prison sentence,
f06d2aa1d3e9ee6b6f1d022ec95137c2bfb0e4ecb6673288f57e57d77fb9c713,2017-03,Sussex Police,Sussex Police,-0.146106,50.821894,On or near Russell Road,E01016952,Brighton and Hove 027A,Shoplifting,Unable to prosecute suspect,
e02927aeb7405800de74fe72dde31bdfa3a5687778de82db6cad5e3381b56bfc,2017-03,Sussex Police,Sussex Police,-0.145690,50.823075,On or near Shopping Area,E01016952,Brighton and Hove 027A,Shoplifting,Investigation complete; no suspect identified,
7b874ddeb4d18ba2f1031998b8e9bc1c2be950581b5e5c2628daeefe013de6ca,2017-03,Sussex Police,Sussex Police,-0.141214,50.823156,On or near North Street,E01016952,Brighton and Hove 027A,Shoplifting,Local resolution,
660b857ec318b52ee7c1e5ebf3ce4c6f763f3eee7e22a7b0b2e5341fe876d081,2017-03,Sussex Police,Sussex Police,-0.139315,50.820581,On or near East Street,E01016952,Brighton and Hove 027A,Shoplifting,Investigation complete; no suspect identified,
24cfda34bc33a8e7ebf0aaa3eb61551c1bb32f54943e143b0e6f14a9803a9844,2017-03,Sussex Police,Sussex Police,-0.148384,50.824601,On or near Crown Street,E01016952,Brighton and Hove 027A,Shoplifting,Unable to prosecute suspect,
5f7d46b7ed72f00a88c04d79563609193f88786a32a139870ed91fb2f2171885,2017-03,Sussex Police,Sussex Police,-0.145450,50.823395,On or near Grenville Street,E01016952,Brighton and Hove 027A,Shoplifting,Local resolution,
664391cc5913487cb6673fe5e6c55e27e2797d28b4596cbdd4735aa0e18eeb26,2017-03,Sussex Police,Sussex Police,-0.139315,50.820581,On or near East Street,E01016952,Brighton and Hove 027A,Shoplifting,Investigation complete; no suspect identified,
7490a47aabebbd17bcbe146590654b87597c2e7b4534ceb1051f6a3af7657205,2017-03,Sussex Police,Sussex Police,-0.145450,50.823395,On or near Grenville Street,E01016952,Brighton and Hove 027A,Shoplifting,Further investigation is not in the public interest,
41fc267091b338a663c2d3901c8a3c4f7b8ff71ff31286f764f176a0a59e595a,2017-03,Sussex Police,Sussex Police,-0.145450,50.823395,On or near Grenville Street,E01016952,Brighton and Hove 027A,Shoplifting,Investigation complete; no suspect identified,
7c1cbc7ccd098633b77256745da5b0b91b7d8988426140c7bf970b5a35958d1f,2017-03,Sussex Police,Sussex Police,-0.146106,50.821894,On or near Russell Road,E01016952,Brighton and Hove 027A,Shoplifting,Investigation complete; no suspect identified,
68deaa252ec7e0380741205fbfb51d9a35d26c8b55c435b1dd5a7ea2c85e79e3,2017-03,Sussex Police,Sussex Police,-0.145450,50.823395,On or near Grenville Street,E01016952,Brighton and Hove 027A,Shoplifting,Investigation complete; no suspect identified,
a65f96a63365bd812a730445dd22c67487eacab251baf9dd91d3560a2405ecee,2017-03,Sussex Police,Sussex Police,-0.145690,50.823075,On or near Shopping Area,E01016952,Brighton and Hove 027A,Shoplifting,Investigation complete; no suspect identified,
8a4094a8b48f9c5b8f97e6f996fdeeee5d15df5d9c32b1434acd61569b509ca2,2017-03,Sussex Police,Sussex Police,-0.145450,50.823395,On or near Grenville Street,E01016952,Brighton and Hove 027A,Shoplifting,Further investigation is not in the public interest,
a0b0c555befc5be0120d18bcb3067f3ef3de7c00dbe91aed30bebe6700322005,2017-03,Sussex Police,Sussex Police,-0.147033,50.821072,On or near King'S Road,E01016952,Brighton and Hove 027A,Theft from the person,Investigation complete; no suspect identified,
19665d40bb48c13878aa9e82c46476831915a95719be8febcf420f36ad03fe37,2017-03,Sussex Police,Sussex Police,-0.138654,50.821497,On or near Shopping Area,E01016952,Brighton and Hove 027A,Theft from the person,Investigation complete; no suspect identified,
0effa690580f0d01d6fcb3fb07e6eb9f4a744d4302f10bdd44089ca2f3b6c41f,2017-03,Sussex Police,Sussex Police,-0.140994,50.819771,On or near Nightclub,E01016952,Brighton and Hove 027A,Theft from the person,Investigation complete; no suspect identified,
07b859b1e2f364c54d58ac5d6d5393312687c5df1b9cdb1d84621672429d5cff,2017-03,Sussex Police,Sussex Police,-0.141141,50.821437,On or near Prince Albert Street,E01016952,Brighton and Hove 027A,Theft from the person,Investigation complete; no suspect identified,
02cd635ec7dc4d6e1e6839deb80cd34fc248ddd4e305b9b300fc6d77b0b2827d,2017-03,Sussex Police,Sussex Police,-0.147033,50.821072,On or near King'S Road,E01016952,Brighton and Hove 027A,Theft from the person,Investigation complete; no suspect identified,
3d1ee52c51f2a27c8843d8319e54317929d349a55878b1d200556e02f6fe9b56,2017-03,Sussex Police,Sussex Police,-0.141214,50.823156,On or near North Street,E01016952,Brighton and Hove 027A,Theft from the person,Investigation complete; no suspect identified,
fe8384503dcb32e45b441fdf15e0412fd02fcb47183e4951d768621e43f45943,2017-03,Sussex Police,Sussex Police,-0.140732,50.820999,On or near Nightclub,E01016952,Brighton and Hove 027A,Theft from the person,Investigation complete; no suspect identified,
9fe1967f7bb376b074e22a60f96f587a3f85f5419581309df764acb46b63ee14,2017-03,Sussex Police,Sussex Police,-0.143583,50.822151,On or near Boyce'S Street,E01016952,Brighton and Hove 027A,Theft from the person,Investigation complete; no suspect identified,
c3ca8ac30cc3cb4f36d2583c98c51e6fa9426a4c50af3357142b057471174494,2017-03,Sussex Police,Sussex Police,-0.140994,50.819771,On or near Nightclub,E01016952,Brighton and Hove 027A,Theft from the person,Status update unavailable,
eeac89b6de1fb834a3f33a70bfe7a10ad883618ce92312653c184a498250892e,2017-03,Sussex Police,Sussex Police,-0.145348,50.820596,On or near Pedestrian Subway,E01016952,Brighton and Hove 027A,Theft from the person,Investigation complete; no suspect identified,
ebb623984c0beaf40804885e218e8a11de7eb955fea6bf22d4957408c3628b56,2017-03,Sussex Police,Sussex Police,-0.143377,50.821248,On or near Nightclub,E01016952,Brighton and Hove 027A,Theft from the person,Investigation complete; no suspect identified,
5afc10f49e5f6eccf3a6be3019c61f5bd06c267fd663df1d38586610405d2e47,2017-03,Sussex Police,Sussex Police,-0.141285,50.820666,On or near Black Lion Street,E01016952,Brighton and Hove 027A,Theft from the person,Investigation complete; no suspect identified,
09b21145592238796ef7112bbf1ca5e2d82683ef3d16db8f9d4956cd3b08e314,2017-03,Sussex Police,Sussex Police,-0.140994,50.819771,On or near Nightclub,E01016952,Brighton and Hove 027A,Theft from the person,Investigation complete; no suspect identified,
3b53db535b56ae10cc1293f56107fe290ec53a17651795df7c1f516c994a0fa7,2017-03,Sussex Police,Sussex Police,-0.150392,50.821584,On or near Pedestrian Subway,E01016952,Brighton and Hove 027A,Theft from the person,Investigation complete; no suspect identified,
5276721c6651b210c0f06a30af3c807980afd077b2041735ffaf46ad23ab69e5,2017-03,Sussex Police,Sussex Police,-0.141798,50.821682,On or near Ship Street,E01016952,Brighton and Hove 027A,Theft from the person,Investigation complete; no suspect identified,
0b56769429656c319d1534e9ec17b1d3153047dbf97b41ff6bba606f7267093b,2017-03,Sussex Police,Sussex Police,-0.140994,50.819771,On or near Nightclub,E01016952,Brighton and Hove 027A,Theft from the person,Investigation complete; no suspect identified,
0e34d06ec24f7c54e6cafee7491e78c9a06760384bb7ab92ba6baadbdb8f1490,2017-03,Sussex Police,Sussex Police,-0.144034,50.820800,On or near South Street,E01016952,Brighton and Hove 027A,Theft from the person,Investigation complete; no suspect identified,
1c9995233aeb983118322ac52c77594e5d0c3f6573c9b26470e1c1931001a62a,2017-03,Sussex Police,Sussex Police,-0.140994,50.819771,On or near Nightclub,E01016952,Brighton and Hove 027A,Theft from the person,Investigation complete; no suspect identified,
5bf936964356ed4dce27d95ea099f8a65744d61c5e7fa998dd6caa4a7245db29,2017-03,Sussex Police,Sussex Police,-0.144034,50.820800,On or near South Street,E01016952,Brighton and Hove 027A,Theft from the person,Investigation complete; no suspect identified,
15915f84b00f353e440ec3dfad904e5622b38dbb4a6e6847ae4c497fc8a2f143,2017-03,Sussex Police,Sussex Police,-0.138660,50.820274,On or near Nightclub,E01016952,Brighton and Hove 027A,Theft from the person,Investigation complete; no suspect identified,
8b874fddb1b2bcc58f6af64af8e02f04f0efe4a81e4177238a4fa23c25010b1e,2017-03,Sussex Police,Sussex Police,-0.138660,50.820274,On or near Nightclub,E01016952,Brighton and Hove 027A,Theft from the person,Investigation complete; no suspect identified,
2d1257cce96e7082051d88d1291b5fad3a7ea4938ef3c37ea5c32b55fb8aedd4,2017-03,Sussex Police,Sussex Police,-0.143583,50.822151,On or near Boyce'S Street,E01016952,Brighton and Hove 027A,Theft from the person,Investigation complete; no suspect identified,
7eea779e26e909f97bf17e4afe8fee47e4fae3bae3208d57f42c54843377753e,2017-03,Sussex Police,Sussex Police,-0.141214,50.823156,On or near North Street,E01016952,Brighton and Hove 027A,Theft from the person,Investigation complete; no suspect identified,
d5d440e5eda774fe0444f9f187cf106dbd88ff9dd247de3e046f6c60136e2a45,2017-03,Sussex Police,Sussex Police,-0.143583,50.822151,On or near Boyce'S Street,E01016952,Brighton and Hove 027A,Theft from the person,Investigation complete; no suspect identified,
10924116e69a633845c848d68c17c4aea351255afe06a38dd382587b1a935167,2017-03,Sussex Police,Sussex Police,-0.144034,50.820800,On or near South Street,E01016952,Brighton and Hove 027A,Theft from the person,Investigation complete; no suspect identified,
411ead0c859f96d4b72acd4678144b72f8b051d248bc7e6347d66e200433b0fd,2017-03,Sussex Police,Sussex Police,-0.140994,50.819771,On or near Nightclub,E01016952,Brighton and Hove 027A,Theft from the person,Investigation complete; no suspect identified,
dc19ad88a0fcb0ec1ce37b41f4f9339b331c6c89ebbaa2e96f9e178f4e60b021,2017-03,Sussex Police,Sussex Police,-0.145690,50.823075,On or near Shopping Area,E01016952,Brighton and Hove 027A,Theft from the person,Unable to prosecute suspect,
a90c80f23d484d92b4c9e07a2485d63ca390b7d37887fc51472d27980f5f2b79,2017-03,Sussex Police,Sussex Police,-0.139315,50.820581,On or near East Street,E01016952,Brighton and Hove 027A,Vehicle crime,Offender given conditional discharge,
87b33484fca4d965d5600fe94b60c2f8a8266d771976a611aa552ce2ab134157,2017-03,Sussex Police,Sussex Police,-0.148046,50.823094,On or near Russell Square,E01016952,Brighton and Hove 027A,Vehicle crime,Investigation complete; no suspect identified,
9ab5b33c3955137f491e473871d98da4e7f9496819c4c8a792ba7f34e09fd6b4,2017-03,Sussex Police,Sussex Police,-0.139636,50.820721,On or near Bartholomews,E01016952,Brighton and Hove 027A,Violence and sexual offences,Investigation complete; no suspect identified,
0194728d696432d8a07e93f1b13b3cccc467b65193eb28aec1d99b0d31cd6839,2017-03,Sussex Police,Sussex Police,-0.143583,50.822151,On or near Boyce'S Street,E01016952,Brighton and Hove 027A,Violence and sexual offences,Further investigation is not in the public interest,
10905f52ecee3c6adaa854e669ea6a3c4396a8b94deb879b3174d9a3aa4f3a64,2017-03,Sussex Police,Sussex Police,-0.138660,50.820274,On or near Nightclub,E01016952,Brighton and Hove 027A,Violence and sexual offences,Investigation complete; no suspect identified,
02f9f5501c26736eef4f856f63abf7e11fec7bfbd0ae32470af5a1b8add26813,2017-03,Sussex Police,Sussex Police,-0.138654,50.821497,On or near Shopping Area,E01016952,Brighton and Hove 027A,Violence and sexual offences,Investigation complete; no suspect identified,
b0aa7f94019d3badec3eb93f8f9e753e2914a2228a002d4c0784e56de2a33ff7,2017-03,Sussex Police,Sussex Police,-0.138660,50.820274,On or near Nightclub,E01016952,Brighton and Hove 027A,Violence and sexual offences,Unable to prosecute suspect,
2405853f98553c12c040ea6f010d707d57e8574b2072f8dfd5610d4175b657a6,2017-03,Sussex Police,Sussex Police,-0.138654,50.821497,On or near Shopping Area,E01016952,Brighton and Hove 027A,Violence and sexual offences,Unable to prosecute suspect,
608f03bc288e0ede6ebc70f4238bc2fa59e1e5d2008f08f2c1f25b75ae2d9c95,2017-03,Sussex Police,Sussex Police,-0.140994,50.819771,On or near Nightclub,E01016952,Brighton and Hove 027A,Violence and sexual offences,Status update unavailable,
015ffb8c56a91754fed96f3e054a57c989de6c7c784e4d0304f9abda5f7bb2b3,2017-03,Sussex Police,Sussex Police,-0.143583,50.822151,On or near Boyce'S Street,E01016952,Brighton and Hove 027A,Violence and sexual offences,Unable to prosecute suspect,
4a015668f4b8201f99e14057cca970f0ca81505c014d5b0f7e97ad2d98a60d77,2017-03,Sussex Police,Sussex Police,-0.141214,50.823156,On or near North Street,E01016952,Brighton and Hove 027A,Violence and sexual offences,Investigation complete; no suspect identified,
7d4bec5271c809d9b11cf2f9ed32f0db815fc0c7f15df644162e8e1eacdf6751,2017-03,Sussex Police,Sussex Police,-0.147726,50.824726,On or near Marlborough Street,E01016952,Brighton and Hove 027A,Violence and sexual offences,Investigation complete; no suspect identified,
a5f464313f688b6d0ab380cac62eb8684f4ed9e07093fd54df4663c1c0f81e4e,2017-03,Sussex Police,Sussex Police,-0.141214,50.823156,On or near North Street,E01016952,Brighton and Hove 027A,Violence and sexual offences,Further investigation is not in the public interest,
25a468c6102438127cd9df714ab0a364eb2592ce68013326c4836815ef8b35f3,2017-03,Sussex Police,Sussex Police,-0.140732,50.820999,On or near Nightclub,E01016952,Brighton and Hove 027A,Violence and sexual offences,Unable to prosecute suspect,
9ac9a1b012a0a3f64fcee8e6f5b6d2a94c0b81c73b7fc1094e4ace0460bc6f17,2017-03,Sussex Police,Sussex Police,-0.140994,50.819771,On or near Nightclub,E01016952,Brighton and Hove 027A,Violence and sexual offences,Investigation complete; no suspect identified,
4b16ff2574a3a3cff943b402e117b3e1e50fb239ddf45a6e33e3a7b72ebd69f2,2017-03,Sussex Police,Sussex Police,-0.147033,50.821072,On or near King'S Road,E01016952,Brighton and Hove 027A,Violence and sexual offences,Unable to prosecute suspect,
5ef3215aac0345ae1b79de47dd5909bd5dd7351c96ae4d18455902f09d46f511,2017-03,Sussex Police,Sussex Police,-0.144034,50.820800,On or near South Street,E01016952,Brighton and Hove 027A,Violence and sexual offences,Status update unavailable,
9048b7cf646398d8ad53da56f449324dc2e5159f0bda9f083e783ff7d37440b8,2017-03,Sussex Police,Sussex Police,-0.143377,50.821248,On or near Nightclub,E01016952,Brighton and Hove 027A,Violence and sexual offences,Offender given a caution,
6c2536137d4a81d465a4194aa8f909f154f6411985cfc9ccc1b16cc7cebad655,2017-03,Sussex Police,Sussex Police,-0.145056,50.822588,On or near Parking Area,E01016952,Brighton and Hove 027A,Violence and sexual offences,Offender given a caution,
ac590a2f33a96957713b2d1363a8377809c3f240c97ef52b1d9f83246f6095d9,2017-03,Sussex Police,Sussex Police,-0.144224,50.822089,On or near West Street,E01016952,Brighton and Hove 027A,Violence and sexual offences,Unable to prosecute suspect,
03f2261c27fe9f4f9d7a86f8d76e0f55604c6f9e10c1a123e3b4223b1bf54438,2017-03,Sussex Police,Sussex Police,-0.145348,50.820596,On or near Pedestrian Subway,E01016952,Brighton and Hove 027A,Violence and sexual offences,Status update unavailable,
d8f7b735e99a81facfafc9a00ae67768cd1f2970ad67e48fa1b5b137080bcc80,2017-03,Sussex Police,Sussex Police,-0.143377,50.821248,On or near Nightclub,E01016952,Brighton and Hove 027A,Violence and sexual offences,Offender given a caution,
5db7554905e7647ed8bd275731551c33c8957945b9c5a99bc129c0321e65315d,2017-03,Sussex Police,Sussex Police,-0.146543,50.824482,On or near Regent Hill,E01016952,Brighton and Hove 027A,Violence and sexual offences,Status update unavailable,
9aa346484697d807f2e429e701883493eaeb72e6f3435b7ffb3b4a32f15b3ee9,2017-03,Sussex Police,Sussex Police,-0.143460,50.820962,On or near Nightclub,E01016952,Brighton and Hove 027A,Violence and sexual offences,Investigation complete; no suspect identified,
045da02134838af290e09f91aa876c9201c83a84eef64a5227dba8c4ad1cc2d1,2017-03,Sussex Police,Sussex Police,-0.146543,50.824482,On or near Regent Hill,E01016952,Brighton and Hove 027A,Violence and sexual offences,Unable to prosecute suspect,
d3692791fc6a7eb3b3e6f5b96f13bcc61cb490ce02de4528837f3e4c0d306ed4,2017-03,Sussex Police,Sussex Police,-0.147033,50.821072,On or near King'S Road,E01016952,Brighton and Hove 027A,Violence and sexual offences,Investigation complete; no suspect identified,
46631cbb6b3c1c245b81d6a4bc01bfe45205f60cceb6c15f60ae50967d4d2643,2017-03,Sussex Police,Sussex Police,-0.138654,50.821497,On or near Shopping Area,E01016952,Brighton and Hove 027A,Violence and sexual offences,Unable to prosecute suspect,
f3ac995d9d403b2845a307da6c68c14bd8f40cf719a0d32d330fd1af497cafde,2017-03,Sussex Police,Sussex Police,-0.140732,50.820999,On or near Nightclub,E01016952,Brighton and Hove 027A,Violence and sexual offences,Unable to prosecute suspect,
e40cdb80d5aca00886dd34f221042b88bad9a4548c827b030378d95e62204670,2017-03,Sussex Police,Sussex Police,-0.146543,50.824482,On or near Regent Hill,E01016952,Brighton and Hove 027A,Violence and sexual offences,Further investigation is not in the public interest,
58a282412203b2af1a5efbdfb9f5a6390aee2ec07a666921ac0532bc13630bcf,2017-03,Sussex Police,Sussex Police,-0.145348,50.820596,On or near Pedestrian Subway,E01016952,Brighton and Hove 027A,Violence and sexual offences,Investigation complete; no suspect identified,
14355ab97c6d508317df960f027b5cfd50a3ccf1064f322a417c76bd194104e4,2017-03,Sussex Police,Sussex Police,-0.145695,50.822958,On or near Brighton Churchill Square Shopping Centre,E01016952,Brighton and Hove 027A,Violence and sexual offences,Investigation complete; no suspect identified,
5f4c8a5cc298f602d5aaa0bb9ba1bbffc06195214578d29badc222bb0fed34e3,2017-03,Sussex Police,Sussex Police,-0.147033,50.821072,On or near King'S Road,E01016952,Brighton and Hove 027A,Violence and sexual offences,Investigation complete; no suspect identified,
b939344f279d73931c07353eef19237219e594cb70e30512f10f2a456171969e,2017-03,Sussex Police,Sussex Police,-0.140994,50.819771,On or near Nightclub,E01016952,Brighton and Hove 027A,Violence and sexual offences,Unable to prosecute suspect,
d63b2158284e16c4ccf1d6df4c6b740cd1072c73f26bebffcf762daa717b3606,2017-03,Sussex Police,Sussex Police,-0.141214,50.823156,On or near North Street,E01016952,Brighton and Hove 027A,Violence and sexual offences,Investigation complete; no suspect identified,
d45d55c199d18d55270d53543b7dcfd37db1f1bee992646d84c717034188f6d7,2017-03,Sussex Police,Sussex Police,-0.141798,50.821682,On or near Ship Street,E01016952,Brighton and Hove 027A,Violence and sexual offences,Investigation complete; no suspect identified,
53884b99487a4594261b7fe8553cfedde5f1e49e16fa4f408e670a44cfb9e6dc,2017-03,Sussex Police,Sussex Police,-0.144034,50.820800,On or near South Street,E01016952,Brighton and Hove 027A,Violence and sexual offences,Unable to prosecute suspect,
eda5b979c85a85a1fc497b055f82093110b72254d5da436829560c42b9d6fef2,2017-03,Sussex Police,Sussex Police,-0.143583,50.822151,On or near Boyce'S Street,E01016952,Brighton and Hove 027A,Violence and sexual offences,Investigation complete; no suspect identified,
8f9749b8dd97b2aa7e4a97a2e598bd94e6c4d88a6ab06ea29d7d9843825f0b78,2017-03,Sussex Police,Sussex Police,-0.147033,50.821072,On or near King'S Road,E01016952,Brighton and Hove 027A,Violence and sexual offences,Unable to prosecute suspect,
2b91869c6a3b039d8e4e6a905138823aa24b193c6c5f3e1871ef551cae148648,2017-03,Sussex Police,Sussex Police,-0.144224,50.822089,On or near West Street,E01016952,Brighton and Hove 027A,Violence and sexual offences,Status update unavailable,
1218a4460e3be3f3b591b1c7bef414f157c760a8dee99867c2fac688e8a122f2,2017-03,Sussex Police,Sussex Police,-0.141214,50.823156,On or near North Street,E01016952,Brighton and Hove 027A,Violence and sexual offences,Investigation complete; no suspect identified,
4a57ec48466253412725e72a67fde35667795019768e18812c43ddca59e88e18,2017-03,Sussex Police,Sussex Police,-0.138962,50.819820,On or near Nightclub,E01016952,Brighton and Hove 027A,Violence and sexual offences,Status update unavailable,
25afcc4c783abcdefdb96f756576f193e16874a326799b50e3fb33add620fc35,2017-03,Sussex Police,Sussex Police,-0.140994,50.819771,On or near Nightclub,E01016952,Brighton and Hove 027A,Violence and sexual offences,Unable to prosecute suspect,
b6f50d1bf2b64b233c3219f37bad8b7ff0178fb04d7a43f2bdbe24ed86b40f20,2017-03,Sussex Police,Sussex Police,-0.143583,50.822151,On or near Boyce'S Street,E01016952,Brighton and Hove 027A,Violence and sexual offences,Investigation complete; no suspect identified,
97f39df92e9983ef7cd61469a19a9cb6fea98e442e1b956545c6de0ef6635a28,2017-03,Sussex Police,Sussex Police,-0.138660,50.820274,On or near Nightclub,E01016952,Brighton and Hove 027A,Violence and sexual offences,Formal action is not in the public interest,
a9996010ecb94b3796f73cd943daf5742eba7674b8b2e5f89b44380cc10f068a,2017-03,Sussex Police,Sussex Police,-0.141798,50.821682,On or near Ship Street,E01016952,Brighton and Hove 027A,Violence and sexual offences,Investigation complete; no suspect identified,
5d58587a8d272e77e7deccc2bca9976720ceb491d22dac3f1739b28e296d88ed,2017-03,Sussex Police,Sussex Police,-0.144224,50.822089,On or near West Street,E01016952,Brighton and Hove 027A,Violence and sexual offences,Unable to prosecute suspect,
2a652d1b391c60daf720619b341a2080a8a24a1f9fee8a0b569732604cecb29b,2017-03,Sussex Police,Sussex Police,-0.138962,50.819820,On or near Nightclub,E01016952,Brighton and Hove 027A,Violence and sexual offences,Further investigation is not in the public interest,
7be69068c13eed1c303602ab249a00225b3b7911cbd9699886a49f6d41e560bd,2017-03,Sussex Police,Sussex Police,-0.138660,50.820274,On or near Nightclub,E01016952,Brighton and Hove 027A,Violence and sexual offences,Unable to prosecute suspect,
53618495fd15dcd4f125e8fca3e2fb09f4ccad088edc22ebd6e156e2c70f0d64,2017-03,Sussex Police,Sussex Police,-0.140994,50.819771,On or near Nightclub,E01016952,Brighton and Hove 027A,Violence and sexual offences,Investigation complete; no suspect identified,
c9750b40053fcfd5dbda97cc91858639910f0abfa149d834add2c5b9e8979981,2017-03,Sussex Police,Sussex Police,-0.147033,50.821072,On or near King'S Road,E01016952,Brighton and Hove 027A,Violence and sexual offences,Investigation complete; no suspect identified,
2331675a9fd046cf33c6e007e1f7d68e14300740cf0521fc98f5d5cc89ebceda,2017-03,Sussex Police,Sussex Police,-0.145348,50.820596,On or near Pedestrian Subway,E01016952,Brighton and Hove 027A,Violence and sexual offences,Unable to prosecute suspect,
cbbc45f3e38431d7272b646d7f69c5ec464c5214b665527c836dd2e2ef6e8ad3,2017-03,Sussex Police,Sussex Police,-0.150392,50.821584,On or near Pedestrian Subway,E01016952,Brighton and Hove 027A,Violence and sexual offences,Unable to prosecute suspect,
2df86e90252313621d86dba5320b9e315b0758fee43db39d085ac537e2cc004b,2017-03,Sussex Police,Sussex Police,-0.138654,50.821497,On or near Shopping Area,E01016952,Brighton and Hove 027A,Violence and sexual offences,Status update unavailable,
2787dd47686d27facce08fa511532d3ebc172b9e4a870df7e3b931655706364a,2017-03,Sussex Police,Sussex Police,-0.144034,50.820800,On or near South Street,E01016952,Brighton and Hove 027A,Violence and sexual offences,Unable to prosecute suspect,
44374ea6d20565e69bae60d1b993e2f7a297687f6020f10c31d2ab5ee1749bd0,2017-03,Sussex Police,Sussex Police,-0.145348,50.820596,On or near Pedestrian Subway,E01016952,Brighton and Hove 027A,Violence and sexual offences,Unable to prosecute suspect,
87c72d0f45ca8a2cc75e168311c3955a7b99c57085b99ee2f98216eb722ffbf5,2017-03,Sussex Police,Sussex Police,-0.144034,50.820800,On or near South Street,E01016952,Brighton and Hove 027A,Violence and sexual offences,Investigation complete; no suspect identified,
9742b55cffc7205deec9eb5276ee61ec983f609cde4ea564e59fcf273b70efb5,2017-03,Sussex Police,Sussex Police,-0.141798,50.821682,On or near Ship Street,E01016952,Brighton and Hove 027A,Violence and sexual offences,Status update unavailable,
ac7b802408f07837e4a30c5ed96b1881e4331bbf5c82b628c93da7174d883a61,2017-03,Sussex Police,Sussex Police,-0.138654,50.821497,On or near Shopping Area,E01016952,Brighton and Hove 027A,Violence and sexual offences,Unable to prosecute suspect,
876b7f0f3f4067fd291ac30ff15d85f052b28fae341e9d8bf5b21f1ecfc386a1,2017-03,Sussex Police,Sussex Police,-0.138654,50.821497,On or near Shopping Area,E01016952,Brighton and Hove 027A,Violence and sexual offences,Awaiting court outcome,
55a3396b3051d3e16e07e28581b928e4afc6375a0a1af3466b290381a7f715ac,2017-03,Sussex Police,Sussex Police,-0.145348,50.820596,On or near Pedestrian Subway,E01016952,Brighton and Hove 027A,Violence and sexual offences,Unable to prosecute suspect,
1c628ccff9d01b4e686d7a93d39511352ec61222f2fedd17232aff6b0a0eafa3,2017-03,Sussex Police,Sussex Police,-0.140994,50.819771,On or near Nightclub,E01016952,Brighton and Hove 027A,Violence and sexual offences,Status update unavailable,
d080c345ce3324db0f9888db756f7c1b6e7ad25242793e7bc3e911c708de67fd,2017-03,Sussex Police,Sussex Police,-0.147033,50.821072,On or near King'S Road,E01016952,Brighton and Hove 027A,Violence and sexual offences,Investigation complete; no suspect identified,
8537d573b2034d10327cd73930fe4e6e50b81628d9734584304acfd6fb468b91,2017-03,Sussex Police,Sussex Police,-0.138143,50.821479,On or near Castle Square,E01016952,Brighton and Hove 027A,Violence and sexual offences,Unable to prosecute suspect,
31be225db6d21aabd2f715f3426fb2756c27fddf56a770e216a940fec5895eab,2017-03,Sussex Police,Sussex Police,-0.138962,50.819820,On or near Nightclub,E01016952,Brighton and Hove 027A,Violence and sexual offences,Investigation complete; no suspect identified,
e3661917c3bed5ec2c6be3cce268e11a92c19ba977a7cb11293ccb583eed5622,2017-03,Sussex Police,Sussex Police,-0.141798,50.821682,On or near Ship Street,E01016952,Brighton and Hove 027A,Violence and sexual offences,Status update unavailable,
8b5d4f908738937a2f5ad32df4d5bfe4d34fb3d290348f2f48b6da8dc9c689b3,2017-03,Sussex Police,Sussex Police,-0.143583,50.822151,On or near Boyce'S Street,E01016952,Brighton and Hove 027A,Violence and sexual offences,Further investigation is not in the public interest,
bcca7b906c846d2b5a985c8dfc6b1ee8de1f859540603254dd2ff1044aaf2ded,2017-03,Sussex Police,Sussex Police,-0.145690,50.823075,On or near Shopping Area,E01016952,Brighton and Hove 027A,Violence and sexual offences,Investigation complete; no suspect identified,
32968a595cc02c6d207abe18dc043afd275b975656985e1c16496af2260440aa,2017-03,Sussex Police,Sussex Police,-0.140994,50.819771,On or near Nightclub,E01016952,Brighton and Hove 027A,Violence and sexual offences,Investigation complete; no suspect identified,
221b01fce214fb93fc2b29215faccb616d8199d56a68e382bc3a3e590357d4fb,2017-03,Sussex Police,Sussex Police,-0.141798,50.821682,On or near Ship Street,E01016952,Brighton and Hove 027A,Violence and sexual offences,Status update unavailable,
72bde698dc381810477e21062be5f54fbda7ff67956798eb667960424f7206e8,2017-03,Sussex Police,Sussex Police,-0.147033,50.821072,On or near King'S Road,E01016952,Brighton and Hove 027A,Violence and sexual offences,Investigation complete; no suspect identified,
d81b3bf2482d93d2292a1d3acfeb0595945b646c8049210686ed49fae23961a0,2017-03,Sussex Police,Sussex Police,-0.143109,50.821568,On or near Middle Street,E01016952,Brighton and Hove 027A,Violence and sexual offences,Investigation complete; no suspect identified,
c4f91fefcffaf1c269ce3e9ced3dccecfbe64e092c146efdcc16d2363b6f98ef,2017-03,Sussex Police,Sussex Police,-0.145215,50.824317,On or near Regent Row,E01016952,Brighton and Hove 027A,Violence and sexual offences,Unable to prosecute suspect,
31b6d2630ac9bc8b21a691ac948c83d18fec751a0b8bb91b1244ba7ccfc2cd6f,2017-03,Sussex Police,Sussex Police,-0.141214,50.823156,On or near North Street,E01016952,Brighton and Hove 027A,Violence and sexual offences,Further investigation is not in the public interest,
8aab71ddc271a0e1190ee261be5423b7ccb82edbf125fccc30605154bd0c100f,2017-03,Sussex Police,Sussex Police,-0.138962,50.819820,On or near Nightclub,E01016952,Brighton and Hove 027A,Violence and sexual offences,Investigation complete; no suspect identified,
73eb66527e06e1b01b6faa756613da8445bb619686ee137a16567a697297560f,2017-03,Sussex Police,Sussex Police,-0.145690,50.823075,On or near Shopping Area,E01016952,Brighton and Hove 027A,Violence and sexual offences,Investigation complete; no suspect identified,
8aa162f7a02e508d7fb9361eb973edcbc3c7dc8f9fbb0bb04de9776fc88af8ae,2017-03,Sussex Police,Sussex Police,-0.139636,50.820721,On or near Bartholomews,E01016952,Brighton and Hove 027A,Violence and sexual offences,Offender given a caution,
4530269b431b62496efa5d2ab3f28a2ff021a858f148ced2f8a76dfd075231ea,2017-03,Sussex Police,Sussex Police,-0.138654,50.821497,On or near Shopping Area,E01016952,Brighton and Hove 027A,Violence and sexual offences,Investigation complete; no suspect identified,
d8b9d18f083f392a402b367780eff342015f973ed04018f2264ed9f7654892a1,2017-03,Sussex Police,Sussex Police,-0.138143,50.821479,On or near Castle Square,E01016952,Brighton and Hove 027A,Violence and sexual offences,Unable to prosecute suspect,
f79af782f21c2db61e128ba1b5536edaeb035efaf54256f7c0fcdbbc29551209,2017-03,Sussex Police,Sussex Police,-0.138962,50.819820,On or near Nightclub,E01016952,Brighton and Hove 027A,Violence and sexual offences,Status update unavailable,
ebabfaaa998cc50beda4b15334e309eeae0c046fc74c563f49f60c8308a513f2,2017-03,Sussex Police,Sussex Police,-0.141214,50.823156,On or near North Street,E01016952,Brighton and Hove 027A,Violence and sexual offences,Investigation complete; no suspect identified,
bcb7e4b9f5eb37a69704bf6a9b4554c26ab193913688a5ef59a0beed071c7fb0,2017-03,Sussex Police,Sussex Police,-0.141965,50.819994,On or near Theatre/Concert Hall,E01016952,Brighton and Hove 027A,Violence and sexual offences,Status update unavailable,
bdd54490525ffdc165fc33d009d088c154e500fa3fe01206b68076defaf9f943,2017-03,Sussex Police,Sussex Police,-0.144034,50.820800,On or near South Street,E01016952,Brighton and Hove 027A,Violence and sexual offences,Offender given community sentence,
d8984792c77e57f8eb9b2280b5c8f85707770077a11aafbc090e51c56163ed5e,2017-03,Sussex Police,Sussex Police,-0.138654,50.821497,On or near Shopping Area,E01016952,Brighton and Hove 027A,Violence and sexual offences,Unable to prosecute suspect,
db61a594913beb05073f981130a0e182801299069d71c216e7b7ab250e11b2e9,2017-03,Sussex Police,Sussex Police,-0.138962,50.819820,On or near Nightclub,E01016952,Brighton and Hove 027A,Violence and sexual offences,Unable to prosecute suspect,
c6b704e8f6cfcb108cdb70475a4d3a6ad26cd8d6e6380870056643d180df4317,2017-03,Sussex Police,Sussex Police,-0.138660,50.820274,On or near Nightclub,E01016952,Brighton and Hove 027A,Violence and sexual offences,Investigation complete; no suspect identified,
96e6e0cc047f6f022dcd7fbd0a3544de179f9bead741cbc0e45c5b911eda099f,2017-03,Sussex Police,Sussex Police,-0.140994,50.819771,On or near Nightclub,E01016952,Brighton and Hove 027A,Violence and sexual offences,Unable to prosecute suspect,
4dfd27b2701180dcaee3def38eab82894b5b8517024a1f2e6fbef87cbcfbae93,2017-03,Sussex Police,Sussex Police,-0.144034,50.820800,On or near South Street,E01016952,Brighton and Hove 027A,Violence and sexual offences,Court result unavailable,
22b0f096da6927d32107d61e8e45b387caf36aba051af6a2471002a01e4141ae,2017-03,Sussex Police,Sussex Police,-0.138660,50.820274,On or near Nightclub,E01016952,Brighton and Hove 027A,Violence and sexual offences,Further investigation is not in the public interest,
85b07bed3c09b6820e08c0cf8f45769c80268badfb2aef237cab365bf159af30,2017-03,Sussex Police,Sussex Police,-0.143377,50.821248,On or near Nightclub,E01016952,Brighton and Hove 027A,Violence and sexual offences,Status update unavailable,
3113e94162c422465688f67b277a50ed3b89a789e227f8075429f8fee04e1611,2017-03,Sussex Police,Sussex Police,-0.141214,50.823156,On or near North Street,E01016952,Brighton and Hove 027A,Violence and sexual offences,Unable to prosecute suspect,
01ce019dbbc2a542bae71963a37c196bb13cd9f93d67795a5d5016187c59fe55,2017-03,Sussex Police,Sussex Police,-0.138654,50.821497,On or near Shopping Area,E01016952,Brighton and Hove 027A,Violence and sexual offences,Status update unavailable,
33fbaffd9b32002a173fd40f9efe3d124d61b88c8e4e1f2e1a077a05bc915ca8,2017-03,Sussex Police,Sussex Police,-0.143377,50.821248,On or near Nightclub,E01016952,Brighton and Hove 027A,Violence and sexual offences,Offender given a caution,
bf16d6c027d15837b6b3b660679a181ba8b8d7f702efeb1d9ea8ad54ca848c1b,2017-03,Sussex Police,Sussex Police,-0.143377,50.821248,On or near Nightclub,E01016952,Brighton and Hove 027A,Violence and sexual offences,Unable to prosecute suspect,
64d77f8d6e64af52398cfdbf6463d375c41e80c36368e1823d86df055ab3dbc7,2017-03,Sussex Police,Sussex Police,-0.138654,50.821497,On or near Shopping Area,E01016952,Brighton and Hove 027A,Violence and sexual offences,Offender given conditional discharge,
47837319a1ecb8a203a37dfd65c56e279a76232150a20d758040d31a8335bc4a,2017-03,Sussex Police,Sussex Police,-0.143377,50.821248,On or near Nightclub,E01016952,Brighton and Hove 027A,Violence and sexual offences,Unable to prosecute suspect,
599602b83fef493d6d3138f37e5003479b8f3326b3e591ccd76b7d7aa7b60d87,2017-03,Sussex Police,Sussex Police,-0.143109,50.821568,On or near Middle Street,E01016952,Brighton and Hove 027A,Violence and sexual offences,Unable to prosecute suspect,
ce6c517f5fbac6cc578e16bd1ee8c4ffdb6fac27a671dca08f14232bdaef718a,2017-03,Sussex Police,Sussex Police,-0.144224,50.822089,On or near West Street,E01016952,Brighton and Hove 027A,Violence and sexual offences,Offender given community sentence,
7b79cb42c62bc499bdd7fe761e49da2f9f1266da6775ff1c15c93dd8d3d7b366,2017-03,Sussex Police,Sussex Police,-0.141214,50.823156,On or near North Street,E01016952,Brighton and Hove 027A,Violence and sexual offences,Investigation complete; no suspect identified,
318134e1addd5bd7e8395fb379180c17d2b246cf6cf7b4191eba696094381520,2017-03,Sussex Police,Sussex Police,-0.144034,50.820800,On or near South Street,E01016952,Brighton and Hove 027A,Violence and sexual offences,Court result unavailable,
1d92f1a68cdb227661d34045901428dc095e4ed97a9204061807eee044ac691a,2017-03,Sussex Police,Sussex Police,-0.150392,50.821584,On or near Pedestrian Subway,E01016952,Brighton and Hove 027A,Violence and sexual offences,Unable to prosecute suspect,
f95d80367a4435b8cc86989ace3077a263cab4915858af396761ad5238d50a94,2017-03,Sussex Police,Sussex Police,-0.144034,50.820800,On or near South Street,E01016952,Brighton and Hove 027A,Violence and sexual offences,Investigation complete; no suspect identified,
beac8530f684ebbb238aa26a7036c1468dee238ca806e928def11b22fff77127,2017-03,Sussex Police,Sussex Police,-0.141285,50.820666,On or near Black Lion Street,E01016952,Brighton and Hove 027A,Violence and sexual offences,Unable to prosecute suspect,
97ad4e24c82e1e52719f5a89864153f6d9dd1272ad1c36f566f5cb6e59650733,2017-03,Sussex Police,Sussex Police,-0.138143,50.821479,On or near Castle Square,E01016952,Brighton and Hove 027A,Violence and sexual offences,Investigation complete; no suspect identified,
13c1ea5446f2bbbec6bdf508634d3ac6e14f85d5f4a976bb612862b2c2eb18b2,2017-03,Sussex Police,Sussex Police,-0.138660,50.820274,On or near Nightclub,E01016952,Brighton and Hove 027A,Violence and sexual offences,Investigation complete; no suspect identified,
bb19aaa5ad33243c875f4184ac67bcfe327e50dd9776c37847b511639cef08ce,2017-03,Sussex Police,Sussex Police,-0.144224,50.822089,On or near West Street,E01016952,Brighton and Hove 027A,Violence and sexual offences,Unable to prosecute suspect,
5dff5e5d03007649714fa57d928c9c72f9ca5fbf40672cb8d9942e9834e0d6c7,2017-03,Sussex Police,Sussex Police,-0.145348,50.820596,On or near Pedestrian Subway,E01016952,Brighton and Hove 027A,Violence and sexual offences,Unable to prosecute suspect,
5f10bf2f8a87698201b188741874a1e9ca34de0c5e39220449ca689b1c5c6ec5,2017-03,Sussex Police,Sussex Police,-0.145348,50.820596,On or near Pedestrian Subway,E01016952,Brighton and Hove 027A,Violence and sexual offences,Unable to prosecute suspect,
333bdffa1d206a85bdf5821266956215f9595c6880f2f428fd79ad53760162df,2017-03,Sussex Police,Sussex Police,-0.145215,50.824317,On or near Regent Row,E01016952,Brighton and Hove 027A,Violence and sexual offences,Investigation complete; no suspect identified,
210e88715c8311b59efbaed1e6f6ae9b4e312389002fc9cf168fb13cd8953f63,2017-03,Sussex Police,Sussex Police,-0.140994,50.819771,On or near Nightclub,E01016952,Brighton and Hove 027A,Violence and sexual offences,Offender ordered to pay compensation,
991ef00194a12c3839f7db40d8d71abee6a7b11dfb3d76b6e6c07d2b78633200,2017-03,Sussex Police,Sussex Police,-0.138143,50.821479,On or near Castle Square,E01016952,Brighton and Hove 027A,Violence and sexual offences,Unable to prosecute suspect,
fcf3d18b888f2cfea85a0e8fc77b0ce96c44f19f52c1088b2658a8f5c8dd5688,2017-03,Sussex Police,Sussex Police,-0.148384,50.824601,On or near Crown Street,E01016952,Brighton and Hove 027A,Violence and sexual offences,Investigation complete; no suspect identified,
554a796a52f9edd3b8aad084c2c18adc35c0fa7f195564a9ffa4118bfd1b2bb7,2017-03,Sussex Police,Sussex Police,-0.144034,50.820800,On or near South Street,E01016952,Brighton and Hove 027A,Violence and sexual offences,Unable to prosecute suspect,
778accdc11a17dfb0c3b474bff7ab44309d4ab0fa2cdfccaf67826dbf2b3c0d2,2017-03,Sussex Police,Sussex Police,-0.141214,50.823156,On or near North Street,E01016952,Brighton and Hove 027A,Violence and sexual offences,Investigation complete; no suspect identified,
91b01554b5f2601af062393d4b8b7bb52c5324587cd2ba29de75c38f4695a397,2017-03,Sussex Police,Sussex Police,-0.145348,50.820596,On or near Pedestrian Subway,E01016952,Brighton and Hove 027A,Violence and sexual offences,Unable to prosecute suspect,
e3e7bcd82547ea7cd448d16f254fd960c76eff4ae5b37bcb781eb65a4e0b559c,2017-03,Sussex Police,Sussex Police,-0.141798,50.821682,On or near Ship Street,E01016952,Brighton and Hove 027A,Violence and sexual offences,Further investigation is not in the public interest,
63b84033846a356d18dbd79a7d58bab6374ae9549edeb044243d43a0998a3063,2017-03,Sussex Police,Sussex Police,-0.144034,50.820800,On or near South Street,E01016952,Brighton and Hove 027A,Violence and sexual offences,Unable to prosecute suspect,
022da2c6ecda92b092b2f23eaea53d7111739391e63ebc237907925fd16d756a,2017-03,Sussex Police,Sussex Police,-0.145450,50.823395,On or near Grenville Street,E01016952,Brighton and Hove 027A,Violence and sexual offences,Unable to prosecute suspect,
91c633e8bf438dd0e278fa2e9ef806625a218645570177a63ba46307792aebbc,2017-03,Sussex Police,Sussex Police,-0.143583,50.822151,On or near Boyce'S Street,E01016952,Brighton and Hove 027A,Violence and sexual offences,Unable to prosecute suspect,
9abcc9e9f4151f2f2431e9f3cba01178263b1d166c255d0a9fa8d2b917a0e6ae,2017-03,Sussex Police,Sussex Police,-0.141285,50.820666,On or near Black Lion Street,E01016952,Brighton and Hove 027A,Violence and sexual offences,Unable to prosecute suspect,
de7b6dc5652fc19fd140db331bd1ada09d32190f0661dbd0fdf44136c6123a6a,2017-03,Sussex Police,Sussex Police,-0.140994,50.819771,On or near Nightclub,E01016952,Brighton and Hove 027A,Violence and sexual offences,Offender given a caution,
cf8314b76e1b17ef79df699d9afbb856f8a3ff84e2d51136395b01c13423ce7c,2017-03,Sussex Police,Sussex Police,-0.141965,50.819994,On or near Theatre/Concert Hall,E01016952,Brighton and Hove 027A,Violence and sexual offences,Formal action is not in the public interest,
bfd411ffa05e0ab4e4d91e307b5ed62f9788ea90feda10a0e0662dea4233c197,2017-03,Sussex Police,Sussex Police,-0.139315,50.820581,On or near East Street,E01016952,Brighton and Hove 027A,Violence and sexual offences,Investigation complete; no suspect identified,
410e4cca36e710aef6d19694e4a9cbc42ced6bbe040579d1a96ebb999c9ee937,2017-03,Sussex Police,Sussex Police,-0.140994,50.819771,On or near Nightclub,E01016952,Brighton and Hove 027A,Violence and sexual offences,Further investigation is not in the public interest,
617d53141717f7c39bae45093070007f25e8069540032cf20a164f495d9bf5c9,2017-03,Sussex Police,Sussex Police,-0.142171,50.822659,On or near Duke Street,E01016952,Brighton and Hove 027A,Violence and sexual offences,Investigation complete; no suspect identified,
c771ae9a91afd46ea3b73dd4646890bc535c59f522ae988a1fabaffea4f4a70b,2017-03,Sussex Police,Sussex Police,-0.147689,50.822441,On or near Cannon Place,E01016952,Brighton and Hove 027A,Other crime,Local resolution,
e9fafc0fd3afedfc60b8a9515af5d4616643c35c03b3207bd6a0eb531faf2333,2017-03,Sussex Police,Sussex Police,-0.145695,50.822958,On or near Brighton Churchill Square Shopping Centre,E01016952,Brighton and Hove 027A,Other crime,Investigation complete; no suspect identified,
de1f382d158494fc0f54276b0b69b5fd8026d7f45d90a9791f8b1566f9322217,2017-03,Sussex Police,Sussex Police,-0.147689,50.822441,On or near Cannon Place,E01016952,Brighton and Hove 027A,Other crime,Local resolution,
6c3ed4317163290bf9b609f6e4256db04ec1b873d8e8d281b1afc2a1a6565a68,2017-03,Sussex Police,Sussex Police,-0.147689,50.822441,On or near Cannon Place,E01016952,Brighton and Hove 027A,Other crime,Local resolution,
78bed46c82eb004594b1e9c850b4aeda1cda02eefc1e99708088a17df1b31a63,2017-03,Sussex Police,Sussex Police,-0.147689,50.822441,On or near Cannon Place,E01016952,Brighton and Hove 027A,Other crime,Local resolution,
81352b7ae534793c36d870622b41252b65b46a657146be921aa4b3358436d7ae,2017-03,Sussex Police,Sussex Police,-0.147726,50.824726,On or near Marlborough Street,E01016952,Brighton and Hove 027A,Other crime,Local resolution,
3164c3043139118ddc9bdcf6da906a9d7f58c6eba98803d83b7c1023e3a2fe23,2017-03,Sussex Police,Sussex Police,-0.147567,50.823716,On or near Clarence Square,E01016952,Brighton and Hove 027A,Other crime,Local resolution,
f909e6fa32719aa159288922139c1217c6c30e1798b2f05d44807d154d90a503,2017-03,Sussex Police,Sussex Police,-0.138660,50.820274,On or near Nightclub,E01016952,Brighton and Hove 027A,Other crime,Local resolution,
b8de2dd67992b72bbc7a2bda754752516e5e8a6bc2eaee4ee8ec91644d3f71c8,2017-03,Sussex Police,Sussex Police,-0.147689,50.822441,On or near Cannon Place,E01016952,Brighton and Hove 027A,Other crime,Local resolution,
,2017-03,Sussex Police,Sussex Police,-0.152071,50.825073,On or near Supermarket,E01016953,Brighton and Hove 027B,Anti-social behaviour,,
,2017-03,Sussex Police,Sussex Police,-0.152071,50.825073,On or near Supermarket,E01016953,Brighton and Hove 027B,Anti-social behaviour,,
,2017-03,Sussex Police,Sussex Police,-0.149420,50.824986,On or near Spring Street,E01016953,Brighton and Hove 027B,Anti-social behaviour,,
,2017-03,Sussex Police,Sussex Police,-0.153240,50.825695,On or near Temple Street,E01016953,Brighton and Hove 027B,Anti-social behaviour,,
,2017-03,Sussex Police,Sussex Police,-0.152071,50.825073,On or near Supermarket,E01016953,Brighton and Hove 027B,Anti-social behaviour,,
ae4bd2ee809b713f9fddfe179516cf105e17c559f981cc751b0b07c86d23f74e,2017-03,Sussex Police,Sussex Police,-0.151139,50.826021,On or near Montpelier Terrace,E01016953,Brighton and Hove 027B,Burglary,Offender sent to prison,
57c357d05fe919d72bc6b45cb9fc4516c521ee97aa7202019ebaba62eb76965f,2017-03,Sussex Police,Sussex Police,-0.149225,50.826323,On or near Victoria Street,E01016953,Brighton and Hove 027B,Burglary,Offender sent to prison,
f2c674495eaf7ae2f12d5ef4437f3cfda528909f55f258145acf4ceacaf1d923,2017-03,Sussex Police,Sussex Police,-0.152756,50.824994,On or near Montpelier Road,E01016953,Brighton and Hove 027B,Criminal damage and arson,Investigation complete; no suspect identified,
6aa679faf12e013d885596beae2d1b1937fcd61e11f1fa93e7be4de7672c0375,2017-03,Sussex Police,Sussex Police,-0.152071,50.825073,On or near Supermarket,E01016953,Brighton and Hove 027B,Criminal damage and arson,Investigation complete; no suspect identified,
a4a763f71f84668bacadd110273e6a36cf19c0fe72794bb44dad600ccfeba648,2017-03,Sussex Police,Sussex Police,-0.148842,50.824869,On or near Dean Street,E01016953,Brighton and Hove 027B,Drugs,Offender fined,
c2c8dddd03c65f5b6a073be58b33a697af400fae020678dc2d310d54be8ad5fa,2017-03,Sussex Police,Sussex Police,-0.147817,50.825312,On or near Upper North Street,E01016953,Brighton and Hove 027B,Other theft,Investigation complete; no suspect identified,
156a468043d914097983e07f5c1109f6669e145b2b80ad4dad5870d1c4812e58,2017-03,Sussex Police,Sussex Police,-0.152756,50.824994,On or near Montpelier Road,E01016953,Brighton and Hove 027B,Other theft,Investigation complete; no suspect identified,
4e0a06ac0e3ef43e7afb64b12f1dd550ff2a75d863dd0a69f121a8500a0e5067,2017-03,Sussex Police,Sussex Police,-0.150673,50.826688,On or near Montpelier Villas,E01016953,Brighton and Hove 027B,Public order,Investigation complete; no suspect identified,
79d9863c51877b073ee3e7f2b60a32fbbe9f064612f00ade3de80732b733c4c4,2017-03,Sussex Police,Sussex Police,-0.152756,50.824994,On or near Montpelier Road,E01016953,Brighton and Hove 027B,Public order,Investigation complete; no suspect identified,
166882939a597a41b767e6ed9657d694294ff63c006c26319e78d2ece1c343ba,2017-03,Sussex Police,Sussex Police,-0.152071,50.825073,On or near Supermarket,E01016953,Brighton and Hove 027B,Shoplifting,Investigation complete; no suspect identified,
5d67b84bc827c71b72ef913fdee5a3217dbb7c8d329b71c7b17776e41798caf7,2017-03,Sussex Police,Sussex Police,-0.151139,50.826021,On or near Montpelier Terrace,E01016953,Brighton and Hove 027B,Vehicle crime,Investigation complete; no suspect identified,
ecb4b8f717e2437598277d9b7865c955f07bcf6bbd35169f5c3bf3c91b9d18ed,2017-03,Sussex Police,Sussex Police,-0.148816,50.825885,On or near Clifton Place,E01016953,Brighton and Hove 027B,Vehicle crime,Investigation complete; no suspect identified,
68f0a71461adaa7d3a6dbb50a438357264d592b4d4797cff975157d77deed13b,2017-03,Sussex Police,Sussex Police,-0.148816,50.825885,On or near Clifton Place,E01016953,Brighton and Hove 027B,Violence and sexual offences,Unable to prosecute suspect,
73373d496125cf6c45d262243b1d5576787745617c52ada1d9a293f37ea34a49,2017-03,Sussex Police,Sussex Police,-0.153240,50.825695,On or near Temple Street,E01016953,Brighton and Hove 027B,Violence and sexual offences,Unable to prosecute suspect,
a307569b6e11685ac5d0b5f6c6e435fb187edacc6d353f81b10f90d067c7de4e,2017-03,Sussex Police,Sussex Police,-0.148816,50.825885,On or near Clifton Place,E01016953,Brighton and Hove 027B,Violence and sexual offences,Unable to prosecute suspect,
aed05c2e6d93e7d5733088e07790b88912aa759921b1b13b4422d64271c540da,2017-03,Sussex Police,Sussex Police,-0.153240,50.825695,On or near Temple Street,E01016953,Brighton and Hove 027B,Violence and sexual offences,Unable to prosecute suspect,
dc20cb848b5f0c7d68941a51c6cbdc8f4381e43c85480964adc2ad8e9a200812,2017-03,Sussex Police,Sussex Police,-0.152071,50.825073,On or near Supermarket,E01016953,Brighton and Hove 027B,Violence and sexual offences,Status update unavailable,
8acd15ce4b0bfdceb0934c8d95dd9aafbeee4690dd132173e7d811bf528d16b0,2017-03,Sussex Police,Sussex Police,-0.148816,50.825885,On or near Clifton Place,E01016953,Brighton and Hove 027B,Violence and sexual offences,Unable to prosecute suspect,
,2017-03,Sussex Police,Sussex Police,-0.136969,50.827801,On or near Pelham Square,E01016964,Brighton and Hove 027C,Anti-social behaviour,,
,2017-03,Sussex Police,Sussex Police,-0.138236,50.829134,On or near Parking Area,E01016964,Brighton and Hove 027C,Anti-social behaviour,,
,2017-03,Sussex Police,Sussex Police,-0.135587,50.829326,On or near St Peter'S Place,E01016964,Brighton and Hove 027C,Anti-social behaviour,,
,2017-03,Sussex Police,Sussex Police,-0.138784,50.833577,On or near New England Road,E01016964,Brighton and Hove 027C,Anti-social behaviour,,
,2017-03,Sussex Police,Sussex Police,-0.138951,50.832222,On or near Theatre/Concert Hall,E01016964,Brighton and Hove 027C,Anti-social behaviour,,
,2017-03,Sussex Police,Sussex Police,-0.138347,50.831699,On or near Mayflower Square,E01016964,Brighton and Hove 027C,Anti-social behaviour,,
,2017-03,Sussex Police,Sussex Police,-0.137100,50.830564,On or near Ann Street,E01016964,Brighton and Hove 027C,Anti-social behaviour,,
,2017-03,Sussex Police,Sussex Police,-0.135255,50.830885,On or near Oxford Street,E01016964,Brighton and Hove 027C,Anti-social behaviour,,
,2017-03,Sussex Police,Sussex Police,-0.136969,50.827801,On or near Pelham Square,E01016964,Brighton and Hove 027C,Anti-social behaviour,,
,2017-03,Sussex Police,Sussex Police,-0.136969,50.827801,On or near Pelham Square,E01016964,Brighton and Hove 027C,Anti-social behaviour,,
,2017-03,Sussex Police,Sussex Police,-0.136969,50.827801,On or near Pelham Square,E01016964,Brighton and Hove 027C,Anti-social behaviour,,
,2017-03,Sussex Police,Sussex Police,-0.136969,50.827801,On or near Pelham Square,E01016964,Brighton and Hove 027C,Anti-social behaviour,,
,2017-03,Sussex Police,Sussex Police,-0.137062,50.831157,On or near Providence Place,E01016964,Brighton and Hove 027C,Anti-social behaviour,,
,2017-03,Sussex Police,Sussex Police,-0.136861,50.829787,On or near St Peter'S Street,E01016964,Brighton and Hove 027C,Anti-social behaviour,,
,2017-03,Sussex Police,Sussex Police,-0.137886,50.830451,On or near New England Street,E01016964,Brighton and Hove 027C,Anti-social behaviour,,
,2017-03,Sussex Police,Sussex Police,-0.137335,50.828221,On or near Redcross Street,E01016964,Brighton and Hove 027C,Anti-social behaviour,,
,2017-03,Sussex Police,Sussex Police,-0.140860,50.833520,On or near New England Road,E01016964,Brighton and Hove 027C,Anti-social behaviour,,
,2017-03,Sussex Police,Sussex Police,-0.140860,50.833520,On or near New England Road,E01016964,Brighton and Hove 027C,Anti-social behaviour,,
,2017-03,Sussex Police,Sussex Police,-0.137886,50.830451,On or near New England Street,E01016964,Brighton and Hove 027C,Anti-social behaviour,,
,2017-03,Sussex Police,Sussex Police,-0.137886,50.830451,On or near New England Street,E01016964,Brighton and Hove 027C,Anti-social behaviour,,
,2017-03,Sussex Police,Sussex Police,-0.138144,50.832164,On or near York Hill,E01016964,Brighton and Hove 027C,Anti-social behaviour,,
,2017-03,Sussex Police,Sussex Police,-0.133476,50.832413,On or near Rose Hill,E01016964,Brighton and Hove 027C,Anti-social behaviour,,
,2017-03,Sussex Police,Sussex Police,-0.138784,50.833577,On or near New England Road,E01016964,Brighton and Hove 027C,Anti-social behaviour,,
,2017-03,Sussex Police,Sussex Police,-0.138236,50.829134,On or near Parking Area,E01016964,Brighton and Hove 027C,Anti-social behaviour,,
,2017-03,Sussex Police,Sussex Police,-0.135670,50.832250,On or near Kingsbury Road,E01016964,Brighton and Hove 027C,Anti-social behaviour,,
,2017-03,Sussex Police,Sussex Police,-0.136475,50.829853,On or near Supermarket,E01016964,Brighton and Hove 027C,Anti-social behaviour,,
,2017-03,Sussex Police,Sussex Police,-0.135557,50.828669,On or near York Place,E01016964,Brighton and Hove 027C,Anti-social behaviour,,
,2017-03,Sussex Police,Sussex Police,-0.136969,50.827801,On or near Pelham Square,E01016964,Brighton and Hove 027C,Anti-social behaviour,,
,2017-03,Sussex Police,Sussex Police,-0.136969,50.827801,On or near Pelham Square,E01016964,Brighton and Hove 027C,Anti-social behaviour,,
,2017-03,Sussex Police,Sussex Police,-0.140860,50.833520,On or near New England Road,E01016964,Brighton and Hove 027C,Anti-social behaviour,,
,2017-03,Sussex Police,Sussex Police,-0.140860,50.833520,On or near New England Road,E01016964,Brighton and Hove 027C,Anti-social behaviour,,
,2017-03,Sussex Police,Sussex Police,-0.136969,50.827801,On or near Pelham Square,E01016964,Brighton and Hove 027C,Anti-social behaviour,,
,2017-03,Sussex Police,Sussex Police,-0.140860,50.833520,On or near New England Road,E01016964,Brighton and Hove 027C,Anti-social behaviour,,
,2017-03,Sussex Police,Sussex Police,-0.134325,50.831068,On or near Ditchling Road,E01016964,Brighton and Hove 027C,Anti-social behaviour,,
,2017-03,Sussex Police,Sussex Police,-0.133476,50.832413,On or near Rose Hill,E01016964,Brighton and Hove 027C,Anti-social behaviour,,
,2017-03,Sussex Police,Sussex Police,-0.133476,50.832413,On or near Rose Hill,E01016964,Brighton and Hove 027C,Anti-social behaviour,,
,2017-03,Sussex Police,Sussex Police,-0.135239,50.830229,On or near Oxford Place,E01016964,Brighton and Hove 027C,Anti-social behaviour,,
,2017-03,Sussex Police,Sussex Police,-0.136414,50.833179,On or near Viaduct Road,E01016964,Brighton and Hove 027C,Anti-social behaviour,,
,2017-03,Sussex Police,Sussex Police,-0.137847,50.827509,On or near Sydney Street,E01016964,Brighton and Hove 027C,Anti-social behaviour,,
,2017-03,Sussex Police,Sussex Police,-0.136783,50.831746,On or near London Road,E01016964,Brighton and Hove 027C,Anti-social behaviour,,
,2017-03,Sussex Police,Sussex Police,-0.136783,50.831746,On or near London Road,E01016964,Brighton and Hove 027C,Anti-social behaviour,,
,2017-03,Sussex Police,Sussex Police,-0.136969,50.827801,On or near Pelham Square,E01016964,Brighton and Hove 027C,Anti-social behaviour,,
,2017-03,Sussex Police,Sussex Police,-0.137779,50.828839,On or near Whitecross Street,E01016964,Brighton and Hove 027C,Anti-social behaviour,,
,2017-03,Sussex Police,Sussex Police,-0.136783,50.831746,On or near London Road,E01016964,Brighton and Hove 027C,Anti-social behaviour,,
,2017-03,Sussex Police,Sussex Police,-0.138144,50.832164,On or near York Hill,E01016964,Brighton and Hove 027C,Anti-social behaviour,,
,2017-03,Sussex Police,Sussex Police,-0.136783,50.831746,On or near London Road,E01016964,Brighton and Hove 027C,Anti-social behaviour,,
,2017-03,Sussex Police,Sussex Police,-0.137847,50.827509,On or near Sydney Street,E01016964,Brighton and Hove 027C,Anti-social behaviour,,
b2c69f739fb8cc4e741799f16029b6a5da02eab8a5291086f96e8db8acc66194,2017-03,Sussex Police,Sussex Police,-0.137064,50.832911,On or near Rose Hill Terrace,E01016964,Brighton and Hove 027C,Bicycle theft,Investigation complete; no suspect identified,
8dd16f8ee0835df4f5a2ab117442bd957ef4a5e5c37ccbb6351ae092bd4820f3,2017-03,Sussex Police,Sussex Police,-0.137886,50.830451,On or near New England Street,E01016964,Brighton and Hove 027C,Bicycle theft,Investigation complete; no suspect identified,
061cebcbf90c5ab7d95b716a8a93c2bb8ccc0543440792eab3a00cc1d4abb1e4,2017-03,Sussex Police,Sussex Police,-0.135587,50.829326,On or near St Peter'S Place,E01016964,Brighton and Hove 027C,Bicycle theft,Investigation complete; no suspect identified,
96fe43fda0570620898b14f4b8a88fc7a9b9e6e7b25df86955060b99c455c2cb,2017-03,Sussex Police,Sussex Police,-0.137886,50.830451,On or near New England Street,E01016964,Brighton and Hove 027C,Burglary,Court result unavailable,
615c458b3bf99c475b4966e8a1ee8308d1fd5380914a14ee15436792898d226a,2017-03,Sussex Police,Sussex Police,-0.135255,50.830885,On or near Oxford Street,E01016964,Brighton and Hove 027C,Burglary,Court result unavailable,
834f36075734828a074b0d219b1498f0690664d0a72cfb8a9e09b884af0683b6,2017-03,Sussex Police,Sussex Police,-0.137100,50.830564,On or near Ann Street,E01016964,Brighton and Hove 027C,Burglary,Investigation complete; no suspect identified,
9fbd7b5960beb990fb0bf4844e54527c666ce4d2256065f0ca1bf94813821993,2017-03,Sussex Police,Sussex Police,-0.137584,50.829475,On or near Cheapside,E01016964,Brighton and Hove 027C,Burglary,Investigation complete; no suspect identified,
4c08aafe7b64a0de9bfa74bc55bdcd06dedf94707009622f4df4105818bcb01e,2017-03,Sussex Police,Sussex Police,-0.134751,50.832505,On or near Rose Hill Close,E01016964,Brighton and Hove 027C,Burglary,Status update unavailable,
5a36d91c0598057b2329f8d8070a7404aa8858e6a394ae79a5035af4b8a71767,2017-03,Sussex Police,Sussex Police,-0.136783,50.831746,On or near London Road,E01016964,Brighton and Hove 027C,Burglary,Investigation complete; no suspect identified,
e6a5102a013e0e8929a4dee7fd8d9ca569459ae3444182991161fc70ea37fa7d,2017-03,Sussex Police,Sussex Police,-0.140860,50.833520,On or near New England Road,E01016964,Brighton and Hove 027C,Burglary,Investigation complete; no suspect identified,
e4b603a74518c7692a9bdc0a06b4a32eba0b29d1af814eebb96ad4cbd5329144,2017-03,Sussex Police,Sussex Police,-0.135255,50.830885,On or near Oxford Street,E01016964,Brighton and Hove 027C,Burglary,Investigation complete; no suspect identified,
3dfffeec470383e2fb08c1ff8c0a1385ae86595d5d6a2d95b4724c26cb55b3a5,2017-03,Sussex Police,Sussex Police,-0.137886,50.830451,On or near New England Street,E01016964,Brighton and Hove 027C,Burglary,Investigation complete; no suspect identified,
dfa74338df6ff24d07c2bbbd4e107d63795bec2a097b141a476499d219b06648,2017-03,Sussex Police,Sussex Police,-0.133476,50.832413,On or near Rose Hill,E01016964,Brighton and Hove 027C,Criminal damage and arson,Investigation complete; no suspect identified,
88ea31ab59c68d746e7c2691d7758c67acde1e109112fb993f3cc6158b11ad3e,2017-03,Sussex Police,Sussex Police,-0.136783,50.831746,On or near London Road,E01016964,Brighton and Hove 027C,Criminal damage and arson,Investigation complete; no suspect identified,
204be205dc9ac707d9aed7e5402592386076d16eccd3f7584af0ec0e369083ad,2017-03,Sussex Police,Sussex Police,-0.133476,50.832413,On or near Rose Hill,E01016964,Brighton and Hove 027C,Criminal damage and arson,Investigation complete; no suspect identified,
f983e49c6e2c2e634ab50f6f0ecd297d0a1cae6bd6d55b06be2c70d81b17facc,2017-03,Sussex Police,Sussex Police,-0.138951,50.832222,On or near Theatre/Concert Hall,E01016964,Brighton and Hove 027C,Criminal damage and arson,Investigation complete; no suspect identified,
0b5a80389b5e435dac482c5b3455ae164f9468f1e82d1c4ec6c3159221ada2d4,2017-03,Sussex Police,Sussex Police,-0.138347,50.831699,On or near Mayflower Square,E01016964,Brighton and Hove 027C,Criminal damage and arson,Investigation complete; no suspect identified,
354ec487e3407d2260824f36407cabb275a2f6ce9d0b013ac88a9ce929a8a42e,2017-03,Sussex Police,Sussex Police,-0.136091,50.828093,On or near Trafalgar Court,E01016964,Brighton and Hove 027C,Criminal damage and arson,Further investigation is not in the public interest,
7853e3f6ba0dc8567b949abc8cf0e9ea635a9617d79dc8f304c513d7aa30126b,2017-03,Sussex Police,Sussex Police,-0.136783,50.831746,On or near London Road,E01016964,Brighton and Hove 027C,Criminal damage and arson,Investigation complete; no suspect identified,
0cdd73ed3cae746ebcd2ef3a84362a2a823421a89e700b6ad554ce81f0202216,2017-03,Sussex Police,Sussex Police,-0.138347,50.831699,On or near Mayflower Square,E01016964,Brighton and Hove 027C,Drugs,Awaiting court outcome,
f7799a8b018854795cc4b9366d04f22b94aebf38773d20713d03aabd075efeb3,2017-03,Sussex Police,Sussex Police,-0.136783,50.831746,On or near London Road,E01016964,Brighton and Hove 027C,Drugs,Court result unavailable,
cf4fad7d2ec431ba4019b5369c54634dc9152606a738c56dabc5baeea885a1cd,2017-03,Sussex Police,Sussex Police,-0.137847,50.827509,On or near Sydney Street,E01016964,Brighton and Hove 027C,Drugs,Offender sent to prison,
6afe403eb50caf606b606714b18e369c70224d3d6879b927b33bc1afb47a29a4,2017-03,Sussex Police,Sussex Police,-0.137847,50.827509,On or near Sydney Street,E01016964,Brighton and Hove 027C,Drugs,Formal action is not in the public interest,
d1669f2e44277a1c970726db53237876bb48e1ff00d554f9e930e6bdb73faf65,2017-03,Sussex Police,Sussex Police,-0.136783,50.831746,On or near London Road,E01016964,Brighton and Hove 027C,Drugs,Offender sent to prison,
5d95d6946eb925298460bb16f58afffa839f8130422a62fd0d58e0a0593af318,2017-03,Sussex Police,Sussex Police,-0.138144,50.832164,On or near York Hill,E01016964,Brighton and Hove 027C,Other theft,Investigation complete; no suspect identified,
8acc12c1d1e1409c314ecbf2fcd8a7dabed1c6d2ba83d28b1a78daa8055adc56,2017-03,Sussex Police,Sussex Police,-0.136699,50.827095,On or near Gloucester Street,E01016964,Brighton and Hove 027C,Other theft,Further investigation is not in the public interest,
8cc5f87630377ad117fefead6a72527c3505d3c7f3e35a0db8823becd4d0b83d,2017-03,Sussex Police,Sussex Police,-0.137335,50.828221,On or near Redcross Street,E01016964,Brighton and Hove 027C,Other theft,Investigation complete; no suspect identified,
32963e4f34e6372d536f712c239c02983e5c2ee10b3bfb41edff29ba3161c353,2017-03,Sussex Police,Sussex Police,-0.135227,50.829815,On or near Queen'S Place,E01016964,Brighton and Hove 027C,Other theft,Investigation complete; no suspect identified,
7a6aed3298f8bc073d6987201f734d964944cadc9e2a98ee7dbfb9d8d1e7c04c,2017-03,Sussex Police,Sussex Police,-0.138951,50.832222,On or near Theatre/Concert Hall,E01016964,Brighton and Hove 027C,Other theft,Investigation complete; no suspect identified,
e309c22d59005e360ffe01440df8bab718034fb3ce374d130adefe83cd3f8a3c,2017-03,Sussex Police,Sussex Police,-0.137064,50.832911,On or near Rose Hill Terrace,E01016964,Brighton and Hove 027C,Other theft,Further investigation is not in the public interest,
1c1916c186a422270b5b53de7ed24017c8fcf13caca4b295e827511a73c80f50,2017-03,Sussex Police,Sussex Police,-0.136783,50.831746,On or near London Road,E01016964,Brighton and Hove 027C,Possession of weapons,Investigation complete; no suspect identified,
d005d391376a8eca99ef9c9743bd55f11c69cbaeaf81bc67a613fea336f220c2,2017-03,Sussex Police,Sussex Police,-0.135587,50.829326,On or near St Peter'S Place,E01016964,Brighton and Hove 027C,Possession of weapons,Unable to prosecute suspect,
9b17cf72f75645cd5910feb116fbe0b6231b2943a221ea25deea481d3b04ac04,2017-03,Sussex Police,Sussex Police,-0.135293,50.830661,On or near Oxford Court,E01016964,Brighton and Hove 027C,Possession of weapons,Court result unavailable,
72cf5f67a425b952ad451efa6000744330451251e04eb3667040c4423e37e2d3,2017-03,Sussex Police,Sussex Police,-0.138907,50.832976,On or near Elder Place,E01016964,Brighton and Hove 027C,Public order,Investigation complete; no suspect identified,
71a579399aa2d199ded6d91664869a263682c30490b2bdc602a5ea7655f4705b,2017-03,Sussex Police,Sussex Police,-0.138907,50.832976,On or near Elder Place,E01016964,Brighton and Hove 027C,Public order,Investigation complete; no suspect identified,
c2f6e0b627c490eb07558b09068c1ecda37832a8bd9846e80ced2f7b9bd05328,2017-03,Sussex Police,Sussex Police,-0.138236,50.829134,On or near Parking Area,E01016964,Brighton and Hove 027C,Public order,Further investigation is not in the public interest,
5707b2d59e0d786f78784438330b841a62a30e7fb15bd39078a29f16759c8a86,2017-03,Sussex Police,Sussex Police,-0.133476,50.832413,On or near Rose Hill,E01016964,Brighton and Hove 027C,Public order,Unable to prosecute suspect,
4caf3ea2b32b25a62b8d4ba40aa229c9bc977e61136ee00cbeb6490ae4d04601,2017-03,Sussex Police,Sussex Police,-0.135293,50.830661,On or near Oxford Court,E01016964,Brighton and Hove 027C,Public order,Further investigation is not in the public interest,
bdb2e40a7ca1d373aeedd75a3f20f1ffc7d6f9e106d52f07808001e7f07a6f24,2017-03,Sussex Police,Sussex Police,-0.135239,50.830229,On or near Oxford Place,E01016964,Brighton and Hove 027C,Public order,Investigation complete; no suspect identified,
81a215d9b658cd58dc71fd16cf963ff74719128dcfa01fddb6ef0c728c18487d,2017-03,Sussex Police,Sussex Police,-0.136783,50.831746,On or near London Road,E01016964,Brighton and Hove 027C,Public order,Unable to prosecute suspect,
8d22d1bb5bc38f38a619068ac69861a8e11539c83336f2c7ada96cce37123edb,2017-03,Sussex Police,Sussex Police,-0.140860,50.833520,On or near New England Road,E01016964,Brighton and Hove 027C,Public order,Investigation complete; no suspect identified,
a73b6c0f559ad3fe4659298fbc9fdbb8378a7ddee442e86e0b7f92e8a0e3caa0,2017-03,Sussex Police,Sussex Police,-0.135587,50.829326,On or near St Peter'S Place,E01016964,Brighton and Hove 027C,Public order,Status update unavailable,
6b21d57cfc9ded70ea2df1aea3fc28c1deab28491c1202fbea42a431b2c3b4f4,2017-03,Sussex Police,Sussex Police,-0.135475,50.831788,On or near Baker Street,E01016964,Brighton and Hove 027C,Public order,Investigation complete; no suspect identified,
eb451145851dd01df4421232c439a4873f7376fdf34ebaf0f0b58e85bf522d15,2017-03,Sussex Police,Sussex Police,-0.136475,50.829853,On or near Supermarket,E01016964,Brighton and Hove 027C,Public order,Unable to prosecute suspect,
7c9519471d79cc0278008a55a8b2430dbb10f1f1515fb2bd67232a836f55149e,2017-03,Sussex Police,Sussex Police,-0.135293,50.830661,On or near Oxford Court,E01016964,Brighton and Hove 027C,Public order,Unable to prosecute suspect,
681961a4cdd0b5067fc191713f03a7199f81567eff99efe76bb2a84fe18035dc,2017-03,Sussex Police,Sussex Police,-0.135393,50.828145,On or near York Place,E01016964,Brighton and Hove 027C,Public order,Further investigation is not in the public interest,
9b6c6bd155333aa71705a30a238718b61db5379290e1e0e6bbdf5abb2520d2ea,2017-03,Sussex Police,Sussex Police,-0.135227,50.829815,On or near Queen'S Place,E01016964,Brighton and Hove 027C,Robbery,Unable to prosecute suspect,
473de798a5477951390bcf44b503d931ea86ae2821945ed80d75b78d7793231b,2017-03,Sussex Police,Sussex Police,-0.136861,50.829787,On or near St Peter'S Street,E01016964,Brighton and Hove 027C,Robbery,Investigation complete; no suspect identified,
ab8ceb2c3b816cdec7942c325454db88c9598d4c555786b3283fcbbff4676fb2,2017-03,Sussex Police,Sussex Police,-0.135239,50.830229,On or near Oxford Place,E01016964,Brighton and Hove 027C,Robbery,Offender given a caution,
139ed98d89de5085b155a39c2bca5f3a9ce7b0901bece439ad6bd1819b96559b,2017-03,Sussex Police,Sussex Police,-0.135293,50.830661,On or near Oxford Court,E01016964,Brighton and Hove 027C,Shoplifting,Status update unavailable,
8f66588103e238143e1b2b3d4194e24fd989a8f7946ac70dd7c05e512ce632d7,2017-03,Sussex Police,Sussex Police,-0.137847,50.827509,On or near Sydney Street,E01016964,Brighton and Hove 027C,Shoplifting,Investigation complete; no suspect identified,
41206bc76f8e474cb218447d4a75530df2ea24f53d8440e35df4711131ea2a5c,2017-03,Sussex Police,Sussex Police,-0.138907,50.832976,On or near Elder Place,E01016964,Brighton and Hove 027C,Shoplifting,Unable to prosecute suspect,
8fe87c6eff79131812afffb0b2cfdaedd522cc706d503cc4a55c0a747c7f04e2,2017-03,Sussex Police,Sussex Police,-0.136783,50.831746,On or near London Road,E01016964,Brighton and Hove 027C,Shoplifting,Further investigation is not in the public interest,
631df0fdf97eee1da6021925cc05557751235de2cee3fd0cb399c3c1df5b602b,2017-03,Sussex Police,Sussex Police,-0.136541,50.832480,On or near London Terrace,E01016964,Brighton and Hove 027C,Shoplifting,Investigation complete; no suspect identified,
1e287f7ac9293debd21da08c635abaf57710f713c65c2231a069759cfa6292ed,2017-03,Sussex Police,Sussex Police,-0.135293,50.830661,On or near Oxford Court,E01016964,Brighton and Hove 027C,Shoplifting,Offender otherwise dealt with,
ede13b238a9c6aa327c5b842b2d3aa6eeb02ca0333d6825e39901bb2c72a3fd9,2017-03,Sussex Police,Sussex Police,-0.136783,50.831746,On or near London Road,E01016964,Brighton and Hove 027C,Shoplifting,Unable to prosecute suspect,
a19462c2e9ab61528216b520265f0e6f5c98a9b4d48ef2ab791e5dd61789ae4f,2017-03,Sussex Police,Sussex Police,-0.136475,50.829853,On or near Supermarket,E01016964,Brighton and Hove 027C,Shoplifting,Offender given a caution,
0d7161e13b5ad1cf806ad99c3002f6249aebe951219daac2c6d5af4a84d165f1,2017-03,Sussex Police,Sussex Police,-0.137886,50.830451,On or near New England Street,E01016964,Brighton and Hove 027C,Shoplifting,Unable to prosecute suspect,
702d61467e902e4fcc1bb5dca72b160c7aeea7775bc6de88f51d088fa1367447,2017-03,Sussex Police,Sussex Police,-0.136783,50.831746,On or near London Road,E01016964,Brighton and Hove 027C,Shoplifting,Investigation complete; no suspect identified,
684f3103582244c6f38f63f46351f6f971d5ac5ed37d453fd49a51164e817731,2017-03,Sussex Police,Sussex Police,-0.136475,50.829853,On or near Supermarket,E01016964,Brighton and Hove 027C,Shoplifting,Unable to prosecute suspect,
da680ab2911ecb30983e536dccb62f0562f34c4f709838d3d30c324fba0a5b55,2017-03,Sussex Police,Sussex Police,-0.138907,50.832976,On or near Elder Place,E01016964,Brighton and Hove 027C,Shoplifting,Investigation complete; no suspect identified,
34ef5a68130622c5482ba919db1364c587e4907313656da52b77a656decaa8b0,2017-03,Sussex Police,Sussex Police,-0.135293,50.830661,On or near Oxford Court,E01016964,Brighton and Hove 027C,Shoplifting,Investigation complete; no suspect identified,
c03f85ba51075fe67442df11246b5aada7516d889b559b5a6411e6b54d60fbc8,2017-03,Sussex Police,Sussex Police,-0.136475,50.829853,On or near Supermarket,E01016964,Brighton and Hove 027C,Shoplifting,Unable to prosecute suspect,
02ee53fa01c6f3041eb984befde4d1006aa948abb6115211f1ffc497adbb282f,2017-03,Sussex Police,Sussex Police,-0.135587,50.829326,On or near St Peter'S Place,E01016964,Brighton and Hove 027C,Shoplifting,Unable to prosecute suspect,
0c121d0c8beabf88aa954990e24587e883759368725595b745465879ee1b3a5e,2017-03,Sussex Police,Sussex Police,-0.136783,50.831746,On or near London Road,E01016964,Brighton and Hove 027C,Shoplifting,Local resolution,
25580c0f98e04df9fcd08153a060781a85ea4e180ba3c335db431776f0806ee4,2017-03,Sussex Police,Sussex Police,-0.135393,50.828145,On or near York Place,E01016964,Brighton and Hove 027C,Shoplifting,Local resolution,
b5c9b5ff472ebcab13c32dd716bba18ecc4b6e8cd85ea4673b35ac6bab6192b1,2017-03,Sussex Police,Sussex Police,-0.137886,50.830451,On or near New England Street,E01016964,Brighton and Hove 027C,Shoplifting,Investigation complete; no suspect identified,
ee380cc176b02715c5afbed95973e2a99363f40df7326280954741e37109d4aa,2017-03,Sussex Police,Sussex Police,-0.135293,50.830661,On or near Oxford Court,E01016964,Brighton and Hove 027C,Shoplifting,Unable to prosecute suspect,
92ef4f6b03d4c5cad461c5bcc257394ddb9d21384e4aac390d14a3ca65d9becc,2017-03,Sussex Police,Sussex Police,-0.136783,50.831746,On or near London Road,E01016964,Brighton and Hove 027C,Shoplifting,Investigation complete; no suspect identified,
7c6d66fed5ee134d159b6b9f81678880bf211bc09b54572eff3f6bea7e7fc7b1,2017-03,Sussex Police,Sussex Police,-0.136783,50.831746,On or near London Road,E01016964,Brighton and Hove 027C,Shoplifting,Investigation complete; no suspect identified,
157b2c9d2ce58f9d9ee43590fbc59612c10fe00c5ce3eb200cf9415c8f1e88aa,2017-03,Sussex Police,Sussex Police,-0.136475,50.829853,On or near Supermarket,E01016964,Brighton and Hove 027C,Shoplifting,Investigation complete; no suspect identified,
aa98959bb56a20b577b7347b44fdc0fcce76a2c5da1c541c81493e4c7bc34083,2017-03,Sussex Police,Sussex Police,-0.136475,50.829853,On or near Supermarket,E01016964,Brighton and Hove 027C,Shoplifting,Further investigation is not in the public interest,
b61afb7e44f0576a1605f86e6b085b74a3a1a1e0eb6b022354824410b7b465e7,2017-03,Sussex Police,Sussex Police,-0.135293,50.830661,On or near Oxford Court,E01016964,Brighton and Hove 027C,Shoplifting,Offender given penalty notice,
09657486aaeb4bc3d980ffd0d42e16e96de409a8e7e5eaf20775ee06c020281e,2017-03,Sussex Police,Sussex Police,-0.136475,50.829853,On or near Supermarket,E01016964,Brighton and Hove 027C,Shoplifting,Further investigation is not in the public interest,
88a3bbc55ed8fbf5b6c44671449a52e2e7e550d3771a736cb980b0f1793467e9,2017-03,Sussex Police,Sussex Police,-0.136475,50.829853,On or near Supermarket,E01016964,Brighton and Hove 027C,Shoplifting,Unable to prosecute suspect,
4bb0fcb56773bed07c917b12feaff3afbf6456d02498364c42f1b6d7f4c87ca8,2017-03,Sussex Police,Sussex Police,-0.136783,50.831746,On or near London Road,E01016964,Brighton and Hove 027C,Shoplifting,Investigation complete; no suspect identified,
1d58f6c6c7634e982f39f84570afdbe99df68daa11db31d4b5185c62260146d1,2017-03,Sussex Police,Sussex Police,-0.135271,50.831200,On or near Francis Street,E01016964,Brighton and Hove 027C,Shoplifting,Investigation complete; no suspect identified,
1ba5ffe08a86ab9d058a25dd99a22a9d174391dbc30d32dbdbc2cfae5480f25e,2017-03,Sussex Police,Sussex Police,-0.137100,50.830564,On or near Ann Street,E01016964,Brighton and Hove 027C,Theft from the person,Investigation complete; no suspect identified,
a9b1a2cd4f73ff05f3dd53142493d4ad3e8cc606600af125d0e103c006b11dbb,2017-03,Sussex Police,Sussex Police,-0.137062,50.831157,On or near Providence Place,E01016964,Brighton and Hove 027C,Theft from the person,Unable to prosecute suspect,
77db3970d2e1ce2b38a37602f728aa2019de10b0376c492bb1811d4b6596c0e3,2017-03,Sussex Police,Sussex Police,-0.136783,50.831746,On or near London Road,E01016964,Brighton and Hove 027C,Theft from the person,Investigation complete; no suspect identified,
f8edfeccd01a0f912df37ff24cb14589cd3d190cfe37732095aa5ea7da27517e,2017-03,Sussex Police,Sussex Police,-0.135293,50.830661,On or near Oxford Court,E01016964,Brighton and Hove 027C,Vehicle crime,Investigation complete; no suspect identified,
0f89569b2190302dc17c4cd4381203c3373a88e74b3cd09a43c2ac9b35392683,2017-03,Sussex Police,Sussex Police,-0.136414,50.833179,On or near Viaduct Road,E01016964,Brighton and Hove 027C,Violence and sexual offences,Unable to prosecute suspect,
d844ec2b1f0e47c3aaa247ca9c4f4f666438b939e0edf482efeef6b251e572b4,2017-03,Sussex Police,Sussex Police,-0.135293,50.830661,On or near Oxford Court,E01016964,Brighton and Hove 027C,Violence and sexual offences,Defendant found not guilty,
e8e733c8c66929683c44159d485a4495925cc5653c4b6e658134dae2395ae220,2017-03,Sussex Police,Sussex Police,-0.137886,50.830451,On or near New England Street,E01016964,Brighton and Hove 027C,Violence and sexual offences,Investigation complete; no suspect identified,
992a33cf48284b4097fc22409b87d52fe5f592515f7cffcf087dd6377aca13d6,2017-03,Sussex Police,Sussex Police,-0.135271,50.831200,On or near Francis Street,E01016964,Brighton and Hove 027C,Violence and sexual offences,Unable to prosecute suspect,
c24d4bf8d7af1e5edf388aa884d65773b830b75a5a27e77c2a4a1bdfba791ae9,2017-03,Sussex Police,Sussex Police,-0.136783,50.831746,On or near London Road,E01016964,Brighton and Hove 027C,Violence and sexual offences,Investigation complete; no suspect identified,
81ca4d69dfb879d36cdb56b17b4d5cab92922514f0e34f137d204745671ac8b2,2017-03,Sussex Police,Sussex Police,-0.136475,50.829853,On or near Supermarket,E01016964,Brighton and Hove 027C,Violence and sexual offences,Unable to prosecute suspect,
af77a50e8344fb1f9ab5a144837b3fb17c8a7d3487f0e7a9f466156091e77ffd,2017-03,Sussex Police,Sussex Police,-0.137886,50.830451,On or near New England Street,E01016964,Brighton and Hove 027C,Violence and sexual offences,Unable to prosecute suspect,
fd1a9776d8337044c65a9322b29bfe8685ce87e7df6b728ec18757f405ded55f,2017-03,Sussex Police,Sussex Police,-0.136817,50.828761,On or near Pelham Street,E01016964,Brighton and Hove 027C,Violence and sexual offences,Investigation complete; no suspect identified,
44ebf9c12410998415526245806848f43051b5c95fae5eb32dadf9f9961b93ff,2017-03,Sussex Police,Sussex Police,-0.135293,50.830661,On or near Oxford Court,E01016964,Brighton and Hove 027C,Violence and sexual offences,Unable to prosecute suspect,
fc83163638485db3c929f1b190540f9ea6696df95025bbd2141f170950baffab,2017-03,Sussex Police,Sussex Police,-0.138784,50.833577,On or near New England Road,E01016964,Brighton and Hove 027C,Violence and sexual offences,Unable to prosecute suspect,
833f76aa041c5b2f5bf09326aa1b819f867d3546765e9669f8dd55386c5681dc,2017-03,Sussex Police,Sussex Police,-0.136783,50.831746,On or near London Road,E01016964,Brighton and Hove 027C,Violence and sexual offences,Investigation complete; no suspect identified,
e9022b95f763ffbf8b723148edf88d711ab7baa675a2d145d12471af58b65d49,2017-03,Sussex Police,Sussex Police,-0.136783,50.831746,On or near London Road,E01016964,Brighton and Hove 027C,Violence and sexual offences,Investigation complete; no suspect identified,
314b5d73b5283064a159eab65823bfec986e5d3ef67e37f4a9333ada6f3daf10,2017-03,Sussex Police,Sussex Police,-0.138347,50.831699,On or near Mayflower Square,E01016964,Brighton and Hove 027C,Violence and sexual offences,Unable to prosecute suspect,
8fe72130c15404569e976886ec3e3fee921366ce808b81a91da27be58e7468e0,2017-03,Sussex Police,Sussex Police,-0.136783,50.831746,On or near London Road,E01016964,Brighton and Hove 027C,Violence and sexual offences,Unable to prosecute suspect,
36ba67ceadc883c41a256a934cac341c32eadae58918de2d043fae467f59a12c,2017-03,Sussex Police,Sussex Police,-0.137886,50.830451,On or near New England Street,E01016964,Brighton and Hove 027C,Violence and sexual offences,Unable to prosecute suspect,
ae15a927bc02a2d535cf60033b22235bf428ec725a9507ec53db65bfd96132fd,2017-03,Sussex Police,Sussex Police,-0.138144,50.832164,On or near York Hill,E01016964,Brighton and Hove 027C,Violence and sexual offences,Investigation complete; no suspect identified,
75ff6f14eacaef5ac77eab273eb77c5f7c9eebd567d039ca1deeadf0e234721c,2017-03,Sussex Police,Sussex Police,-0.137886,50.830451,On or near New England Street,E01016964,Brighton and Hove 027C,Violence and sexual offences,Investigation complete; no suspect identified,
32cd679b19fc89769ec8920f5b9f59edab4cc22092ceda122f29145278c77728,2017-03,Sussex Police,Sussex Police,-0.135227,50.829815,On or near Queen'S Place,E01016964,Brighton and Hove 027C,Violence and sexual offences,Investigation complete; no suspect identified,
4025056a565dd4030fbc991165ce7e53aa0177a23eab79f23d2f9f29e43f0554,2017-03,Sussex Police,Sussex Police,-0.137886,50.830451,On or near New England Street,E01016964,Brighton and Hove 027C,Violence and sexual offences,Unable to prosecute suspect,
8545fc9d188b5920b964ff849101c61105cbac8ffb42801f4f1796df8066ded3,2017-03,Sussex Police,Sussex Police,-0.135293,50.830661,On or near Oxford Court,E01016964,Brighton and Hove 027C,Violence and sexual offences,Court result unavailable,
112cfe4f0ed1bf7bc11091752930e587e0f1ee0d929fdf3c358337a93bed958c,2017-03,Sussex Police,Sussex Police,-0.137886,50.830451,On or near New England Street,E01016964,Brighton and Hove 027C,Violence and sexual offences,Investigation complete; no suspect identified,
a161a797838a49db3f7d5c63f744073eb6626f55b2f7853d915947ca2c20c759,2017-03,Sussex Police,Sussex Police,-0.136783,50.831746,On or near London Road,E01016964,Brighton and Hove 027C,Violence and sexual offences,Unable to prosecute suspect,
6e4a01b50820f807da06e0dc54bca71926887e50a8cac41e836e6d49d4bd6343,2017-03,Sussex Police,Sussex Police,-0.135255,50.830885,On or near Oxford Street,E01016964,Brighton and Hove 027C,Violence and sexual offences,Further investigation is not in the public interest,
945b7aae08b3e7391612747762646c75175d3fb8ed9d13452f191ab3611ff1aa,2017-03,Sussex Police,Sussex Police,-0.137886,50.830451,On or near New England Street,E01016964,Brighton and Hove 027C,Violence and sexual offences,Unable to prosecute suspect,
01299c43f34e0366db60f2f5373f0737f0a39345f5a4f2c98fbe0293a0ff6039,2017-03,Sussex Police,Sussex Police,-0.138347,50.831699,On or near Mayflower Square,E01016964,Brighton and Hove 027C,Violence and sexual offences,Offender given community sentence,
,2017-03,Sussex Police,Sussex Police,-0.141626,50.825672,On or near Parking Area,E01016969,Brighton and Hove 027E,Anti-social behaviour,,
,2017-03,Sussex Police,Sussex Police,-0.139885,50.823387,On or near Theatre/Concert Hall,E01016969,Brighton and Hove 027E,Anti-social behaviour,,
,2017-03,Sussex Police,Sussex Police,-0.140391,50.824231,On or near Jew Street,E01016969,Brighton and Hove 027E,Anti-social behaviour,,
,2017-03,Sussex Police,Sussex Police,-0.139885,50.823387,On or near Theatre/Concert Hall,E01016969,Brighton and Hove 027E,Anti-social behaviour,,
,2017-03,Sussex Police,Sussex Police,-0.141626,50.825672,On or near Parking Area,E01016969,Brighton and Hove 027E,Anti-social behaviour,,
,2017-03,Sussex Police,Sussex Police,-0.141626,50.825672,On or near Parking Area,E01016969,Brighton and Hove 027E,Anti-social behaviour,,
,2017-03,Sussex Police,Sussex Police,-0.139058,50.824903,On or near Regent Street,E01016969,Brighton and Hove 027E,Anti-social behaviour,,
,2017-03,Sussex Police,Sussex Police,-0.139885,50.823387,On or near Theatre/Concert Hall,E01016969,Brighton and Hove 027E,Anti-social behaviour,,
,2017-03,Sussex Police,Sussex Police,-0.139058,50.824903,On or near Regent Street,E01016969,Brighton and Hove 027E,Anti-social behaviour,,
,2017-03,Sussex Police,Sussex Police,-0.139058,50.824903,On or near Regent Street,E01016969,Brighton and Hove 027E,Anti-social behaviour,,
,2017-03,Sussex Police,Sussex Police,-0.139058,50.824903,On or near Regent Street,E01016969,Brighton and Hove 027E,Anti-social behaviour,,
,2017-03,Sussex Police,Sussex Police,-0.142678,50.823476,On or near Windsor Street,E01016969,Brighton and Hove 027E,Anti-social behaviour,,
,2017-03,Sussex Police,Sussex Police,-0.139058,50.824903,On or near Regent Street,E01016969,Brighton and Hove 027E,Anti-social behaviour,,
,2017-03,Sussex Police,Sussex Police,-0.139058,50.824903,On or near Regent Street,E01016969,Brighton and Hove 027E,Anti-social behaviour,,
,2017-03,Sussex Police,Sussex Police,-0.139058,50.824903,On or near Regent Street,E01016969,Brighton and Hove 027E,Anti-social behaviour,,
,2017-03,Sussex Police,Sussex Police,-0.139885,50.823387,On or near Theatre/Concert Hall,E01016969,Brighton and Hove 027E,Anti-social behaviour,,
,2017-03,Sussex Police,Sussex Police,-0.141626,50.825672,On or near Parking Area,E01016969,Brighton and Hove 027E,Anti-social behaviour,,
,2017-03,Sussex Police,Sussex Police,-0.137921,50.821701,On or near Palace Place,E01016969,Brighton and Hove 027E,Anti-social behaviour,,
,2017-03,Sussex Police,Sussex Police,-0.139091,50.823698,On or near Theatre/Concert Hall,E01016969,Brighton and Hove 027E,Anti-social behaviour,,
,2017-03,Sussex Police,Sussex Police,-0.139091,50.823698,On or near Theatre/Concert Hall,E01016969,Brighton and Hove 027E,Anti-social behaviour,,
,2017-03,Sussex Police,Sussex Police,-0.139578,50.825738,On or near North Road,E01016969,Brighton and Hove 027E,Anti-social behaviour,,
,2017-03,Sussex Police,Sussex Police,-0.141626,50.825672,On or near Parking Area,E01016969,Brighton and Hove 027E,Anti-social behaviour,,
,2017-03,Sussex Police,Sussex Police,-0.139885,50.823387,On or near Theatre/Concert Hall,E01016969,Brighton and Hove 027E,Anti-social behaviour,,
,2017-03,Sussex Police,Sussex Police,-0.139885,50.823387,On or near Theatre/Concert Hall,E01016969,Brighton and Hove 027E,Anti-social behaviour,,
,2017-03,Sussex Police,Sussex Police,-0.139885,50.823387,On or near Theatre/Concert Hall,E01016969,Brighton and Hove 027E,Anti-social behaviour,,
,2017-03,Sussex Police,Sussex Police,-0.139885,50.823387,On or near Theatre/Concert Hall,E01016969,Brighton and Hove 027E,Anti-social behaviour,,
,2017-03,Sussex Police,Sussex Police,-0.139885,50.823387,On or near Theatre/Concert Hall,E01016969,Brighton and Hove 027E,Anti-social behaviour,,
,2017-03,Sussex Police,Sussex Police,-0.142678,50.823476,On or near Windsor Street,E01016969,Brighton and Hove 027E,Anti-social behaviour,,
,2017-03,Sussex Police,Sussex Police,-0.139885,50.823387,On or near Theatre/Concert Hall,E01016969,Brighton and Hove 027E,Anti-social behaviour,,
,2017-03,Sussex Police,Sussex Police,-0.140391,50.824231,On or near Jew Street,E01016969,Brighton and Hove 027E,Anti-social behaviour,,
,2017-03,Sussex Police,Sussex Police,-0.141626,50.825672,On or near Parking Area,E01016969,Brighton and Hove 027E,Anti-social behaviour,,
,2017-03,Sussex Police,Sussex Police,-0.140200,50.823662,On or near Bond Street,E01016969,Brighton and Hove 027E,Anti-social behaviour,,
,2017-03,Sussex Police,Sussex Police,-0.140188,50.826485,On or near Foundry Street,E01016969,Brighton and Hove 027E,Anti-social behaviour,,
,2017-03,Sussex Police,Sussex Police,-0.142408,50.825990,On or near Queen'S Road,E01016969,Brighton and Hove 027E,Anti-social behaviour,,
,2017-03,Sussex Police,Sussex Police,-0.142422,50.824201,On or near Windsor Street,E01016969,Brighton and Hove 027E,Anti-social behaviour,,
,2017-03,Sussex Police,Sussex Police,-0.142678,50.823476,On or near Windsor Street,E01016969,Brighton and Hove 027E,Anti-social behaviour,,
,2017-03,Sussex Police,Sussex Police,-0.141145,50.824558,On or near King Street,E01016969,Brighton and Hove 027E,Anti-social behaviour,,
,2017-03,Sussex Police,Sussex Police,-0.142408,50.825990,On or near Queen'S Road,E01016969,Brighton and Hove 027E,Anti-social behaviour,,
,2017-03,Sussex Police,Sussex Police,-0.142422,50.824201,On or near Windsor Street,E01016969,Brighton and Hove 027E,Anti-social behaviour,,
,2017-03,Sussex Police,Sussex Police,-0.142408,50.825990,On or near Queen'S Road,E01016969,Brighton and Hove 027E,Anti-social behaviour,,
,2017-03,Sussex Police,Sussex Police,-0.142408,50.825990,On or near Queen'S Road,E01016969,Brighton and Hove 027E,Anti-social behaviour,,
,2017-03,Sussex Police,Sussex Police,-0.138495,50.824777,On or near Parking Area,E01016969,Brighton and Hove 027E,Anti-social behaviour,,
,2017-03,Sussex Police,Sussex Police,-0.140188,50.826485,On or near Foundry Street,E01016969,Brighton and Hove 027E,Anti-social behaviour,,
,2017-03,Sussex Police,Sussex Police,-0.140086,50.825117,On or near Tichborne Street,E01016969,Brighton and Hove 027E,Anti-social behaviour,,
,2017-03,Sussex Police,Sussex Police,-0.141626,50.825672,On or near Parking Area,E01016969,Brighton and Hove 027E,Anti-social behaviour,,
,2017-03,Sussex Police,Sussex Police,-0.142408,50.825990,On or near Queen'S Road,E01016969,Brighton and Hove 027E,Anti-social behaviour,,
,2017-03,Sussex Police,Sussex Police,-0.142408,50.825990,On or near Queen'S Road,E01016969,Brighton and Hove 027E,Anti-social behaviour,,
,2017-03,Sussex Police,Sussex Police,-0.137909,50.823086,On or near Pedestrian Subway,E01016969,Brighton and Hove 027E,Anti-social behaviour,,
,2017-03,Sussex Police,Sussex Police,-0.142408,50.825990,On or near Queen'S Road,E01016969,Brighton and Hove 027E,Anti-social behaviour,,
,2017-03,Sussex Police,Sussex Police,-0.142408,50.825990,On or near Queen'S Road,E01016969,Brighton and Hove 027E,Anti-social behaviour,,
,2017-03,Sussex Police,Sussex Police,-0.136694,50.821510,On or near Old Steine,E01016969,Brighton and Hove 027E,Anti-social behaviour,,
,2017-03,Sussex Police,Sussex Police,-0.142408,50.825990,On or near Queen'S Road,E01016969,Brighton and Hove 027E,Anti-social behaviour,,
,2017-03,Sussex Police,Sussex Police,-0.138495,50.824777,On or near Parking Area,E01016969,Brighton and Hove 027E,Anti-social behaviour,,
,2017-03,Sussex Police,Sussex Police,-0.136694,50.821510,On or near Old Steine,E01016969,Brighton and Hove 027E,Anti-social behaviour,,
,2017-03,Sussex Police,Sussex Police,-0.136694,50.821510,On or near Old Steine,E01016969,Brighton and Hove 027E,Anti-social behaviour,,
,2017-03,Sussex Police,Sussex Police,-0.136667,50.821123,On or near St James'S Street,E01016969,Brighton and Hove 027E,Anti-social behaviour,,
,2017-03,Sussex Police,Sussex Police,-0.141626,50.825672,On or near Parking Area,E01016969,Brighton and Hove 027E,Anti-social behaviour,,
,2017-03,Sussex Police,Sussex Police,-0.136196,50.825819,On or near Blenheim Place,E01016969,Brighton and Hove 027E,Anti-social behaviour,,
,2017-03,Sussex Police,Sussex Police,-0.136694,50.821510,On or near Old Steine,E01016969,Brighton and Hove 027E,Anti-social behaviour,,
,2017-03,Sussex Police,Sussex Police,-0.136694,50.821510,On or near Old Steine,E01016969,Brighton and Hove 027E,Anti-social behaviour,,
,2017-03,Sussex Police,Sussex Police,-0.135573,50.825054,On or near Grand Parade,E01016969,Brighton and Hove 027E,Anti-social behaviour,,
,2017-03,Sussex Police,Sussex Police,-0.141626,50.825672,On or near Parking Area,E01016969,Brighton and Hove 027E,Anti-social behaviour,,
,2017-03,Sussex Police,Sussex Police,-0.137921,50.821701,On or near Palace Place,E01016969,Brighton and Hove 027E,Anti-social behaviour,,
,2017-03,Sussex Police,Sussex Police,-0.136694,50.821510,On or near Old Steine,E01016969,Brighton and Hove 027E,Anti-social behaviour,,
,2017-03,Sussex Police,Sussex Police,-0.142678,50.823476,On or near Windsor Street,E01016969,Brighton and Hove 027E,Anti-social behaviour,,
,2017-03,Sussex Police,Sussex Police,-0.142408,50.825990,On or near Queen'S Road,E01016969,Brighton and Hove 027E,Anti-social behaviour,,
,2017-03,Sussex Police,Sussex Police,-0.144630,50.824029,On or near Dyke Road,E01016969,Brighton and Hove 027E,Anti-social behaviour,,
,2017-03,Sussex Police,Sussex Police,-0.141145,50.824558,On or near King Street,E01016969,Brighton and Hove 027E,Anti-social behaviour,,
,2017-03,Sussex Police,Sussex Police,-0.141145,50.824558,On or near King Street,E01016969,Brighton and Hove 027E,Anti-social behaviour,,
,2017-03,Sussex Police,Sussex Police,-0.142678,50.823476,On or near Windsor Street,E01016969,Brighton and Hove 027E,Anti-social behaviour,,
,2017-03,Sussex Police,Sussex Police,-0.142678,50.823476,On or near Windsor Street,E01016969,Brighton and Hove 027E,Anti-social behaviour,,
,2017-03,Sussex Police,Sussex Police,-0.141817,50.824074,On or near Portland Street,E01016969,Brighton and Hove 027E,Anti-social behaviour,,
,2017-03,Sussex Police,Sussex Police,-0.144098,50.824200,On or near Queen Square,E01016969,Brighton and Hove 027E,Anti-social behaviour,,
,2017-03,Sussex Police,Sussex Police,-0.141346,50.826648,On or near Frederick Street,E01016969,Brighton and Hove 027E,Anti-social behaviour,,
,2017-03,Sussex Police,Sussex Police,-0.136694,50.821510,On or near Old Steine,E01016969,Brighton and Hove 027E,Anti-social behaviour,,
,2017-03,Sussex Police,Sussex Police,-0.137921,50.821701,On or near Palace Place,E01016969,Brighton and Hove 027E,Anti-social behaviour,,
,2017-03,Sussex Police,Sussex Police,-0.136946,50.824437,On or near Marlborough Place,E01016969,Brighton and Hove 027E,Anti-social behaviour,,
,2017-03,Sussex Police,Sussex Police,-0.137921,50.821701,On or near Palace Place,E01016969,Brighton and Hove 027E,Anti-social behaviour,,
,2017-03,Sussex Police,Sussex Police,-0.141626,50.825672,On or near Parking Area,E01016969,Brighton and Hove 027E,Anti-social behaviour,,
b0a2c58248c715cb8914643052fd5fcabcdbd2f284db1c585c6428b67504ba86,2017-03,Sussex Police,Sussex Police,-0.141817,50.824074,On or near Portland Street,E01016969,Brighton and Hove 027E,Bicycle theft,Investigation complete; no suspect identified,
102c1e4bd9524ef42b2d96b5c1380060dcf7c4a6ae0aea0b36c7be02bd97f323,2017-03,Sussex Police,Sussex Police,-0.139578,50.825738,On or near North Road,E01016969,Brighton and Hove 027E,Bicycle theft,Investigation complete; no suspect identified,
3f801efa20d3c1a3946d564a57c0959566b955214358bdbf3525bd88fe2c5754,2017-03,Sussex Police,Sussex Police,-0.136694,50.821510,On or near Old Steine,E01016969,Brighton and Hove 027E,Bicycle theft,Investigation complete; no suspect identified,
5cd5f7309dfce6991a65b280c5b81a47a95ed1da562636ff9dc50bdd62eb9d85,2017-03,Sussex Police,Sussex Police,-0.143511,50.825747,On or near Kew Street,E01016969,Brighton and Hove 027E,Bicycle theft,Investigation complete; no suspect identified,
c7f51de2cab426192f856f08192d4bbdf86fa2f266c073ab0bb41364684d9167,2017-03,Sussex Police,Sussex Police,-0.144098,50.824200,On or near Queen Square,E01016969,Brighton and Hove 027E,Bicycle theft,Unable to prosecute suspect,
4ae1048a961d84ea47319f020dcdf885c7e80c29dbe90570ebae631fca91f955,2017-03,Sussex Police,Sussex Police,-0.137643,50.825141,On or near North Place,E01016969,Brighton and Hove 027E,Bicycle theft,Investigation complete; no suspect identified,
7eb7d611cdadca62d8a354fb8563d3db376a19f8a6da57bc3565a140ee9e5885,2017-03,Sussex Police,Sussex Police,-0.144348,50.826480,On or near St Nicholas Road,E01016969,Brighton and Hove 027E,Burglary,Investigation complete; no suspect identified,
31be9efe62f3ffdf3b4e9b759d4172ff5392f02ff28ea96e5dbf7734fb75acb4,2017-03,Sussex Police,Sussex Police,-0.140391,50.824231,On or near Jew Street,E01016969,Brighton and Hove 027E,Burglary,Investigation complete; no suspect identified,
aa7f72fc003a72fb7342a8ae9879db43484572ccc615e640abe69660001a63b3,2017-03,Sussex Police,Sussex Police,-0.142408,50.825990,On or near Queen'S Road,E01016969,Brighton and Hove 027E,Burglary,Offender sent to prison,
7387a3a0296c37aea9e495105c593a99205dab5ec0289fa4b673b6f85fad4a45,2017-03,Sussex Police,Sussex Police,-0.139578,50.825738,On or near North Road,E01016969,Brighton and Hove 027E,Burglary,Investigation complete; no suspect identified,
ab005ecc74bc13ecb290d8dd66bd2560fe82ec3a590074de735fb66b32d587a6,2017-03,Sussex Police,Sussex Police,-0.135573,50.825054,On or near Grand Parade,E01016969,Brighton and Hove 027E,Burglary,Investigation complete; no suspect identified,
203bb1d175d914b1cb4cb9af9e056c4bff19f2b654bb5be6b4b48ce46f382487,2017-03,Sussex Police,Sussex Police,-0.139536,50.825009,On or near Gardner Street,E01016969,Brighton and Hove 027E,Burglary,Investigation complete; no suspect identified,
e68a47133d41f26f8914dadeb6a27e0390da8fa9657a07f76f7fe905586e8c6d,2017-03,Sussex Police,Sussex Police,-0.141626,50.825672,On or near Parking Area,E01016969,Brighton and Hove 027E,Burglary,Investigation complete; no suspect identified,
ce4b7a045560b0e34db86a70e92fe463e5ccd8226d8f44db7553d0639546989c,2017-03,Sussex Police,Sussex Police,-0.141817,50.824074,On or near Portland Street,E01016969,Brighton and Hove 027E,Criminal damage and arson,Investigation complete; no suspect identified,
eb8875d5ffda8acc3a32490c3c154c7fa7cf4431086abfbab75e5d939a130305,2017-03,Sussex Police,Sussex Police,-0.139885,50.823387,On or near Theatre/Concert Hall,E01016969,Brighton and Hove 027E,Criminal damage and arson,Investigation complete; no suspect identified,
3e187fff8581c3ee2a1dd1b6233f2f6d079b014aa5ce84ec7910fa7ab2cb26af,2017-03,Sussex Police,Sussex Police,-0.139058,50.824903,On or near Regent Street,E01016969,Brighton and Hove 027E,Criminal damage and arson,Investigation complete; no suspect identified,
ad24ecbd9c5b275424e18a6333744b5570c6fd76d76e11c0e0da4208705630d0,2017-03,Sussex Police,Sussex Police,-0.141626,50.825672,On or near Parking Area,E01016969,Brighton and Hove 027E,Criminal damage and arson,Local resolution,
88619f7b5e1886cab4e8e7878bac4c08b243ad48624205b119d138edb3651d7d,2017-03,Sussex Police,Sussex Police,-0.142678,50.823476,On or near Windsor Street,E01016969,Brighton and Hove 027E,Criminal damage and arson,Investigation complete; no suspect identified,
d6b96a952ba793d46da0ce837618e4062d197f242bbb2a5df8abfb5eca5ecfa8,2017-03,Sussex Police,Sussex Police,-0.142730,50.826814,On or near North Gardens,E01016969,Brighton and Hove 027E,Criminal damage and arson,Investigation complete; no suspect identified,
a814360d6a1189e93e53b2776fe523274d8fb27b72b39d2c56a663616933a048,2017-03,Sussex Police,Sussex Police,-0.142678,50.823476,On or near Windsor Street,E01016969,Brighton and Hove 027E,Criminal damage and arson,Awaiting court outcome,
fa5a90314298e44cb3d737683603ba92eed04f03d4970981b0245e87d110d37b,2017-03,Sussex Police,Sussex Police,-0.141346,50.826648,On or near Frederick Street,E01016969,Brighton and Hove 027E,Criminal damage and arson,Investigation complete; no suspect identified,
d3058df4aa6763726141de25bd61df10ff033740327fc6e0450124631a984904,2017-03,Sussex Police,Sussex Police,-0.140391,50.824231,On or near Jew Street,E01016969,Brighton and Hove 027E,Criminal damage and arson,Unable to prosecute suspect,
d2187ce4bc581f9a833dce5ecf358ae6ad042dce792b798dfddcef6b11977c9c,2017-03,Sussex Police,Sussex Police,-0.139885,50.823387,On or near Theatre/Concert Hall,E01016969,Brighton and Hove 027E,Criminal damage and arson,Investigation complete; no suspect identified,
4be2d954ed3b7f36da0ef487e3a72b8ceb6c7571fc5f12f67686b7edea644a67,2017-03,Sussex Police,Sussex Police,-0.140086,50.825117,On or near Tichborne Street,E01016969,Brighton and Hove 027E,Criminal damage and arson,Investigation complete; no suspect identified,
4b6eb42e7bd14a450fca90b7877952426400c427cbdd1b8cfbf4a19db9e44c4f,2017-03,Sussex Police,Sussex Police,-0.144630,50.824029,On or near Dyke Road,E01016969,Brighton and Hove 027E,Drugs,Offender sent to prison,
e064487ad6184c891a82eed04054ac0cb344a941c1a67c5f23cbcedd71b28f5b,2017-03,Sussex Police,Sussex Police,-0.140249,50.825650,On or near Bread Street,E01016969,Brighton and Hove 027E,Drugs,Status update unavailable,
d75d02694e30332d9a7f0eb0a40ab7ca274c6066aa71be6b4ff4c501fd6ad763,2017-03,Sussex Police,Sussex Police,-0.142408,50.825990,On or near Queen'S Road,E01016969,Brighton and Hove 027E,Drugs,Investigation complete; no suspect identified,
5262d12b133b3cd1645afdbe323033b6accc447ea2dc795c5e1bc5f2e41e0937,2017-03,Sussex Police,Sussex Police,-0.135573,50.825054,On or near Grand Parade,E01016969,Brighton and Hove 027E,Drugs,Court result unavailable,
f76faa8dceb9ecefeacaa91ab2bb8f82a1ce6c1554e92fb2a4e1e93236c879a4,2017-03,Sussex Police,Sussex Police,-0.141626,50.825672,On or near Parking Area,E01016969,Brighton and Hove 027E,Drugs,Further investigation is not in the public interest,
1427ce9fd84d10563cd9a174807155481f9d577167b889943b739f32be8136d2,2017-03,Sussex Police,Sussex Police,-0.142422,50.824201,On or near Windsor Street,E01016969,Brighton and Hove 027E,Other theft,Unable to prosecute suspect,
794da9bbb814394fb0309330ea4e98b1d2b2cce519cd73e6a2740f897625e1d6,2017-03,Sussex Police,Sussex Police,-0.139885,50.823387,On or near Theatre/Concert Hall,E01016969,Brighton and Hove 027E,Other theft,Unable to prosecute suspect,
8836686fd471c175e8bbdb328f1a8d65b2c3bb766218d756119cff78f3aa3db9,2017-03,Sussex Police,Sussex Police,-0.136946,50.824437,On or near Marlborough Place,E01016969,Brighton and Hove 027E,Other theft,Status update unavailable,
3c58f4d45b977c194e3cea1f1eaf3b2b5ed674bf0f6d7e8201f49fd9aa8735cb,2017-03,Sussex Police,Sussex Police,-0.141626,50.825672,On or near Parking Area,E01016969,Brighton and Hove 027E,Other theft,Investigation complete; no suspect identified,
d5d14563f977f3d0de8dac8bd00666296ca0fd0972fc9fa083eab7602388a8cf,2017-03,Sussex Police,Sussex Police,-0.139885,50.823387,On or near Theatre/Concert Hall,E01016969,Brighton and Hove 027E,Other theft,Investigation complete; no suspect identified,
dfcbbc206227ef735bfe86b009c90e96d9dc4352af0b05463045e29a06382312,2017-03,Sussex Police,Sussex Police,-0.142408,50.825990,On or near Queen'S Road,E01016969,Brighton and Hove 027E,Other theft,Investigation complete; no suspect identified,
0395e7410de33ea964649bb6d9e17d330f6b80cdc2d6e5ebaac90450e09bcb2d,2017-03,Sussex Police,Sussex Police,-0.140391,50.824231,On or near Jew Street,E01016969,Brighton and Hove 027E,Other theft,Investigation complete; no suspect identified,
4a773070ab320789db8ac98fed4f70bad02a391c64879ff3c2d8ae87849186f9,2017-03,Sussex Police,Sussex Police,-0.140391,50.824231,On or near Jew Street,E01016969,Brighton and Hove 027E,Other theft,Investigation complete; no suspect identified,
0e6499ef68a41ac84ca364c90085cbd62617e779a2fbb004882ba73211133399,2017-03,Sussex Police,Sussex Police,-0.137909,50.823086,On or near Pedestrian Subway,E01016969,Brighton and Hove 027E,Other theft,Further investigation is not in the public interest,
8679e2dd61396e8939c769f7841778b357cdcf079206b6d4889605e50b360da3,2017-03,Sussex Police,Sussex Police,-0.140391,50.824231,On or near Jew Street,E01016969,Brighton and Hove 027E,Other theft,Investigation complete; no suspect identified,
8fc7e80ce4ef46da7e1a51a0f3e8399d962340c27d250ee3194356afd4b028ec,2017-03,Sussex Police,Sussex Police,-0.142678,50.823476,On or near Windsor Street,E01016969,Brighton and Hove 027E,Other theft,Investigation complete; no suspect identified,
d86421f757c85a99427fdd54b107d1327f2db058fb3068f863e6987b95685122,2017-03,Sussex Police,Sussex Police,-0.140188,50.826485,On or near Foundry Street,E01016969,Brighton and Hove 027E,Other theft,Investigation complete; no suspect identified,
40bd9e87140d8202957ab346aac84ea3acd6f4e8d1f7a2f68a5534a0c60a9d48,2017-03,Sussex Police,Sussex Police,-0.141626,50.825672,On or near Parking Area,E01016969,Brighton and Hove 027E,Other theft,Investigation complete; no suspect identified,
fac59029374dfa7151997e6316842b3cebf172c4617d42ba7052c6b40020c432,2017-03,Sussex Police,Sussex Police,-0.141626,50.825672,On or near Parking Area,E01016969,Brighton and Hove 027E,Other theft,Investigation complete; no suspect identified,
8718386e7d06846bc5c644c873e4034df4ef8e7a531d211de1840f0ce3d2ad58,2017-03,Sussex Police,Sussex Police,-0.144630,50.824029,On or near Dyke Road,E01016969,Brighton and Hove 027E,Other theft,Investigation complete; no suspect identified,
cfc1719796befb3219bb597f2a560430ade7b66ee20ed0fe504028624838e3c8,2017-03,Sussex Police,Sussex Police,-0.141626,50.825672,On or near Parking Area,E01016969,Brighton and Hove 027E,Other theft,Investigation complete; no suspect identified,
cb72fea1a288f15fce31a6daceadce7137bc0ea00531d5f2484f4884a443b281,2017-03,Sussex Police,Sussex Police,-0.139885,50.823387,On or near Theatre/Concert Hall,E01016969,Brighton and Hove 027E,Possession of weapons,Offender given suspended prison sentence,
11f6bfae219d7a0fb4adcd2201fb10fc62a793ebb519f610b7e1bf692de9ece6,2017-03,Sussex Police,Sussex Police,-0.141145,50.824558,On or near King Street,E01016969,Brighton and Hove 027E,Possession of weapons,Further investigation is not in the public interest,
39f0d9f6e1a3ac4bb26dc018a887a23007a023fa11d93a559af860f780f0e531,2017-03,Sussex Police,Sussex Police,-0.142678,50.823476,On or near Windsor Street,E01016969,Brighton and Hove 027E,Public order,Status update unavailable,
6312f2489d5bb14d5393f58989d7792ec2fae729eb63932a909b33600f67d23c,2017-03,Sussex Police,Sussex Police,-0.136946,50.824437,On or near Marlborough Place,E01016969,Brighton and Hove 027E,Public order,Further investigation is not in the public interest,
36055a45d529fcc6fd4eda4496189bd477a3d807234f40e060cf902abb81e643,2017-03,Sussex Police,Sussex Police,-0.139885,50.823387,On or near Theatre/Concert Hall,E01016969,Brighton and Hove 027E,Public order,Status update unavailable,
9294f5112d32e6f9deb23239bc65ce0a12db71e54ed54897f62866fc524077f7,2017-03,Sussex Police,Sussex Police,-0.139058,50.824903,On or near Regent Street,E01016969,Brighton and Hove 027E,Public order,Investigation complete; no suspect identified,
f9b3e3e4ff16e9fe28d4784e5e20dd4ceef33639ef5e1d3b491fa2c32eec92a3,2017-03,Sussex Police,Sussex Police,-0.141626,50.825672,On or near Parking Area,E01016969,Brighton and Hove 027E,Public order,Unable to prosecute suspect,
1746a9f2413d05b22d8339def80367067d4a573eb19ab3c72f4c91b8a3bd01f5,2017-03,Sussex Police,Sussex Police,-0.141626,50.825672,On or near Parking Area,E01016969,Brighton and Hove 027E,Public order,Unable to prosecute suspect,
0671d662b651cb4bab5e6ae3e192f6e353c5b691e56995178844a9f6a2485894,2017-03,Sussex Police,Sussex Police,-0.137921,50.821701,On or near Palace Place,E01016969,Brighton and Hove 027E,Public order,Investigation complete; no suspect identified,
648f04ae48bd55fddff09a7fb4b376a9ba36559e6db8d92c39ae369924dfed34,2017-03,Sussex Police,Sussex Police,-0.136946,50.824437,On or near Marlborough Place,E01016969,Brighton and Hove 027E,Public order,Further investigation is not in the public interest,
091a81c893f3f42c8869ba49dbc49bf424db222a0723c4260fbd685a93bce454,2017-03,Sussex Police,Sussex Police,-0.140249,50.825650,On or near Bread Street,E01016969,Brighton and Hove 027E,Public order,Status update unavailable,
c05669fdc797d26e7df74b6d50f807d8bcc8fae3cf7b6e250b8122cc71260dee,2017-03,Sussex Police,Sussex Police,-0.144630,50.824029,On or near Dyke Road,E01016969,Brighton and Hove 027E,Public order,Unable to prosecute suspect,
744e9bd6c6bae68d3af35430cb732d3037c7009603966324c5a8f09a640caa56,2017-03,Sussex Police,Sussex Police,-0.136946,50.824437,On or near Marlborough Place,E01016969,Brighton and Hove 027E,Public order,Unable to prosecute suspect,
08b2b661ec04c189349778cfada59a6e81935c2e4ee3f51ce89268f016c55a9f,2017-03,Sussex Police,Sussex Police,-0.138495,50.824777,On or near Parking Area,E01016969,Brighton and Hove 027E,Public order,Unable to prosecute suspect,
70af9f25514281779875ed8f6077fbf9450df741dc27af765509b8483a5f5e54,2017-03,Sussex Police,Sussex Police,-0.140249,50.825650,On or near Bread Street,E01016969,Brighton and Hove 027E,Public order,Unable to prosecute suspect,
fd73651ed08c79000bd648f141ce0f826c4534096bfddf32c774a2ea746ee38d,2017-03,Sussex Police,Sussex Police,-0.141626,50.825672,On or near Parking Area,E01016969,Brighton and Hove 027E,Public order,Unable to prosecute suspect,
f6f4bedbd4529d49f60a60378543d54fb712122dc1eec02f31ffe2275817e022,2017-03,Sussex Police,Sussex Police,-0.139578,50.825738,On or near North Road,E01016969,Brighton and Hove 027E,Public order,Court result unavailable,
d502d7ba4d0f31871d0d231f53802f139b4d14b23c264ad52e1e204570c079b4,2017-03,Sussex Police,Sussex Police,-0.141352,50.824705,On or near Church Street,E01016969,Brighton and Hove 027E,Public order,Further investigation is not in the public interest,
62828dd065fc1d8819de0ceccca5a48444315b7879986e9ced40c3dac8eb1b04,2017-03,Sussex Police,Sussex Police,-0.138495,50.824777,On or near Parking Area,E01016969,Brighton and Hove 027E,Public order,Investigation complete; no suspect identified,
32614e2698d26573b1c3dec743f0df7bd0e53a2882bfd4d9c7f6e92ea309ef9c,2017-03,Sussex Police,Sussex Police,-0.140188,50.826485,On or near Foundry Street,E01016969,Brighton and Hove 027E,Robbery,Investigation complete; no suspect identified,
7f5264abefc7f10e138213b5a2f5897469c5290ef0311554334d06c2f7b20830,2017-03,Sussex Police,Sussex Police,-0.141626,50.825672,On or near Parking Area,E01016969,Brighton and Hove 027E,Robbery,Unable to prosecute suspect,
918fdebe92cfc15ad251adb1b37dee1f96019daa865b4bc56f6372091011654d,2017-03,Sussex Police,Sussex Police,-0.141626,50.825672,On or near Parking Area,E01016969,Brighton and Hove 027E,Robbery,Status update unavailable,
e8bd5cccfc2ed54603406bfb7a976b76017ee98dce4d33bc05bb47b366e62e5a,2017-03,Sussex Police,Sussex Police,-0.135624,50.826260,On or near Gloucester Place,E01016969,Brighton and Hove 027E,Robbery,Status update unavailable,
e2fcfb3b69815603a1936d348c2b33dac7defd57b1bae7074a0edbc351256527,2017-03,Sussex Police,Sussex Police,-0.144098,50.824200,On or near Queen Square,E01016969,Brighton and Hove 027E,Shoplifting,Investigation complete; no suspect identified,
5d6abe43ac31b0ad1a8a13dc47ca6cf0f4bf72129509f602bdb75523fd0f1d41,2017-03,Sussex Police,Sussex Police,-0.139578,50.825738,On or near North Road,E01016969,Brighton and Hove 027E,Shoplifting,Court result unavailable,
fcfd909b5b92eb7599dc926dff9119c40dedc9454ca4eb39440cff5b2bb4df87,2017-03,Sussex Police,Sussex Police,-0.136694,50.821510,On or near Old Steine,E01016969,Brighton and Hove 027E,Shoplifting,Unable to prosecute suspect,
59e8ea537b4a71840320e2ecbd0f4a1dd18d140e5e0a529c46409a11c415d2d4,2017-03,Sussex Police,Sussex Police,-0.141817,50.824074,On or near Portland Street,E01016969,Brighton and Hove 027E,Shoplifting,Offender given community sentence,
bcf6608cd94f892fc8c521709d2c9db1b4b6760816fd6f1a1319c037f7116cf3,2017-03,Sussex Police,Sussex Police,-0.142678,50.823476,On or near Windsor Street,E01016969,Brighton and Hove 027E,Shoplifting,Local resolution,
053d2eed0584299a87eec17d916934f66a167814de3f51a26cfc68600a1ae547,2017-03,Sussex Police,Sussex Police,-0.144098,50.824200,On or near Queen Square,E01016969,Brighton and Hove 027E,Shoplifting,Investigation complete; no suspect identified,
57c120a3265f4d230cc7a51751dc8eaca763388da1badb6ff0f166ff7735f214,2017-03,Sussex Police,Sussex Police,-0.141858,50.826611,On or near Supermarket,E01016969,Brighton and Hove 027E,Shoplifting,Investigation complete; no suspect identified,
75f9c6042b6d4f42bf804a8c05e2c2a7ec96ecc1bb8ce1192445677fdf608755,2017-03,Sussex Police,Sussex Police,-0.136694,50.821510,On or near Old Steine,E01016969,Brighton and Hove 027E,Shoplifting,Status update unavailable,
77c014d7f6a13930cd27f503f41aae19207847a1248e39a1d1c2028028db0347,2017-03,Sussex Police,Sussex Police,-0.142678,50.823476,On or near Windsor Street,E01016969,Brighton and Hove 027E,Shoplifting,Investigation complete; no suspect identified,
df035d5ef14d91184c981417b6d0b2aedd36b7aa7dc48eb24f08ecf829a482b9,2017-03,Sussex Police,Sussex Police,-0.142678,50.823476,On or near Windsor Street,E01016969,Brighton and Hove 027E,Shoplifting,Status update unavailable,
4cfa10471634f46ee094942edcd33118d893ab7a1bbfa49679b75c859b6c6d8d,2017-03,Sussex Police,Sussex Police,-0.142422,50.824201,On or near Windsor Street,E01016969,Brighton and Hove 027E,Shoplifting,Further investigation is not in the public interest,
89a487048c45c29857a613e87ac3fbae3723c801681e402e4413bb7d8b52e944,2017-03,Sussex Police,Sussex Police,-0.144098,50.824200,On or near Queen Square,E01016969,Brighton and Hove 027E,Shoplifting,Court result unavailable,
61189172efb5967451b744551e151eb734710e94142f65fe093aff3fae7e152a,2017-03,Sussex Police,Sussex Police,-0.142730,50.826814,On or near North Gardens,E01016969,Brighton and Hove 027E,Shoplifting,Investigation complete; no suspect identified,
96a5bf2ee92125b9891d7e825efaeb1fa135e8d99a4f56422ef40a8742730613,2017-03,Sussex Police,Sussex Police,-0.142678,50.823476,On or near Windsor Street,E01016969,Brighton and Hove 027E,Shoplifting,Unable to prosecute suspect,
a22a48be94c1895a881ec645f615b80760f6181fb7e7bd3f66e52029ab132996,2017-03,Sussex Police,Sussex Police,-0.144098,50.824200,On or near Queen Square,E01016969,Brighton and Hove 027E,Shoplifting,Investigation complete; no suspect identified,
2aeb69c06d4d2436966c3cdd91a9a0b2044c66ad5ad0ade6d89f783ee35f98ba,2017-03,Sussex Police,Sussex Police,-0.144098,50.824200,On or near Queen Square,E01016969,Brighton and Hove 027E,Shoplifting,Unable to prosecute suspect,
844861fd4b245cd2cd29de94d626ec85e639e9ada4188d4776a03df0718a78d7,2017-03,Sussex Police,Sussex Police,-0.144098,50.824200,On or near Queen Square,E01016969,Brighton and Hove 027E,Shoplifting,Investigation complete; no suspect identified,
8ca337342db16fd8612a39c877f488a371aedc62d225c87d26262b2c0837dd5a,2017-03,Sussex Police,Sussex Police,-0.141858,50.826611,On or near Supermarket,E01016969,Brighton and Hove 027E,Shoplifting,Investigation complete; no suspect identified,
55357402142f74086e8b0cec73b27eeb9d6eff2b7922fc8332c5fc4e91e178bb,2017-03,Sussex Police,Sussex Police,-0.139578,50.825738,On or near North Road,E01016969,Brighton and Hove 027E,Shoplifting,Local resolution,
ae65e9f2d433c93404d85192ff1f4dcfd4d432e05d31011cd202354a267eb3c0,2017-03,Sussex Police,Sussex Police,-0.142730,50.826814,On or near North Gardens,E01016969,Brighton and Hove 027E,Shoplifting,Offender given community sentence,
f6098e9723994f63d656bc8e581e595a025ab9936a217a0995de0f76cfb2b83c,2017-03,Sussex Police,Sussex Police,-0.142678,50.823476,On or near Windsor Street,E01016969,Brighton and Hove 027E,Shoplifting,Offender given conditional discharge,
4d7f384b55a9a035a253184728c417d891cafaadca9c61e3ec87b7a234ce0ecd,2017-03,Sussex Police,Sussex Police,-0.142678,50.823476,On or near Windsor Street,E01016969,Brighton and Hove 027E,Shoplifting,Investigation complete; no suspect identified,
7323d05f6cd7517262affd269e4421f9ddc0065a386b644de60e54224a68942e,2017-03,Sussex Police,Sussex Police,-0.139578,50.825738,On or near North Road,E01016969,Brighton and Hove 027E,Shoplifting,Local resolution,
45646502743798393e7181e3cf9dadb7ba2016e1d73bf558d2e13352fa1d8e52,2017-03,Sussex Police,Sussex Police,-0.137909,50.823086,On or near Pedestrian Subway,E01016969,Brighton and Hove 027E,Theft from the person,Investigation complete; no suspect identified,
673662ab3a56e45533318dfd2e7ff1fbd6b74213cb0c0eea98a5ec8a9af473f7,2017-03,Sussex Police,Sussex Police,-0.136667,50.821123,On or near St James'S Street,E01016969,Brighton and Hove 027E,Theft from the person,Investigation complete; no suspect identified,
af72e187f7413b70182d4426d54f419f848e07a16ccb9c3a234d86d72fed0552,2017-03,Sussex Police,Sussex Police,-0.142678,50.823476,On or near Windsor Street,E01016969,Brighton and Hove 027E,Theft from the person,Investigation complete; no suspect identified,
887e23aea9dc729341105bee6d64ce84675c88f002abe8feacba94fa8274dcd5,2017-03,Sussex Police,Sussex Police,-0.139885,50.823387,On or near Theatre/Concert Hall,E01016969,Brighton and Hove 027E,Theft from the person,Investigation complete; no suspect identified,
b835fbb06d533e768586f2bc70fc8fabdd3142010a4e8a780c4f51e40cb56b7a,2017-03,Sussex Police,Sussex Police,-0.142678,50.823476,On or near Windsor Street,E01016969,Brighton and Hove 027E,Theft from the person,Court result unavailable,
ab874b42f64ea00b809ca16a40c82d3e7b2f1c6b621f34cad251672d34b497ff,2017-03,Sussex Police,Sussex Police,-0.144630,50.824029,On or near Dyke Road,E01016969,Brighton and Hove 027E,Theft from the person,Investigation complete; no suspect identified,
b346117e2c804a09e2e9943d79edabf3515073a25fdac004f99b69f7b0ff84ce,2017-03,Sussex Police,Sussex Police,-0.139091,50.823698,On or near Theatre/Concert Hall,E01016969,Brighton and Hove 027E,Theft from the person,Investigation complete; no suspect identified,
36afac99dd5973dabdf6cceceff85eb0122b55e6baeee0525a6f357f0cb2ee4e,2017-03,Sussex Police,Sussex Police,-0.141346,50.826648,On or near Frederick Street,E01016969,Brighton and Hove 027E,Vehicle crime,Investigation complete; no suspect identified,
c53d073d3d702a34ad32db7df223dea33740fe6928d000553b652eff49c5949b,2017-03,Sussex Police,Sussex Police,-0.139091,50.823698,On or near Theatre/Concert Hall,E01016969,Brighton and Hove 027E,Violence and sexual offences,Further investigation is not in the public interest,
9ae0cc192f97f26a9b45d4e7e0542f624592ec4f83421c5c3ee4708d8b5a48a9,2017-03,Sussex Police,Sussex Police,-0.141145,50.824558,On or near King Street,E01016969,Brighton and Hove 027E,Violence and sexual offences,Unable to prosecute suspect,
fadb41e4dd00bc811ce347f929e373867d3e02c59b3739309990181c09761b8a,2017-03,Sussex Police,Sussex Police,-0.142678,50.823476,On or near Windsor Street,E01016969,Brighton and Hove 027E,Violence and sexual offences,Investigation complete; no suspect identified,
7033853cef7944c7c42d2859feec7580e351f7d1ec9d2cbfc359432a09d241b9,2017-03,Sussex Police,Sussex Police,-0.144630,50.824029,On or near Dyke Road,E01016969,Brighton and Hove 027E,Violence and sexual offences,Unable to prosecute suspect,
63e0ccf09f8f18a5ec93619c4996dc478f07c6a576fd8e9d128c7ab2461e2e59,2017-03,Sussex Police,Sussex Police,-0.140249,50.825650,On or near Bread Street,E01016969,Brighton and Hove 027E,Violence and sexual offences,Unable to prosecute suspect,
1e86ecefc54a7f970271d20fa0c6349ab83c797c8ab6d69863a2140b0ab5939a,2017-03,Sussex Police,Sussex Police,-0.139885,50.823387,On or near Theatre/Concert Hall,E01016969,Brighton and Hove 027E,Violence and sexual offences,Investigation complete; no suspect identified,
f3421034cb686997cd1b88dd8ca01982886d8b28677faf42ce59a9f6326c0faf,2017-03,Sussex Police,Sussex Police,-0.137909,50.823086,On or near Pedestrian Subway,E01016969,Brighton and Hove 027E,Violence and sexual offences,Investigation complete; no suspect identified,
366376e4c0d2ec473b0ca3b2cd2e1d658948216924657965c1fb996728a636c2,2017-03,Sussex Police,Sussex Police,-0.142422,50.824201,On or near Windsor Street,E01016969,Brighton and Hove 027E,Violence and sexual offences,Investigation complete; no suspect identified,
e64add40baf8048a33acafc685e411bf04cfe79d53d92e304f3304401ff85027,2017-03,Sussex Police,Sussex Police,-0.139885,50.823387,On or near Theatre/Concert Hall,E01016969,Brighton and Hove 027E,Violence and sexual offences,Unable to prosecute suspect,
36b08e8b8f58b4c068632d29a8c458a58215114bb291207188c1aa6bedf91982,2017-03,Sussex Police,Sussex Police,-0.136946,50.824437,On or near Marlborough Place,E01016969,Brighton and Hove 027E,Violence and sexual offences,Awaiting court outcome,
74747f0b657c7fe1127c94ad9dafdf5231b387c1f658ac6a043d93ec301e3f97,2017-03,Sussex Police,Sussex Police,-0.142678,50.823476,On or near Windsor Street,E01016969,Brighton and Hove 027E,Violence and sexual offences,Investigation complete; no suspect identified,
fc14bd159786200031b782dcacaecc6470cfcaf8f42caec94235175f22d06a28,2017-03,Sussex Police,Sussex Police,-0.136946,50.824437,On or near Marlborough Place,E01016969,Brighton and Hove 027E,Violence and sexual offences,Unable to prosecute suspect,
3bfbe4a55cb0458f27e1576df52752578935a60b8f599bcb4633bf9f029bbf96,2017-03,Sussex Police,Sussex Police,-0.140188,50.826485,On or near Foundry Street,E01016969,Brighton and Hove 027E,Violence and sexual offences,Status update unavailable,
7ce3c5a38a56ad098f64d2c35048bd54ba662dd3f5028c82bd4ecf183d4733b4,2017-03,Sussex Police,Sussex Police,-0.141626,50.825672,On or near Parking Area,E01016969,Brighton and Hove 027E,Violence and sexual offences,Offender given community sentence,
b5dcacafcf071f2536bd6841cfeac54fc400cc0440a7f7a64532a9c1e6e9f551,2017-03,Sussex Police,Sussex Police,-0.141626,50.825672,On or near Parking Area,E01016969,Brighton and Hove 027E,Violence and sexual offences,Status update unavailable,
c457a68157aa5220f37a44fab3a9e84df8320d69622ff6d2a84e4570faf1002b,2017-03,Sussex Police,Sussex Police,-0.136694,50.821510,On or near Old Steine,E01016969,Brighton and Hove 027E,Violence and sexual offences,Investigation complete; no suspect identified,
4ba78f7b27fe5fc611900d92af4d66f4fc121714a284d7fbc4edc7f084b29cbe,2017-03,Sussex Police,Sussex Police,-0.139885,50.823387,On or near Theatre/Concert Hall,E01016969,Brighton and Hove 027E,Violence and sexual offences,Unable to prosecute suspect,
6599682e3066b1b43e37b01125d0762095f81570b1781de8faf532c3b04d149f,2017-03,Sussex Police,Sussex Police,-0.142408,50.825990,On or near Queen'S Road,E01016969,Brighton and Hove 027E,Violence and sexual offences,Investigation complete; no suspect identified,
84a8c79c6d7d1d4408a01b09ecaf44dd7d4a9dc689324caac80e67a8bed232b9,2017-03,Sussex Police,Sussex Police,-0.142422,50.824201,On or near Windsor Street,E01016969,Brighton and Hove 027E,Violence and sexual offences,Unable to prosecute suspect,
73cd16108a0c629d20f9bc69fedfc2a2409a507ebb0560f342b832a35c72b0a3,2017-03,Sussex Police,Sussex Police,-0.144630,50.824029,On or near Dyke Road,E01016969,Brighton and Hove 027E,Violence and sexual offences,Unable to prosecute suspect,
9ac6adef418f28abd2ba8b22ece07a0669e0affa9020bfcdd8634753aef7a6f8,2017-03,Sussex Police,Sussex Police,-0.141626,50.825672,On or near Parking Area,E01016969,Brighton and Hove 027E,Violence and sexual offences,Status update unavailable,
e2a4d62bec6fb86a6f5b8fad723c46e2293c9f15132628521a864c1c382de339,2017-03,Sussex Police,Sussex Police,-0.141626,50.825672,On or near Parking Area,E01016969,Brighton and Hove 027E,Violence and sexual offences,Investigation complete; no suspect identified,
6e031714631926c019e9653d6cb31b3d26c9ac2b5e23eb374ae10afa31314923,2017-03,Sussex Police,Sussex Police,-0.140249,50.825650,On or near Bread Street,E01016969,Brighton and Hove 027E,Violence and sexual offences,Further investigation is not in the public interest,
805df9c5d003ec98b3aead182701427727642fccfeb0def4e2285d37cfd647e0,2017-03,Sussex Police,Sussex Police,-0.141626,50.825672,On or near Parking Area,E01016969,Brighton and Hove 027E,Violence and sexual offences,Unable to prosecute suspect,
7c8d28c0cebf39e65712cd6823277f6fbbdf4416397b31ace2c3e3c7f888e10f,2017-03,Sussex Police,Sussex Police,-0.135573,50.825054,On or near Grand Parade,E01016969,Brighton and Hove 027E,Violence and sexual offences,Defendant found not guilty,
ccab19ccae66dc144cefb5f4a25bbc27aa1ebb922ae500d8fa02da2c3c76a999,2017-03,Sussex Police,Sussex Police,-0.135573,50.825054,On or near Grand Parade,E01016969,Brighton and Hove 027E,Violence and sexual offences,Unable to prosecute suspect,
d1fab0f5a4058c42dcdd51b09566f92868d1700070a7c17fd9f8f2bc64667cf1,2017-03,Sussex Police,Sussex Police,-0.139885,50.823387,On or near Theatre/Concert Hall,E01016969,Brighton and Hove 027E,Violence and sexual offences,Offender sent to prison,
a3a16ba599d58cd9b74eab4172feb23f5c421bf11412d6d8cd03471d3371ad1c,2017-03,Sussex Police,Sussex Police,-0.144630,50.824029,On or near Dyke Road,E01016969,Brighton and Hove 027E,Violence and sexual offences,Unable to prosecute suspect,
f088cf1238051565ccf1bab8aa6df7a36877d5a404454c98b5a1b23ebcd62788,2017-03,Sussex Police,Sussex Police,-0.140249,50.825650,On or near Bread Street,E01016969,Brighton and Hove 027E,Violence and sexual offences,Status update unavailable,
7a74a8d02185849a5aa8c3b3ff2be6dcacfd8a1de0a3026ad94e3bc29e87abfd,2017-03,Sussex Police,Sussex Police,-0.142678,50.823476,On or near Windsor Street,E01016969,Brighton and Hove 027E,Violence and sexual offences,Investigation complete; no suspect identified,
a3cd7867a8765de90e973d0e7d75df22791b5dab9bc1da2b182f9e7730116a1d,2017-03,Sussex Police,Sussex Police,-0.142678,50.823476,On or near Windsor Street,E01016969,Brighton and Hove 027E,Violence and sexual offences,Unable to prosecute suspect,
0726e1f9a11a56cefe542691fe0987c7b9246fcadd4e267e3f020987280c9a55,2017-03,Sussex Police,Sussex Police,-0.143511,50.825747,On or near Kew Street,E01016969,Brighton and Hove 027E,Violence and sexual offences,Investigation complete; no suspect identified,
4d62c99b43d8a0011596a610ed100ee86f2201d5c4406b6fc5a2a13a2a20cda0,2017-03,Sussex Police,Sussex Police,-0.136694,50.821510,On or near Old Steine,E01016969,Brighton and Hove 027E,Violence and sexual offences,Investigation complete; no suspect identified,
923c99649064ee29532809f206b7dbffc503f5c14d7d1380d6c744193ce28367,2017-03,Sussex Police,Sussex Police,-0.139091,50.823698,On or near Theatre/Concert Hall,E01016969,Brighton and Hove 027E,Violence and sexual offences,Unable to prosecute suspect,
a16038930eaddce9949cb416e8d072658c3d0543ac279ec2d5a4f45b25c2c993,2017-03,Sussex Police,Sussex Police,-0.141817,50.824074,On or near Portland Street,E01016969,Brighton and Hove 027E,Violence and sexual offences,Further investigation is not in the public interest,
66841cd6461b3c745b6cb95badf4cc82fbab045aed01c1e773641da8a50e93d9,2017-03,Sussex Police,Sussex Police,-0.141817,50.824074,On or near Portland Street,E01016969,Brighton and Hove 027E,Violence and sexual offences,Investigation complete; no suspect identified,
d9be109b701de35a8a59562ec5d982bf193719e6fd481aede740378384f07d4f,2017-03,Sussex Police,Sussex Police,-0.139058,50.824903,On or near Regent Street,E01016969,Brighton and Hove 027E,Violence and sexual offences,Unable to prosecute suspect,
79a21a624f1f78a559dae432462317f75779d60ce3b67b9b583491b3cf9a00c0,2017-03,Sussex Police,Sussex Police,-0.140249,50.825650,On or near Bread Street,E01016969,Brighton and Hove 027E,Violence and sexual offences,Unable to prosecute suspect,
03677fe1d5cdff255138df59de0be32106659cb20f1876cde8a7b7ec339a23c5,2017-03,Sussex Police,Sussex Police,-0.144630,50.824029,On or near Dyke Road,E01016969,Brighton and Hove 027E,Violence and sexual offences,Unable to prosecute suspect,
4bf59e001df452b0a0ced01158823a796452a46907180622d7c1f90bd0b5d429,2017-03,Sussex Police,Sussex Police,-0.139058,50.824903,On or near Regent Street,E01016969,Brighton and Hove 027E,Violence and sexual offences,Further investigation is not in the public interest,
e32932c42bdd1a963b97fdd8571d7a7f7cc1bbd8d09cbf4f7de4dc387e50e473,2017-03,Sussex Police,Sussex Police,-0.142408,50.825990,On or near Queen'S Road,E01016969,Brighton and Hove 027E,Violence and sexual offences,Defendant found not guilty,
ea3b66549fe7e3b49eb4b47dab5e37aafcbb8035ccbadc4b7567c690ea915f7a,2017-03,Sussex Police,Sussex Police,-0.139885,50.823387,On or near Theatre/Concert Hall,E01016969,Brighton and Hove 027E,Violence and sexual offences,Awaiting court outcome,
05ecaa70cbc27e93b476746f86be1aed55a45def67b05cfae9e7a16f6bd00da8,2017-03,Sussex Police,Sussex Police,-0.144098,50.824200,On or near Queen Square,E01016969,Brighton and Hove 027E,Violence and sexual offences,Further investigation is not in the public interest,
61a50e24781fdf9b2165bac29f96882b8fc1a1af9d703700d6cd5578a277ceea,2017-03,Sussex Police,Sussex Police,-0.139091,50.823698,On or near Theatre/Concert Hall,E01016969,Brighton and Hove 027E,Violence and sexual offences,Unable to prosecute suspect,
f57512a84d20e29729cd7927489726bbb733a31e9b8409cce60d0b627644bd23,2017-03,Sussex Police,Sussex Police,-0.142422,50.824201,On or near Windsor Street,E01016969,Brighton and Hove 027E,Violence and sexual offences,Unable to prosecute suspect,
6173938c6b715640d3d67ca12abb53a1d7f348cf719302f2551164c137da04a7,2017-03,Sussex Police,Sussex Police,-0.139578,50.825738,On or near North Road,E01016969,Brighton and Hove 027E,Violence and sexual offences,Unable to prosecute suspect,
6dbf9e6e9b9e1b855ad4ec5f4178f136bb0b838e1ee008b4dceb965008b1915d,2017-03,Sussex Police,Sussex Police,-0.141626,50.825672,On or near Parking Area,E01016969,Brighton and Hove 027E,Violence and sexual offences,Unable to prosecute suspect,
985c66689ccfe1cb40c1ed1167bd23b94dbd2ec26f4df3b9d95bdd3a002f904b,2017-03,Sussex Police,Sussex Police,-0.141626,50.825672,On or near Parking Area,E01016969,Brighton and Hove 027E,Violence and sexual offences,Further investigation is not in the public interest,
5cf3f8047f9903fbc54c003a982db2321dfdfffd8cecdba991cabfadf543e15e,2017-03,Sussex Police,Sussex Police,-0.140200,50.823662,On or near Bond Street,E01016969,Brighton and Hove 027E,Violence and sexual offences,Further investigation is not in the public interest,
0009963e8dbf8c6f867d7035b4888aad8ffa80c2473e83127e3887f7681ec407,2017-03,Sussex Police,Sussex Police,-0.139058,50.824903,On or near Regent Street,E01016969,Brighton and Hove 027E,Violence and sexual offences,Unable to prosecute suspect,
ff292bcbcf9c2504629f138780717d8c3892861176a02aacedc1038dcc6a5bed,2017-03,Sussex Police,Sussex Police,-0.142678,50.823476,On or near Windsor Street,E01016969,Brighton and Hove 027E,Violence and sexual offences,Awaiting court outcome,
f7190c79c48d0061ae1fa1b9d99a3c671d2f967d27fb296afd3f576e36a2b53c,2017-03,Sussex Police,Sussex Police,-0.141817,50.824074,On or near Portland Street,E01016969,Brighton and Hove 027E,Other crime,Unable to prosecute suspect,
b8c5e0d5228e3017e3900845787b1c3c1da971fd05ee234aee8dffd848d23acf,2017-03,Sussex Police,Sussex Police,-0.136946,50.824437,On or near Marlborough Place,E01016969,Brighton and Hove 027E,Other crime,Awaiting court outcome,
3ee3557d3ae9fc23be6cb24f6d72d621d731510edd5f8b2ed379c0a6417d5f64,2017-03,Sussex Police,Sussex Police,-0.142408,50.825990,On or near Queen'S Road,E01016969,Brighton and Hove 027E,Other crime,Court result unavailable,
a3975f2907124687a9a0917cbfb8064f99d947bca93dd31b5197b6e92e8a2f4b,2017-03,Sussex Police,Sussex Police,-0.139578,50.825738,On or near North Road,E01016969,Brighton and Hove 027E,Other crime,Investigation complete; no suspect identified,
,2017-03,Sussex Police,Sussex Police,-0.139301,50.827703,On or near Trafalgar Lane,E01033328,Brighton and Hove 027F,Anti-social behaviour,,
,2017-03,Sussex Police,Sussex Police,-0.139764,50.826425,On or near Queen'S Gardens,E01033328,Brighton and Hove 027F,Anti-social behaviour,,
556f0b333dde30de32a23fd5227e2313e50a8513ac911f922ba72edaa9f46d46,2017-03,Sussex Police,Sussex Police,-0.136781,50.826818,On or near Gloucester Passage,E01033328,Brighton and Hove 027F,Burglary,Investigation complete; no suspect identified,
662208f35d80a825e24c4bec6782f5328cc4efcee8c8597eb056ed0b0342b8b9,2017-03,Sussex Police,Sussex Police,-0.139227,50.826353,On or near Upper Gardner Street,E01033328,Brighton and Hove 027F,Burglary,Investigation complete; no suspect identified,
b2a148edb22695929dea99ce42e160d47e9e198f964702f40213cab3fa3082c6,2017-03,Sussex Police,Sussex Police,-0.136781,50.826818,On or near Gloucester Passage,E01033328,Brighton and Hove 027F,Criminal damage and arson,Unable to prosecute suspect,
eda2657888800f286727f9c2a7c9908239a136f7ed4843f0f98e57ba64d4a46a,2017-03,Sussex Police,Sussex Police,-0.139782,50.827765,On or near Kemp Street,E01033328,Brighton and Hove 027F,Criminal damage and arson,Investigation complete; no suspect identified,
5a0b477a520fe4a5ce5d233187e49aa3ea61034f245cff771fd57f3d8fa8a011,2017-03,Sussex Police,Sussex Police,-0.136954,50.826020,On or near Cheltenham Place,E01033328,Brighton and Hove 027F,Other theft,Investigation complete; no suspect identified,
dbba97d3aba3442e6d7e4e606c601fd9864ea3dcceb4f251d4e84f9875d2b461,2017-03,Sussex Police,Sussex Police,-0.138338,50.826222,On or near Kensington Street,E01033328,Brighton and Hove 027F,Shoplifting,Status update unavailable,
02741b665fff35703ff7c7852d42a3a6d04af4e35a58d7a75d6d2db9da02bdad,2017-03,Sussex Police,Sussex Police,-0.137477,50.826100,On or near Vine Street,E01033328,Brighton and Hove 027F,Shoplifting,Unable to prosecute suspect,
,2017-03,Sussex Police,Sussex Police,-0.141230,50.828490,On or near Queen'S Road,E01033329,Brighton and Hove 027G,Anti-social behaviour,,
,2017-03,Sussex Police,Sussex Police,-0.139189,50.829105,On or near Station Street,E01033329,Brighton and Hove 027G,Anti-social behaviour,,
,2017-03,Sussex Police,Sussex Police,-0.139189,50.829105,On or near Station Street,E01033329,Brighton and Hove 027G,Anti-social behaviour,,
,2017-03,Sussex Police,Sussex Police,-0.142861,50.828174,On or near Guildford Street,E01033329,Brighton and Hove 027G,Anti-social behaviour,,
,2017-03,Sussex Police,Sussex Police,-0.141230,50.828490,On or near Queen'S Road,E01033329,Brighton and Hove 027G,Anti-social behaviour,,
,2017-03,Sussex Police,Sussex Police,-0.139224,50.830715,On or near Fleet Street,E01033329,Brighton and Hove 027G,Anti-social behaviour,,
,2017-03,Sussex Police,Sussex Police,-0.142026,50.828098,On or near Surrey Street,E01033329,Brighton and Hove 027G,Anti-social behaviour,,
,2017-03,Sussex Police,Sussex Police,-0.140046,50.832554,On or near Cross Street,E01033329,Brighton and Hove 027G,Anti-social behaviour,,
,2017-03,Sussex Police,Sussex Police,-0.139693,50.829275,On or near Trafalgar Place,E01033329,Brighton and Hove 027G,Anti-social behaviour,,
,2017-03,Sussex Police,Sussex Police,-0.140057,50.832284,On or near Boston Street,E01033329,Brighton and Hove 027G,Anti-social behaviour,,
,2017-03,Sussex Police,Sussex Police,-0.141720,50.829730,On or near Terminus Road,E01033329,Brighton and Hove 027G,Anti-social behaviour,,
,2017-03,Sussex Police,Sussex Police,-0.141720,50.829730,On or near Terminus Road,E01033329,Brighton and Hove 027G,Anti-social behaviour,,
,2017-03,Sussex Police,Sussex Police,-0.141141,50.828218,On or near Supermarket,E01033329,Brighton and Hove 027G,Anti-social behaviour,,
eda2c17d2f75f27c8022484b0ebd3413cd6038264ba2e1fec9684bb73588bb4b,2017-03,Sussex Police,Sussex Police,-0.142870,50.829748,On or near Clifton Street,E01033329,Brighton and Hove 027G,Bicycle theft,Investigation complete; no suspect identified,
6beb8c8a68992c641e4a5783246c0b25eeb97f01e228e0ffbedd05272e097b5a,2017-03,Sussex Police,Sussex Police,-0.140057,50.832284,On or near Boston Street,E01033329,Brighton and Hove 027G,Burglary,Investigation complete; no suspect identified,
26f3a45fbb16db6c2dafbfca5a14912430f18563bf03b579120786aa20ec8a1b,2017-03,Sussex Police,Sussex Police,-0.142870,50.829748,On or near Clifton Street,E01033329,Brighton and Hove 027G,Burglary,Investigation complete; no suspect identified,
86c8858d2ee48ad79398edf7fcb6bbee237df826194c35b791570ec4d959a8fc,2017-03,Sussex Police,Sussex Police,-0.143980,50.831456,On or near Howard Place,E01033329,Brighton and Hove 027G,Criminal damage and arson,Investigation complete; no suspect identified,
487f839cef57c26d8cd95977b43da43c081bafa950bb1e9c7e0bff3a3257a3ae,2017-03,Sussex Police,Sussex Police,-0.140057,50.832284,On or near Boston Street,E01033329,Brighton and Hove 027G,Criminal damage and arson,Investigation complete; no suspect identified,
0176d0feb4d1cc2fe07aea9eea574f51e425e1db9eaaf1ec83d00825e5f89047,2017-03,Sussex Police,Sussex Police,-0.139224,50.830715,On or near Fleet Street,E01033329,Brighton and Hove 027G,Criminal damage and arson,Investigation complete; no suspect identified,
f3babbc0c720bfe6f887f358fc9301994e522ad7e817243cc8d60c71904a8738,2017-03,Sussex Police,Sussex Police,-0.141067,50.827938,On or near Frederick Place,E01033329,Brighton and Hove 027G,Criminal damage and arson,Investigation complete; no suspect identified,
5cdffa1d27ca76eb5452a312ff78c23f2597d0c29ae159875b4560f2846280a0,2017-03,Sussex Police,Sussex Police,-0.142054,50.827406,On or near Upper Gloucester Road,E01033329,Brighton and Hove 027G,Criminal damage and arson,Investigation complete; no suspect identified,
1b38f7ea48daab77508df33166a72ddf7c8bdb1de6785b51ec13fac6812c2542,2017-03,Sussex Police,Sussex Police,-0.143980,50.831456,On or near Howard Place,E01033329,Brighton and Hove 027G,Drugs,Court result unavailable,
b4fce382f9787a3896acc16b51e96d93cd39d19b99d686175f9fad6d29d64c48,2017-03,Sussex Police,Sussex Police,-0.139224,50.830715,On or near Fleet Street,E01033329,Brighton and Hove 027G,Other theft,Investigation complete; no suspect identified,
f25c068cded3ddf36a7e6c142fc22bfd43e2eb1d6c8f040add2a10d006aeeaf4,2017-03,Sussex Police,Sussex Police,-0.138624,50.828304,On or near Trafalgar Street,E01033329,Brighton and Hove 027G,Other theft,Investigation complete; no suspect identified,
6596948869bd73a5508d23bfacfeb925f55870982e42b7f11d4f700edc2a4535,2017-03,Sussex Police,Sussex Police,-0.141141,50.828218,On or near Supermarket,E01033329,Brighton and Hove 027G,Other theft,Further investigation is not in the public interest,
ffe932f41ae72746a69e8f9e98f45047f44f4888d6af9370e3cb293d102c4398,2017-03,Sussex Police,Sussex Police,-0.139693,50.829275,On or near Trafalgar Place,E01033329,Brighton and Hove 027G,Other theft,Investigation complete; no suspect identified,
f2220e6ea3349d1b300c980f8117760057232e21fa0ccf65bd24782d1b950881,2017-03,Sussex Police,Sussex Police,-0.141141,50.828218,On or near Supermarket,E01033329,Brighton and Hove 027G,Other theft,Investigation complete; no suspect identified,
0b91ff463aebd51f6d62c8830bfac39d0a8657c680e8dd4f4d1e2c4df40a69ba,2017-03,Sussex Police,Sussex Police,-0.141230,50.828490,On or near Queen'S Road,E01033329,Brighton and Hove 027G,Possession of weapons,Offender given community sentence,
18058139f37ef6b815717e49590b78b8a258f264a32f5a69713d7842e070ee57,2017-03,Sussex Police,Sussex Police,-0.141141,50.828218,On or near Supermarket,E01033329,Brighton and Hove 027G,Possession of weapons,Further investigation is not in the public interest,
869739c136f174b2b2b99757144dbae3e0af83ae368df426fb283b6d3ef489a0,2017-03,Sussex Police,Sussex Police,-0.141141,50.828218,On or near Supermarket,E01033329,Brighton and Hove 027G,Possession of weapons,Court result unavailable,
fb8ff8b8229c040b9decc514a8386e3b1bbd856f1f099b51862fbc384c977d51,2017-03,Sussex Police,Sussex Police,-0.140057,50.832284,On or near Boston Street,E01033329,Brighton and Hove 027G,Public order,Unable to prosecute suspect,
f5e5c3e8e5c10bf79f0c7e13d10bfd2eb51d6e13598a998868f70b5a02239a02,2017-03,Sussex Police,Sussex Police,-0.141230,50.828490,On or near Queen'S Road,E01033329,Brighton and Hove 027G,Public order,Status update unavailable,
6a04b42f2bb8f96219f2507a00f27d765942a54c0bc7ad7bf18b1dfb3a5f564b,2017-03,Sussex Police,Sussex Police,-0.141230,50.828490,On or near Queen'S Road,E01033329,Brighton and Hove 027G,Public order,Further investigation is not in the public interest,
9dfcedf7ffd0846f65058971996d57eb19798d639acdf8fad46f0bb73b91c4cc,2017-03,Sussex Police,Sussex Police,-0.141141,50.828218,On or near Supermarket,E01033329,Brighton and Hove 027G,Public order,Court result unavailable,
fcd5c4e6e99ed8cf2383e851b887360b3649c8ab6c8e5fb65d1ee5974dc57f4b,2017-03,Sussex Police,Sussex Police,-0.138624,50.828304,On or near Trafalgar Street,E01033329,Brighton and Hove 027G,Public order,Investigation complete; no suspect identified,
6ea8bf4506670eded2ca3a55f5e0d20fe46ee04c6590f478e2487ea307747610,2017-03,Sussex Police,Sussex Police,-0.141141,50.828218,On or near Supermarket,E01033329,Brighton and Hove 027G,Shoplifting,Unable to prosecute suspect,
f6ec18452b6d8a7d2e8797a437947a856cdb61088b7816761904783c099a132d,2017-03,Sussex Police,Sussex Police,-0.141141,50.828218,On or near Supermarket,E01033329,Brighton and Hove 027G,Theft from the person,Unable to prosecute suspect,
3c2d7585c8fb1f19bf52f7502b5dd0c2d73e9144fa25d5c1e7e03dfcc6aea3f9,2017-03,Sussex Police,Sussex Police,-0.141230,50.828490,On or near Queen'S Road,E01033329,Brighton and Hove 027G,Theft from the person,Further investigation is not in the public interest,
d65af7370ef3ca1d5440feb89ec0a09303162416d275b79757e466eeb041a96b,2017-03,Sussex Police,Sussex Police,-0.141230,50.828490,On or near Queen'S Road,E01033329,Brighton and Hove 027G,Vehicle crime,Offender given a caution,
0046b6ee46b5bbb50c0b8bb928a3736695985c86ce181c14aeadd0e6d1f4aed2,2017-03,Sussex Police,Sussex Police,-0.138726,50.828953,On or near Blackman Street,E01033329,Brighton and Hove 027G,Vehicle crime,Unable to prosecute suspect,
fb591af00e6e6dffd076d0bb7c5c7a3088acbfff7e92b3c65daaa4acfdb12a4a,2017-03,Sussex Police,Sussex Police,-0.141970,50.830219,On or near Terminus Road,E01033329,Brighton and Hove 027G,Violence and sexual offences,Unable to prosecute suspect,
bfc6cc8c93414ca6a41cb2b54ccb267b6206a34093f655b1f882695e2e70dca5,2017-03,Sussex Police,Sussex Police,-0.138624,50.828304,On or near Trafalgar Street,E01033329,Brighton and Hove 027G,Violence and sexual offences,Offender given suspended prison sentence,
cc826a575b8128c3c732600b0c0eee42f7feb7d17275e3954602da74d0c62830,2017-03,Sussex Police,Sussex Police,-0.141970,50.830219,On or near Terminus Road,E01033329,Brighton and Hove 027G,Violence and sexual offences,Unable to prosecute suspect,
2a36b2971360fc7fd73788faa4f6f1f4c6f19b7bf32f079de88099449fea138a,2017-03,Sussex Police,Sussex Police,-0.140057,50.832284,On or near Boston Street,E01033329,Brighton and Hove 027G,Violence and sexual offences,Unable to prosecute suspect,
285cbf1d83e46199a10a2cf13b8f5903375b70ff7e4d28829b4a58c8f8042092,2017-03,Sussex Police,Sussex Police,-0.142861,50.828174,On or near Guildford Street,E01033329,Brighton and Hove 027G,Violence and sexual offences,Unable to prosecute suspect,
97193f7abd88107a6144b68b38d5a68fe4107623bc694542aaf36e3c584842be,2017-03,Sussex Police,Sussex Police,-0.142870,50.829748,On or near Clifton Street,E01033329,Brighton and Hove 027G,Violence and sexual offences,Status update unavailable,
7751b917326dd9c9423bc1a07028a31bfc597b074ac2c42b3c8d5bd53d782f2e,2017-03,Sussex Police,Sussex Police,-0.140057,50.832284,On or near Boston Street,E01033329,Brighton and Hove 027G,Violence and sexual offences,Unable to prosecute suspect,
18cdfc597c70c947d681cf51062b0d6499544cc14cfe4ffb1f693375f50f0e29,2017-03,Sussex Police,Sussex Police,-0.141720,50.829730,On or near Terminus Road,E01033329,Brighton and Hove 027G,Violence and sexual offences,Status update unavailable,
ed495c534b0e90f8dc61afe6c05a8fb372330be83c883190542edd476a2c7325,2017-03,Sussex Police,Sussex Police,-0.143297,50.827560,On or near Upper Gloucester Road,E01033329,Brighton and Hove 027G,Violence and sexual offences,Investigation complete; no suspect identified,
7ed6109579b22d8454aecc6f42d93afa7ab65be0980234d4f0bb081a58962cd6,2017-03,Sussex Police,Sussex Police,-0.142054,50.827406,On or near Upper Gloucester Road,E01033329,Brighton and Hove 027G,Violence and sexual offences,Investigation complete; no suspect identified,
,2017-03,Sussex Police,Sussex Police,-0.175099,50.825508,On or near Hove Place,E01016857,Brighton and Hove 028A,Anti-social behaviour,,
,2017-03,Sussex Police,Sussex Police,-0.175099,50.825508,On or near Hove Place,E01016857,Brighton and Hove 028A,Anti-social behaviour,,
,2017-03,Sussex Police,Sussex Police,-0.175824,50.825124,On or near Kingsway,E01016857,Brighton and Hove 028A,Anti-social behaviour,,
,2017-03,Sussex Police,Sussex Police,-0.176448,50.824774,On or near Sussex Road,E01016857,Brighton and Hove 028A,Anti-social behaviour,,
,2017-03,Sussex Police,Sussex Police,-0.175099,50.825508,On or near Hove Place,E01016857,Brighton and Hove 028A,Anti-social behaviour,,
0d2c45511f6a4c210c35595c8c5f0b72544f88c7825ca0afda15a95b72cb3b7b,2017-03,Sussex Police,Sussex Police,-0.177645,50.827949,On or near Vallance Road,E01016857,Brighton and Hove 028A,Burglary,Investigation complete; no suspect identified,
f895aeaa80fe3965f3d10603f9b5075d956df3529a65e7f96576e95db95888c5,2017-03,Sussex Police,Sussex Police,-0.177645,50.827949,On or near Vallance Road,E01016857,Brighton and Hove 028A,Other theft,Investigation complete; no suspect identified,
090d2dbd865bfe30c04d790001bb950172742328f7a67f88049f658233a31b3d,2017-03,Sussex Police,Sussex Police,-0.175099,50.825508,On or near Hove Place,E01016857,Brighton and Hove 028A,Other theft,Investigation complete; no suspect identified,
0f23f73c193deeb884e2da405b865249fee2b028695bb080664326b0f64bb9a8,2017-03,Sussex Police,Sussex Police,-0.175824,50.825124,On or near Kingsway,E01016857,Brighton and Hove 028A,Other theft,Unable to prosecute suspect,
f5f9ca1f48bc7e6423b99db4141ac04d5e46c71fd6830289b51d1469b561cc91,2017-03,Sussex Police,Sussex Police,-0.175824,50.825124,On or near Kingsway,E01016857,Brighton and Hove 028A,Public order,Defendant found not guilty,
4a0e7cfbe3433e76461a7f2d27f09b9183908f90af67ef06f3ab8da7eefc4bbd,2017-03,Sussex Police,Sussex Police,-0.180449,50.825232,On or near Parking Area,E01016857,Brighton and Hove 028A,Vehicle crime,Investigation complete; no suspect identified,
ec6bab10cedb61fe6002a6e32c797a15d8817ed67e030efe7312e37a05b29b44,2017-03,Sussex Police,Sussex Police,-0.175824,50.825124,On or near Kingsway,E01016857,Brighton and Hove 028A,Violence and sexual offences,Investigation complete; no suspect identified,
fea10895bf0361d5a84fd80af21c2b9b659fb28d040bc8b5c2a67a4ffaea4db2,2017-03,Sussex Police,Sussex Police,-0.177747,50.824974,On or near St Aubyns South,E01016857,Brighton and Hove 028A,Violence and sexual offences,Offender given a caution,
46f51d3e9fe3c9a711a9097a5f20cb129641a346464962349fcf2e0cf6102feb,2017-03,Sussex Police,Sussex Police,-0.175824,50.825124,On or near Kingsway,E01016857,Brighton and Hove 028A,Violence and sexual offences,Further investigation is not in the public interest,
3ec1255a8896499ffa1c9421d2c7e437a49bcc93f0cf185977dd0cfb08ed31d3,2017-03,Sussex Police,Sussex Police,-0.177701,50.826151,On or near Namrik Mews,E01016857,Brighton and Hove 028A,Violence and sexual offences,Unable to prosecute suspect,
76b964cd7e6d4538ea2985bf5aedb3409875c5142c76207377c1d3cac76a0181,2017-03,Sussex Police,Sussex Police,-0.176791,50.824365,On or near King'S Esplanade,E01016857,Brighton and Hove 028A,Violence and sexual offences,Investigation complete; no suspect identified,
,2017-03,Sussex Police,Sussex Police,-0.171621,50.826227,On or near Fourth Avenue,E01016858,Brighton and Hove 028B,Anti-social behaviour,,
,2017-03,Sussex Police,Sussex Police,-0.173882,50.826496,On or near Medina Villas,E01016858,Brighton and Hove 028B,Anti-social behaviour,,
9c612a7690cbdb4d3b90caabd284c4672066b7f4cf856f3af79be3985f083a54,2017-03,Sussex Police,Sussex Police,-0.171621,50.826227,On or near Fourth Avenue,E01016858,Brighton and Hove 028B,Other theft,Investigation complete; no suspect identified,
a788dd7290e5e6fb65143a0836fb0a1065d6b0bd0863d78acfe1c4f0e40a2424,2017-03,Sussex Police,Sussex Police,-0.175762,50.826723,On or near Seafield Road,E01016858,Brighton and Hove 028B,Other theft,Offender fined,
138b58af18cf970be30c3f2c993483ed6fdb1ec57b8fc32a26dafda6fcb3f3d8,2017-03,Sussex Police,Sussex Police,-0.175762,50.826723,On or near Seafield Road,E01016858,Brighton and Hove 028B,Violence and sexual offences,Unable to prosecute suspect,
,2017-03,Sussex Police,Sussex Police,-0.168491,50.825656,On or near Grand Avenue,E01016859,Brighton and Hove 028C,Anti-social behaviour,,
6274ac41a48f485288b66e42d9c657adf905c7a728a006863981bb90b2626586,2017-03,Sussex Police,Sussex Police,-0.170406,50.824625,On or near King'S Gardens,E01016859,Brighton and Hove 028C,Burglary,Investigation complete; no suspect identified,
45e2cb00cad8bf03003183a2d9c19fac216fc389116a3f8756ab4441064da81e,2017-03,Sussex Police,Sussex Police,-0.170589,50.826103,On or near Third Avenue,E01016859,Brighton and Hove 028C,Violence and sexual offences,Offender given suspended prison sentence,
,2017-03,Sussex Police,Sussex Police,-0.184578,50.829703,On or near New Church Road,E01016986,Brighton and Hove 028D,Anti-social behaviour,,
,2017-03,Sussex Police,Sussex Police,-0.186195,50.826068,On or near Kingsway,E01016986,Brighton and Hove 028D,Anti-social behaviour,,
40f2a2f9a7aeaa99411c5b938a7317b7747b4489d6440cd0624188fc04bea9d9,2017-03,Sussex Police,Sussex Police,-0.183627,50.827503,On or near Westbourne Place,E01016986,Brighton and Hove 028D,Violence and sexual offences,Status update unavailable,
bcd73c7a838fe66320140d2ac8751b1aa13d7ef373756c24bf9bb60ff73de11a,2017-03,Sussex Police,Sussex Police,-0.183627,50.827503,On or near Westbourne Place,E01016986,Brighton and Hove 028D,Violence and sexual offences,Unable to prosecute suspect,
44f55e0196a169abb4777cf7a28b10ba448139e9f34ee87fbbbda503009c671e,2017-03,Sussex Police,Sussex Police,-0.183627,50.827503,On or near Westbourne Place,E01016986,Brighton and Hove 028D,Violence and sexual offences,Status update unavailable,
,2017-03,Sussex Police,Sussex Police,-0.181395,50.833035,On or near Supermarket,E01016988,Brighton and Hove 028E,Anti-social behaviour,,
,2017-03,Sussex Police,Sussex Police,-0.179691,50.827198,On or near Hove Street,E01016988,Brighton and Hove 028E,Anti-social behaviour,,
ae673cb00216535039d51f982d38dd72f337a114eca4f912822ea0d036f60f61,2017-03,Sussex Police,Sussex Police,-0.179691,50.827198,On or near Hove Street,E01016988,Brighton and Hove 028E,Criminal damage and arson,Unable to prosecute suspect,
,2017-03,Sussex Police,Sussex Police,-0.155572,50.824886,On or near Little Western Street,E01016850,Brighton and Hove 029A,Anti-social behaviour,,
aced263aa25e2d41d0c47498604de20d6bcd858775913a6a6c56728705fa4109,2017-03,Sussex Police,Sussex Police,-0.156865,50.823423,On or near Chapel Mews,E01016850,Brighton and Hove 029A,Bicycle theft,Investigation complete; no suspect identified,
43df1b6cfe184aae99a8356d6c0364222671c0b84d26a5023460fd1993a7416a,2017-03,Sussex Police,Sussex Police,-0.157732,50.824470,On or near Brunswick Street East,E01016850,Brighton and Hove 029A,Bicycle theft,Unable to prosecute suspect,
a4fc731f532fcb54b035282abe6e8b9a039ecff20a880a87682185078bf67465,2017-03,Sussex Police,Sussex Police,-0.156923,50.824107,On or near Waterloo Street,E01016850,Brighton and Hove 029A,Burglary,Investigation complete; no suspect identified,
8370498ce234ab4c791147f22a4b1240871d9fe9fefc25be9c3d6b4dc71e9d4a,2017-03,Sussex Police,Sussex Police,-0.157210,50.825110,On or near Upper Market Street,E01016850,Brighton and Hove 029A,Criminal damage and arson,Investigation complete; no suspect identified,
8a6b0b73e683e4949e89a8487ca13fe7b21115168a5e2a8201d030078bb8fa5b,2017-03,Sussex Police,Sussex Police,-0.163880,50.823758,On or near Kingsway,E01016850,Brighton and Hove 029A,Criminal damage and arson,Investigation complete; no suspect identified,
60221ba563fb47a2c2297ffdb567fde806810d6af6526e15b3aeca2049fd9231,2017-03,Sussex Police,Sussex Police,-0.156174,50.824734,On or near Cross Street,E01016850,Brighton and Hove 029A,Other theft,Investigation complete; no suspect identified,
8c29e72786937c728a79a7c017e615e80888781be07bbb85d7217d944a30d229,2017-03,Sussex Police,Sussex Police,-0.156174,50.824734,On or near Cross Street,E01016850,Brighton and Hove 029A,Other theft,Investigation complete; no suspect identified,
cda41fda4eba16308610605084284be262e42c3b38e5bf12c3bb42c88cd546dc,2017-03,Sussex Police,Sussex Police,-0.156546,50.822851,On or near Brunswick Terrace,E01016850,Brighton and Hove 029A,Other theft,Investigation complete; no suspect identified,
d8d48c69420025f044db0182871554ca071e1a645ffa4c10a1f0469a72fd3dfa,2017-03,Sussex Police,Sussex Police,-0.155572,50.824886,On or near Little Western Street,E01016850,Brighton and Hove 029A,Other theft,Further investigation is not in the public interest,
39f633144b00d46f1fad38c4eb104bfeb03e15eaa7a4f2af5eeea203eeb39e23,2017-03,Sussex Police,Sussex Police,-0.155572,50.824886,On or near Little Western Street,E01016850,Brighton and Hove 029A,Other theft,Further investigation is not in the public interest,
49fedb437027763faf0f398262fae37d64c62f9d283467d287a7ef17aa01f9fc,2017-03,Sussex Police,Sussex Police,-0.156865,50.823423,On or near Chapel Mews,E01016850,Brighton and Hove 029A,Public order,Unable to prosecute suspect,
acf0b2d47f9fea77310e1b58a0afdfdde3a28c3567a05cc584fce15c27a12f9f,2017-03,Sussex Police,Sussex Police,-0.163880,50.823758,On or near Kingsway,E01016850,Brighton and Hove 029A,Public order,Unable to prosecute suspect,
17712fa68da7716773fe5ad72bc45eed8373e0b7d724e6a5b77d2abcb16e8288,2017-03,Sussex Police,Sussex Police,-0.155572,50.824886,On or near Little Western Street,E01016850,Brighton and Hove 029A,Public order,Unable to prosecute suspect,
a1383a4e398523609cb8cb836b6df7e163241151f93c00ba2650770d57b343b0,2017-03,Sussex Police,Sussex Police,-0.155572,50.824886,On or near Little Western Street,E01016850,Brighton and Hove 029A,Public order,Court result unavailable,
b175c26b2aa736ec18fcd7cd95704b06f7adb99257fb0a2f5c3b506622c33c02,2017-03,Sussex Police,Sussex Police,-0.155572,50.824886,On or near Little Western Street,E01016850,Brighton and Hove 029A,Shoplifting,Court result unavailable,
5325b61bd3b12712f5cd9bd0eb932e8db793c8190019172c06cd3a102c2c0f36,2017-03,Sussex Police,Sussex Police,-0.156386,50.824413,On or near Ivy Place,E01016850,Brighton and Hove 029A,Violence and sexual offences,Further investigation is not in the public interest,
fdd09f7f1ddef4489078490a3c9f76defd12c1131c6f42ed3418ce16753c8710,2017-03,Sussex Police,Sussex Police,-0.155572,50.824886,On or near Little Western Street,E01016850,Brighton and Hove 029A,Violence and sexual offences,Offender given community sentence,
,2017-03,Sussex Police,Sussex Police,-0.161820,50.824148,On or near Brunswick Mews,E01016851,Brighton and Hove 029B,Anti-social behaviour,,
,2017-03,Sussex Police,Sussex Police,-0.161600,50.825404,On or near Holland Mews,E01016851,Brighton and Hove 029B,Anti-social behaviour,,
,2017-03,Sussex Police,Sussex Police,-0.161600,50.825404,On or near Holland Mews,E01016851,Brighton and Hove 029B,Anti-social behaviour,,
b292fbc7c52a8f7e2a38382d1197de2553f9f1e4e11023a999b93464837fb8a9,2017-03,Sussex Police,Sussex Police,-0.161938,50.824393,On or near Alice Street,E01016851,Brighton and Hove 029B,Bicycle theft,Investigation complete; no suspect identified,
d08951cd3606e19f023ea030e77c693fd416ff921199f7864449406a6d7e0921,2017-03,Sussex Police,Sussex Police,-0.157846,50.825192,On or near Donkey Mews,E01016851,Brighton and Hove 029B,Bicycle theft,Investigation complete; no suspect identified,
616455cc23e77728bbe3e43e40f77c645655a12b6f47d9cd65b810334e82761a,2017-03,Sussex Police,Sussex Police,-0.161600,50.825404,On or near Holland Mews,E01016851,Brighton and Hove 029B,Criminal damage and arson,Investigation complete; no suspect identified,
b48d26441b37af9d0069e89356ddf305e8e0f7eb4792f6a0c5602a9d0ce7b367,2017-03,Sussex Police,Sussex Police,-0.157846,50.825192,On or near Donkey Mews,E01016851,Brighton and Hove 029B,Other theft,Investigation complete; no suspect identified,
8e0ac64951310edf6351731eff36a92b1177f019957b9a0221c3ab2abbe6e4eb,2017-03,Sussex Police,Sussex Police,-0.157846,50.825192,On or near Donkey Mews,E01016851,Brighton and Hove 029B,Vehicle crime,Investigation complete; no suspect identified,
111375a7ce387b60b58a358374ba8f1d8d18000d33576edc3bd2bc42db927572,2017-03,Sussex Police,Sussex Police,-0.157846,50.825192,On or near Donkey Mews,E01016851,Brighton and Hove 029B,Vehicle crime,Investigation complete; no suspect identified,
f46a60fef2934ebf7620a87e738982e0507a73143f53cc660c22046617f33e42,2017-03,Sussex Police,Sussex Police,-0.161600,50.825404,On or near Holland Mews,E01016851,Brighton and Hove 029B,Violence and sexual offences,Unable to prosecute suspect,
5b1700de15538704ec5778655ca7a188080661b32f47f62990afd5e48e9f7f7b,2017-03,Sussex Police,Sussex Police,-0.161820,50.824148,On or near Brunswick Mews,E01016851,Brighton and Hove 029B,Violence and sexual offences,Unable to prosecute suspect,
c7cd7015128d80b12aa079ac583793152c74000abe05071600a404483ac6f1e3,2017-03,Sussex Police,Sussex Police,-0.157846,50.825192,On or near Donkey Mews,E01016851,Brighton and Hove 029B,Violence and sexual offences,Investigation complete; no suspect identified,
7188e80caf838f4dce442cb0616fc9ca7a1cf109c80f8a5d5de980573bcf927e,2017-03,Sussex Police,Sussex Police,-0.159618,50.824168,On or near Brunswick Square,E01016851,Brighton and Hove 029B,Violence and sexual offences,Unable to prosecute suspect,
,2017-03,Sussex Police,Sussex Police,-0.158328,50.826288,On or near Brunswick Place,E01016854,Brighton and Hove 029C,Anti-social behaviour,,
,2017-03,Sussex Police,Sussex Police,-0.158328,50.826288,On or near Brunswick Place,E01016854,Brighton and Hove 029C,Anti-social behaviour,,
,2017-03,Sussex Police,Sussex Police,-0.154123,50.826698,On or near Lansdowne Road,E01016854,Brighton and Hove 029C,Anti-social behaviour,,
,2017-03,Sussex Police,Sussex Police,-0.154123,50.826698,On or near Lansdowne Road,E01016854,Brighton and Hove 029C,Anti-social behaviour,,
,2017-03,Sussex Police,Sussex Police,-0.154123,50.826698,On or near Lansdowne Road,E01016854,Brighton and Hove 029C,Anti-social behaviour,,
,2017-03,Sussex Police,Sussex Police,-0.156172,50.826227,On or near Brunswick Road,E01016854,Brighton and Hove 029C,Anti-social behaviour,,
14fbf84c65457a64c94d67d4120692233828b21ba77dda652b8dbf24d7d99b54,2017-03,Sussex Police,Sussex Police,-0.157103,50.826385,On or near Cambridge Road,E01016854,Brighton and Hove 029C,Bicycle theft,Investigation complete; no suspect identified,
d79fa9023bfa55a728172bd263bf8f1727a305e35a4348d9441466d3f776a21f,2017-03,Sussex Police,Sussex Police,-0.154123,50.826698,On or near Lansdowne Road,E01016854,Brighton and Hove 029C,Bicycle theft,Investigation complete; no suspect identified,
d2a25ecfcb7033531880677e66f95bf147b6d7b6dfaa520170f5685767f65a8d,2017-03,Sussex Police,Sussex Police,-0.156172,50.826227,On or near Brunswick Road,E01016854,Brighton and Hove 029C,Criminal damage and arson,Unable to prosecute suspect,
aac069378ff3221cb254188b38daf7173cc2c485d58f9303e5e4c689a67293be,2017-03,Sussex Police,Sussex Police,-0.154123,50.826698,On or near Lansdowne Road,E01016854,Brighton and Hove 029C,Criminal damage and arson,Investigation complete; no suspect identified,
726427382f022fe22852f84714cf9679a16fde21267cdaf314362000f04b17fb,2017-03,Sussex Police,Sussex Police,-0.157103,50.826385,On or near Cambridge Road,E01016854,Brighton and Hove 029C,Drugs,Awaiting court outcome,
5857324d23c9d581fe175c82f839d8ad4c9ddb3de73fdf4e23e4d1602d1854f5,2017-03,Sussex Police,Sussex Police,-0.158328,50.826288,On or near Brunswick Place,E01016854,Brighton and Hove 029C,Theft from the person,Investigation complete; no suspect identified,
0e265481aeec76c85d920b9db2ff39eeec7869b2aea83c0e0f3f55c2703d9130,2017-03,Sussex Police,Sussex Police,-0.157103,50.826385,On or near Cambridge Road,E01016854,Brighton and Hove 029C,Violence and sexual offences,Awaiting court outcome,
24073efd42c76d5920da64f7675798d7a426219383e926ee3ba742c62751468d,2017-03,Sussex Police,Sussex Police,-0.158328,50.826288,On or near Brunswick Place,E01016854,Brighton and Hove 029C,Violence and sexual offences,Offender sent to prison,
4589bfd68d78ec0868ac7db923ce187611d6fe72c46e6871237d6a67c5d35c2b,2017-03,Sussex Police,Sussex Police,-0.156172,50.826227,On or near Brunswick Road,E01016854,Brighton and Hove 029C,Violence and sexual offences,Further investigation is not in the public interest,
fc8cdc6e6e031ad5d903159ebe7bfe709a88658f67d25c887653601272dbeb4d,2017-03,Sussex Police,Sussex Police,-0.156172,50.826227,On or near Brunswick Road,E01016854,Brighton and Hove 029C,Violence and sexual offences,Status update unavailable,
1ea5bd9fe7b81c0a70ea2314eca037b0e056a110b4445f12c773c00fba7ff8e7,2017-03,Sussex Police,Sussex Police,-0.157103,50.826385,On or near Cambridge Road,E01016854,Brighton and Hove 029C,Violence and sexual offences,Offender sent to prison,
06436688c450b452082b829d68c31bba5e8c923204c832b8aac8703171127be2,2017-03,Sussex Police,Sussex Police,-0.158328,50.826288,On or near Brunswick Place,E01016854,Brighton and Hove 029C,Violence and sexual offences,Investigation complete; no suspect identified,
,2017-03,Sussex Police,Sussex Police,-0.155578,50.822935,On or near Norfolk Street,E01016954,Brighton and Hove 029D,Anti-social behaviour,,
,2017-03,Sussex Police,Sussex Police,-0.155932,50.823318,On or near Western Street,E01016954,Brighton and Hove 029D,Anti-social behaviour,,
,2017-03,Sussex Police,Sussex Police,-0.154635,50.824520,On or near Norfolk Square,E01016954,Brighton and Hove 029D,Anti-social behaviour,,
,2017-03,Sussex Police,Sussex Police,-0.154029,50.824034,On or near Theatre/Concert Hall,E01016954,Brighton and Hove 029D,Anti-social behaviour,,
,2017-03,Sussex Police,Sussex Police,-0.153537,50.822830,On or near Oriental Place,E01016954,Brighton and Hove 029D,Anti-social behaviour,,
,2017-03,Sussex Police,Sussex Police,-0.152096,50.824462,On or near Western Terrace,E01016954,Brighton and Hove 029D,Anti-social behaviour,,
,2017-03,Sussex Police,Sussex Police,-0.153537,50.822830,On or near Oriental Place,E01016954,Brighton and Hove 029D,Anti-social behaviour,,
,2017-03,Sussex Police,Sussex Police,-0.153537,50.822830,On or near Oriental Place,E01016954,Brighton and Hove 029D,Anti-social behaviour,,
,2017-03,Sussex Police,Sussex Police,-0.154029,50.824034,On or near Theatre/Concert Hall,E01016954,Brighton and Hove 029D,Anti-social behaviour,,
,2017-03,Sussex Police,Sussex Police,-0.154635,50.824520,On or near Norfolk Square,E01016954,Brighton and Hove 029D,Anti-social behaviour,,
,2017-03,Sussex Police,Sussex Police,-0.154635,50.824520,On or near Norfolk Square,E01016954,Brighton and Hove 029D,Anti-social behaviour,,
686449286e29aab31b489d66c342a3fcc303344243f444e62963248918e023a0,2017-03,Sussex Police,Sussex Police,-0.154093,50.824215,On or near Bedford Place,E01016954,Brighton and Hove 029D,Bicycle theft,Investigation complete; no suspect identified,
105a14e072c8bae75dd620407cff1dc6b6707c2bf9647ac48a425fa6e7f7e449,2017-03,Sussex Police,Sussex Police,-0.152096,50.824462,On or near Western Terrace,E01016954,Brighton and Hove 029D,Burglary,Investigation complete; no suspect identified,
0a375ec6c1021bdd2baf7e62b050d9693691cf4d1d392f96d56c46dfdb46b15e,2017-03,Sussex Police,Sussex Police,-0.154029,50.824034,On or near Theatre/Concert Hall,E01016954,Brighton and Hove 029D,Burglary,Investigation complete; no suspect identified,
ebb052d888f60040e4def00c8c56af70d745ca0016889bf24529d7504207d8a9,2017-03,Sussex Police,Sussex Police,-0.155932,50.823318,On or near Western Street,E01016954,Brighton and Hove 029D,Criminal damage and arson,Investigation complete; no suspect identified,
01194f51b319aa44758987d6dcc9bc9fa17c981f4c7c185055184b2699478661,2017-03,Sussex Police,Sussex Police,-0.154811,50.822931,On or near Bedford Square,E01016954,Brighton and Hove 029D,Robbery,Unable to prosecute suspect,
178ecebb5fe52988b8b6353a987f8eb0d386f837bd71b11a5951c5dea0cf55e1,2017-03,Sussex Police,Sussex Police,-0.152096,50.824462,On or near Western Terrace,E01016954,Brighton and Hove 029D,Violence and sexual offences,Investigation complete; no suspect identified,
90b6aed3ea8023035c6aed0b5e606cfc2578d10e0e5d8703daf0e4dadc7a0ffd,2017-03,Sussex Police,Sussex Police,-0.153537,50.822830,On or near Oriental Place,E01016954,Brighton and Hove 029D,Violence and sexual offences,Status update unavailable,
0af49a493ec84d720a09099a712b149ff22ccdfed63951958be86cc2c107b3a8,2017-03,Sussex Police,Sussex Police,-0.153537,50.822830,On or near Oriental Place,E01016954,Brighton and Hove 029D,Violence and sexual offences,Further investigation is not in the public interest,
f0b570380753c48e9c127bfbcc183f94fcc4594a8ecef3fc9331cd5a6fce24c9,2017-03,Sussex Police,Sussex Police,-0.152096,50.824462,On or near Western Terrace,E01016954,Brighton and Hove 029D,Other crime,Investigation complete; no suspect identified,
,2017-03,Sussex Police,Sussex Police,-0.149811,50.824417,On or near Western Road,E01016955,Brighton and Hove 029E,Anti-social behaviour,,
,2017-03,Sussex Police,Sussex Police,-0.149811,50.824417,On or near Western Road,E01016955,Brighton and Hove 029E,Anti-social behaviour,,
,2017-03,Sussex Police,Sussex Police,-0.149811,50.824417,On or near Western Road,E01016955,Brighton and Hove 029E,Anti-social behaviour,,
,2017-03,Sussex Police,Sussex Police,-0.150059,50.822469,On or near Regency Square,E01016955,Brighton and Hove 029E,Anti-social behaviour,,
,2017-03,Sussex Police,Sussex Police,-0.149811,50.824417,On or near Western Road,E01016955,Brighton and Hove 029E,Anti-social behaviour,,
,2017-03,Sussex Police,Sussex Police,-0.149811,50.824417,On or near Western Road,E01016955,Brighton and Hove 029E,Anti-social behaviour,,
,2017-03,Sussex Police,Sussex Police,-0.151531,50.823302,On or near Little Preston Street,E01016955,Brighton and Hove 029E,Anti-social behaviour,,
,2017-03,Sussex Police,Sussex Police,-0.151164,50.823233,On or near Preston Street,E01016955,Brighton and Hove 029E,Anti-social behaviour,,
,2017-03,Sussex Police,Sussex Police,-0.149811,50.824417,On or near Western Road,E01016955,Brighton and Hove 029E,Anti-social behaviour,,
,2017-03,Sussex Police,Sussex Police,-0.149557,50.822219,On or near Queensbury Mews,E01016955,Brighton and Hove 029E,Anti-social behaviour,,
,2017-03,Sussex Police,Sussex Police,-0.149811,50.824417,On or near Western Road,E01016955,Brighton and Hove 029E,Anti-social behaviour,,
4cf218af2076c4fc488fd79f2f833154fc9cc024c6c62bb51449ee3dd8c023a1,2017-03,Sussex Police,Sussex Police,-0.149557,50.822219,On or near Queensbury Mews,E01016955,Brighton and Hove 029E,Bicycle theft,Investigation complete; no suspect identified,
9eb050041470e00e2c0b832579e1658af9f6fc01f5413c090d278e0d4a5b6254,2017-03,Sussex Police,Sussex Police,-0.149557,50.822219,On or near Queensbury Mews,E01016955,Brighton and Hove 029E,Bicycle theft,Investigation complete; no suspect identified,
932e785fe207af75daba1db144b4f8f8d21976c2d324faaa6bcdcbfef6a4f827,2017-03,Sussex Police,Sussex Police,-0.150373,50.823500,On or near Regency Mews,E01016955,Brighton and Hove 029E,Burglary,Investigation complete; no suspect identified,
25780f172b39f573718158c5ef30007035a803c250e5686cce3775c425ba27cd,2017-03,Sussex Police,Sussex Police,-0.150373,50.823500,On or near Regency Mews,E01016955,Brighton and Hove 029E,Criminal damage and arson,Investigation complete; no suspect identified,
ca02e486a14eab1c3ed0dbf90105eb6d0586d53b2d298561e76886d2e8196baf,2017-03,Sussex Police,Sussex Police,-0.149784,50.824039,On or near Stone Street,E01016955,Brighton and Hove 029E,Criminal damage and arson,Status update unavailable,
ab77a8d8777cd385215977d8f4273e1000852360d16d2e57353198597940d3ba,2017-03,Sussex Police,Sussex Police,-0.150373,50.823500,On or near Regency Mews,E01016955,Brighton and Hove 029E,Criminal damage and arson,Investigation complete; no suspect identified,
20e0cda7d8a4e638f8bbdf706bd49237d95a0a447822ae411fd17a3c1539ccd1,2017-03,Sussex Police,Sussex Police,-0.152655,50.822529,On or near Cavendish Place,E01016955,Brighton and Hove 029E,Criminal damage and arson,Court result unavailable,
6486c801798e5d880b007f7047637dc33ea6c93c1070a0a2ae67642225a43fb4,2017-03,Sussex Police,Sussex Police,-0.149784,50.824039,On or near Stone Street,E01016955,Brighton and Hove 029E,Criminal damage and arson,Unable to prosecute suspect,
06962a365604e571fe839e213c31f0e9393d87592c9b2d7066be0fa3219c1f50,2017-03,Sussex Police,Sussex Police,-0.151549,50.823914,On or near Sillwood Road,E01016955,Brighton and Hove 029E,Criminal damage and arson,Investigation complete; no suspect identified,
ebfee7e0552525e8f3b6a2a93e4d0a073ce38994af709e55d7e38873943659f4,2017-03,Sussex Police,Sussex Police,-0.149811,50.824417,On or near Western Road,E01016955,Brighton and Hove 029E,Drugs,Offender given a caution,
533efe70ca9c78947ae4428eb719be0ff5085d13ff4b82d21652df503b7474e6,2017-03,Sussex Police,Sussex Police,-0.149811,50.824417,On or near Western Road,E01016955,Brighton and Hove 029E,Other theft,Status update unavailable,
905661e26ab159affc82345b48af029225e6916da1ba6fd207292e5062ad04aa,2017-03,Sussex Police,Sussex Police,-0.151531,50.823302,On or near Little Preston Street,E01016955,Brighton and Hove 029E,Other theft,Unable to prosecute suspect,
c220120946e7ca457d5865a49c8485592f2be70cc8de14c473c039c379a8e818,2017-03,Sussex Police,Sussex Police,-0.149557,50.822219,On or near Queensbury Mews,E01016955,Brighton and Hove 029E,Other theft,Investigation complete; no suspect identified,
0b4aa7966766a0ad3dd837663bd0fd917eb05ed58eb8f9ffd6329c45ee29efe8,2017-03,Sussex Police,Sussex Police,-0.150458,50.822413,On or near Parking Area,E01016955,Brighton and Hove 029E,Other theft,Investigation complete; no suspect identified,
6b3078bdf9aece85ea38a50a6cff2efa93fc0bb516a62c035b4d601fe7a5c25e,2017-03,Sussex Police,Sussex Police,-0.151164,50.823233,On or near Preston Street,E01016955,Brighton and Hove 029E,Other theft,Investigation complete; no suspect identified,
8a021cb15c12728e6671772aad387d0cef616040260ef52abe10d204eb0b15a6,2017-03,Sussex Police,Sussex Police,-0.150458,50.822413,On or near Parking Area,E01016955,Brighton and Hove 029E,Other theft,Investigation complete; no suspect identified,
913d64db49d64d8dab969d599e8a982c4d2a74a4b0364162a00dbc7b8e6d1062,2017-03,Sussex Police,Sussex Police,-0.150074,50.824952,On or near Hampton Street,E01016955,Brighton and Hove 029E,Other theft,Investigation complete; no suspect identified,
cb6b197001d56e1261e554c16cc36f08aca5c4c1494cff072830645514b2fb23,2017-03,Sussex Police,Sussex Police,-0.149784,50.824039,On or near Stone Street,E01016955,Brighton and Hove 029E,Other theft,Investigation complete; no suspect identified,
19c35448d49d5be63a9b198381277352e78e3ea2f6e9d4cde3d50b87e57e28ce,2017-03,Sussex Police,Sussex Police,-0.149811,50.824417,On or near Western Road,E01016955,Brighton and Hove 029E,Possession of weapons,Offender given conditional discharge,
f16211f77f961102e9738d77ce05fb79b2d66d4cf20814dd6375122e9a31431c,2017-03,Sussex Police,Sussex Police,-0.149811,50.824417,On or near Western Road,E01016955,Brighton and Hove 029E,Public order,Unable to prosecute suspect,
9c6b29eb29cbcbc8eefbcf627e461794ac1176bcad7fadd5bf81591c564bb548,2017-03,Sussex Police,Sussex Police,-0.149811,50.824417,On or near Western Road,E01016955,Brighton and Hove 029E,Public order,Unable to prosecute suspect,
162b8b34cd5be292ee443e7ef7f29d3087a3e065490b99b51812d4cd73d272fb,2017-03,Sussex Police,Sussex Police,-0.150373,50.823500,On or near Regency Mews,E01016955,Brighton and Hove 029E,Public order,Investigation complete; no suspect identified,
af44f3f8219cd149e41734b5afd74e420dd279bfc7fb71fa58c6eaec17411603,2017-03,Sussex Police,Sussex Police,-0.149811,50.824417,On or near Western Road,E01016955,Brighton and Hove 029E,Public order,Court result unavailable,
3cd68ab1cd5a636b513ca1c51142ade5d0935108cc8dc7ed483c0b3e2bb9b431,2017-03,Sussex Police,Sussex Police,-0.152655,50.822529,On or near Cavendish Place,E01016955,Brighton and Hove 029E,Public order,Unable to prosecute suspect,
e3716e342ddeec19342db7971fab69cb05f8b822b3574c3bc1b1a904c7fe2de4,2017-03,Sussex Police,Sussex Police,-0.150373,50.823500,On or near Regency Mews,E01016955,Brighton and Hove 029E,Robbery,Unable to prosecute suspect,
1dbb19c9de2b7864695edacc1f01a168c6f461e86d86d8c6fc7e512e67c03387,2017-03,Sussex Police,Sussex Police,-0.150074,50.824952,On or near Hampton Street,E01016955,Brighton and Hove 029E,Shoplifting,Unable to prosecute suspect,
fbbc4a4610102fc7215c395ca987dcdf2f2261bf61a758ee55b8f990a2bd0884,2017-03,Sussex Police,Sussex Police,-0.150074,50.824952,On or near Hampton Street,E01016955,Brighton and Hove 029E,Shoplifting,Further investigation is not in the public interest,
d3491ee1501102686ea7e3a8de566a846a5cb437aec7a17c6e4422ef53f1aea5,2017-03,Sussex Police,Sussex Police,-0.150074,50.824952,On or near Hampton Street,E01016955,Brighton and Hove 029E,Shoplifting,Investigation complete; no suspect identified,
f80567226879761b8afc1e6dd78a87babb9b266a5d2daa7f3dcee84464cb8533,2017-03,Sussex Police,Sussex Police,-0.150074,50.824952,On or near Hampton Street,E01016955,Brighton and Hove 029E,Shoplifting,Investigation complete; no suspect identified,
54056347709ac3d75e7ea1eecb8d0ba1fbb78e5659da1e598ac5df3ae783a41b,2017-03,Sussex Police,Sussex Police,-0.150074,50.824952,On or near Hampton Street,E01016955,Brighton and Hove 029E,Shoplifting,Formal action is not in the public interest,
1228c50b610c7c3f662dbbd598d571001c789097c081e4c31f1edadb60f0c630,2017-03,Sussex Police,Sussex Police,-0.151241,50.825258,On or near Parking Area,E01016955,Brighton and Hove 029E,Shoplifting,Unable to prosecute suspect,
6fe543b1868a5bec146eabb05da3357ba138fb752bff4cc0d01a635fa87f574c,2017-03,Sussex Police,Sussex Police,-0.149811,50.824417,On or near Western Road,E01016955,Brighton and Hove 029E,Theft from the person,Further investigation is not in the public interest,
a516bb5f81f485121dc29ec9567eb8416b8cf326b4e092bf4c9d3e0583ba6100,2017-03,Sussex Police,Sussex Police,-0.149811,50.824417,On or near Western Road,E01016955,Brighton and Hove 029E,Theft from the person,Investigation complete; no suspect identified,
dfd20601eba055f4f0003b822d286edaecabfdc7f2c2fff1c75a1bf939e45d75,2017-03,Sussex Police,Sussex Police,-0.149811,50.824417,On or near Western Road,E01016955,Brighton and Hove 029E,Theft from the person,Further investigation is not in the public interest,
9108aa142ab7fcf7ab82176e41df77361ae0a935b1d27baf7be5e6dc973bb012,2017-03,Sussex Police,Sussex Police,-0.149811,50.824417,On or near Western Road,E01016955,Brighton and Hove 029E,Violence and sexual offences,Status update unavailable,
09355076e77f706e7943e8a96940ce310347d3a529cbdc017a88e21fa86324c1,2017-03,Sussex Police,Sussex Police,-0.149811,50.824417,On or near Western Road,E01016955,Brighton and Hove 029E,Violence and sexual offences,Unable to prosecute suspect,
55a05bc4b53b150f6f8fe59e735815797ed200a6e87758540d0a2c633322d714,2017-03,Sussex Police,Sussex Police,-0.149557,50.822219,On or near Queensbury Mews,E01016955,Brighton and Hove 029E,Violence and sexual offences,Status update unavailable,
e2336fe2d6176ad4d4cdc95939b83f10253ec1caad508c1463d14b6c7cec69f0,2017-03,Sussex Police,Sussex Police,-0.149784,50.824039,On or near Stone Street,E01016955,Brighton and Hove 029E,Violence and sexual offences,Investigation complete; no suspect identified,
989edddf9527417d8677935a9f647167ca58ff5cc4156b3bed3c5080f0d72070,2017-03,Sussex Police,Sussex Police,-0.149557,50.822219,On or near Queensbury Mews,E01016955,Brighton and Hove 029E,Violence and sexual offences,Status update unavailable,
772ffa4d317dccf4fecb64928496eded03930e0c4b7c249d91663dc3affe741b,2017-03,Sussex Police,Sussex Police,-0.149811,50.824417,On or near Western Road,E01016955,Brighton and Hove 029E,Violence and sexual offences,Investigation complete; no suspect identified,
562a35f1ec5dcef4b549049cf4cb9a23ca0913f8780b21cc2a07752376f526b2,2017-03,Sussex Police,Sussex Police,-0.149557,50.822219,On or near Queensbury Mews,E01016955,Brighton and Hove 029E,Violence and sexual offences,Status update unavailable,
c722be9aabc380db63738592328b87ff32628ec0a11793397e03e840d9d673cc,2017-03,Sussex Police,Sussex Police,-0.152655,50.822529,On or near Cavendish Place,E01016955,Brighton and Hove 029E,Violence and sexual offences,Defendant found not guilty,
ca9785c03a7b2f7590845bcd0b87e00286356ec7da6258ce52d558a4c08664aa,2017-03,Sussex Police,Sussex Police,-0.150059,50.822469,On or near Regency Square,E01016955,Brighton and Hove 029E,Violence and sexual offences,Unable to prosecute suspect,
10c8733b2db143d162ef4504ae9e73ba4e1bda118726ee4502472e716ec7b698,2017-03,Sussex Police,Sussex Police,-0.149557,50.822219,On or near Queensbury Mews,E01016955,Brighton and Hove 029E,Violence and sexual offences,Investigation complete; no suspect identified,
2bdeb26e4c9be70bb566f05789bfd561991adec3dfb48a465d5fd9966270629e,2017-03,Sussex Police,Sussex Police,-0.149557,50.822219,On or near Queensbury Mews,E01016955,Brighton and Hove 029E,Violence and sexual offences,Status update unavailable,
,2017-03,Sussex Police,Sussex Police,-0.133664,50.821642,On or near Dorset Gardens,E01016941,Brighton and Hove 030A,Anti-social behaviour,,
,2017-03,Sussex Police,Sussex Police,-0.135600,50.821160,On or near Supermarket,E01016941,Brighton and Hove 030A,Anti-social behaviour,,
,2017-03,Sussex Police,Sussex Police,-0.133219,50.821428,On or near St James'S Street Mews,E01016941,Brighton and Hove 030A,Anti-social behaviour,,
,2017-03,Sussex Police,Sussex Police,-0.134615,50.822367,On or near Dorset Street,E01016941,Brighton and Hove 030A,Anti-social behaviour,,
,2017-03,Sussex Police,Sussex Police,-0.134615,50.822367,On or near Dorset Street,E01016941,Brighton and Hove 030A,Anti-social behaviour,,
,2017-03,Sussex Police,Sussex Police,-0.135615,50.821151,On or near Supermarket,E01016941,Brighton and Hove 030A,Anti-social behaviour,,
,2017-03,Sussex Police,Sussex Police,-0.135088,50.820127,On or near Nightclub,E01016941,Brighton and Hove 030A,Anti-social behaviour,,
,2017-03,Sussex Police,Sussex Police,-0.135498,50.820511,On or near Sports/Recreation Area,E01016941,Brighton and Hove 030A,Anti-social behaviour,,
,2017-03,Sussex Police,Sussex Police,-0.135498,50.820511,On or near Sports/Recreation Area,E01016941,Brighton and Hove 030A,Anti-social behaviour,,
,2017-03,Sussex Police,Sussex Police,-0.136071,50.820394,On or near Steine Street,E01016941,Brighton and Hove 030A,Anti-social behaviour,,
,2017-03,Sussex Police,Sussex Police,-0.135600,50.821160,On or near Supermarket,E01016941,Brighton and Hove 030A,Anti-social behaviour,,
,2017-03,Sussex Police,Sussex Police,-0.135600,50.821160,On or near Supermarket,E01016941,Brighton and Hove 030A,Anti-social behaviour,,
,2017-03,Sussex Police,Sussex Police,-0.136071,50.820394,On or near Steine Street,E01016941,Brighton and Hove 030A,Anti-social behaviour,,
,2017-03,Sussex Police,Sussex Police,-0.134186,50.820301,On or near Madeira Place,E01016941,Brighton and Hove 030A,Anti-social behaviour,,
,2017-03,Sussex Police,Sussex Police,-0.136285,50.823222,On or near Grand Parade,E01016941,Brighton and Hove 030A,Anti-social behaviour,,
,2017-03,Sussex Police,Sussex Police,-0.134186,50.820301,On or near Madeira Place,E01016941,Brighton and Hove 030A,Anti-social behaviour,,
,2017-03,Sussex Police,Sussex Police,-0.134186,50.820301,On or near Madeira Place,E01016941,Brighton and Hove 030A,Anti-social behaviour,,
ffb2d8d6da6c79bd2ca2db3364b53a0ed6f789d4f8de002c64b1ddbc6e55c9b4,2017-03,Sussex Police,Sussex Police,-0.135600,50.821160,On or near Supermarket,E01016941,Brighton and Hove 030A,Bicycle theft,Investigation complete; no suspect identified,
15835be1ce4932a624a3b7a0d063b78fa2d5b94f6895198432af65941abcabc6,2017-03,Sussex Police,Sussex Police,-0.134615,50.822367,On or near Dorset Street,E01016941,Brighton and Hove 030A,Burglary,Investigation complete; no suspect identified,
0924b17680204899275d1051e1913e843903499b5a99027222c3b08045bff465,2017-03,Sussex Police,Sussex Police,-0.136410,50.822567,On or near Pavilion Parade,E01016941,Brighton and Hove 030A,Burglary,Court result unavailable,
01b92f0db659b9d13e357907e016b7c8feb66f5a0570985516743698d61d3ce6,2017-03,Sussex Police,Sussex Police,-0.131965,50.821543,On or near Parking Area,E01016941,Brighton and Hove 030A,Burglary,Investigation complete; no suspect identified,
97c09a25684b23885d630a0cac6c2a890c33b6c151b0e79fa447309de459e448,2017-03,Sussex Police,Sussex Police,-0.134468,50.824281,On or near Kingswood Street,E01016941,Brighton and Hove 030A,Criminal damage and arson,Investigation complete; no suspect identified,
5bd93a0bc7ac9a79ac25383c73a60ff8edd343fd72c9c0dbf647f3637486fc7d,2017-03,Sussex Police,Sussex Police,-0.134468,50.824281,On or near Kingswood Street,E01016941,Brighton and Hove 030A,Criminal damage and arson,Investigation complete; no suspect identified,
8fc3c52a06368266fb6ddb0b1ec93defce5d7919c931096c4e6f9e33b3199b67,2017-03,Sussex Police,Sussex Police,-0.132543,50.821993,On or near Dorset Place,E01016941,Brighton and Hove 030A,Criminal damage and arson,Investigation complete; no suspect identified,
e3fe8bae202451c6b9e61f8e867e2aa758fcd7eb261a8af92a14ef7932d7588a,2017-03,Sussex Police,Sussex Police,-0.135342,50.822298,On or near Steine Gardens,E01016941,Brighton and Hove 030A,Criminal damage and arson,Investigation complete; no suspect identified,
fab91abc4e28ff70d442e6b61c207af522ef2499c24b82bd2de718bd7955a423,2017-03,Sussex Police,Sussex Police,-0.136230,50.820334,On or near Nightclub,E01016941,Brighton and Hove 030A,Criminal damage and arson,Unable to prosecute suspect,
f5f2cc811e14663bfdd43bd23b17ce5f3bcba2c8d54da7dc7b65456b1d76a635,2017-03,Sussex Police,Sussex Police,-0.135074,50.821538,On or near Parking Area,E01016941,Brighton and Hove 030A,Drugs,Formal action is not in the public interest,
8570e3207b31cfbb881db14e988ec597d70a571bf68d41cea98e8e95999a5ae5,2017-03,Sussex Police,Sussex Police,-0.135167,50.823491,On or near Grand Parade Mews,E01016941,Brighton and Hove 030A,Drugs,Further investigation is not in the public interest,
5a8f7d975608b8e313a77e9ad4280c58549605d9e0a25571bd5b5a611a240df7,2017-03,Sussex Police,Sussex Police,-0.135074,50.821538,On or near Parking Area,E01016941,Brighton and Hove 030A,Other theft,Unable to prosecute suspect,
ba98a51a139c7458a59e34daf8bfd7b6e3baa6aeed65ecb7c71df88864f73d31,2017-03,Sussex Police,Sussex Police,-0.133664,50.821642,On or near Dorset Gardens,E01016941,Brighton and Hove 030A,Other theft,Investigation complete; no suspect identified,
ccffb1afebd60724af3fb6cfdec3d0eaaf2b01b5c6eb8759099e03a839f2e46d,2017-03,Sussex Police,Sussex Police,-0.135074,50.821538,On or near Parking Area,E01016941,Brighton and Hove 030A,Other theft,Investigation complete; no suspect identified,
9862567f23c6db6a2e2b7426622825c6f9add309e68e98379f803ab26bdcd6d4,2017-03,Sussex Police,Sussex Police,-0.135088,50.820127,On or near Nightclub,E01016941,Brighton and Hove 030A,Other theft,Investigation complete; no suspect identified,
fbed87060a633a68513e71eb18c5ede5091fedde7357bbe05814640fa06d9988,2017-03,Sussex Police,Sussex Police,-0.135498,50.820511,On or near Sports/Recreation Area,E01016941,Brighton and Hove 030A,Other theft,Investigation complete; no suspect identified,
71aac535d3c225df6cad31d6002280cbdb85de4a85584df2bd44086e234c018e,2017-03,Sussex Police,Sussex Police,-0.133219,50.821428,On or near St James'S Street Mews,E01016941,Brighton and Hove 030A,Other theft,Investigation complete; no suspect identified,
90e19965858f4a0f25ab49bd8b881b13b7abeac921a1b276bdb641618d65b9ac,2017-03,Sussex Police,Sussex Police,-0.136285,50.823222,On or near Grand Parade,E01016941,Brighton and Hove 030A,Other theft,Further investigation is not in the public interest,
8404f2546b5375975460b6fa6351f191a090d622a888ad642dd78c63b505786e,2017-03,Sussex Police,Sussex Police,-0.136230,50.820334,On or near Nightclub,E01016941,Brighton and Hove 030A,Other theft,Investigation complete; no suspect identified,
7ccd3f124b71a675e441cd21d446c60105c1b64557ef6d74def934f04cd7df59,2017-03,Sussex Police,Sussex Police,-0.134468,50.824281,On or near Kingswood Street,E01016941,Brighton and Hove 030A,Possession of weapons,Court result unavailable,
02f6392ff9f67dc7a2c23e1db8ff8e4924565d1461ed7f762acc807f51b9e30d,2017-03,Sussex Police,Sussex Police,-0.135088,50.820127,On or near Nightclub,E01016941,Brighton and Hove 030A,Public order,Further investigation is not in the public interest,
da7cab12eae436ba9f53e0858462f85b642b7b31e974ddfdd5ce77b43550375d,2017-03,Sussex Police,Sussex Police,-0.133664,50.821642,On or near Dorset Gardens,E01016941,Brighton and Hove 030A,Public order,Awaiting court outcome,
5dbb8cb2fe37525f13d189b46c22516840b59fc78a735d62b60315e2cbc1f6a9,2017-03,Sussex Police,Sussex Police,-0.134468,50.824281,On or near Kingswood Street,E01016941,Brighton and Hove 030A,Public order,Formal action is not in the public interest,
4a2e9cbc5fdc231813994512b9cccd70a2b7f9a1c7e2859ca76d0d54bb3b50df,2017-03,Sussex Police,Sussex Police,-0.134468,50.824281,On or near Kingswood Street,E01016941,Brighton and Hove 030A,Public order,Unable to prosecute suspect,
ea1245f8030a52a685a567f79a65f2c0c708f3998453cf5f9f0413ee7fe5f20f,2017-03,Sussex Police,Sussex Police,-0.134468,50.824281,On or near Kingswood Street,E01016941,Brighton and Hove 030A,Public order,Awaiting court outcome,
512d809d4e8fd2f88144b42fc55c7ecac05fe6a379d39003a144ca75fcf668aa,2017-03,Sussex Police,Sussex Police,-0.135600,50.821160,On or near Supermarket,E01016941,Brighton and Hove 030A,Public order,Further investigation is not in the public interest,
d798fd3479d987ba456eb33dede796bf7df55be2121631c7c18240761b80d045,2017-03,Sussex Police,Sussex Police,-0.135074,50.821538,On or near Parking Area,E01016941,Brighton and Hove 030A,Public order,Status update unavailable,
0672630b8809e172752c48fa3c937723fbc32840180ca75ac1b0f097781b4803,2017-03,Sussex Police,Sussex Police,-0.135167,50.823491,On or near Grand Parade Mews,E01016941,Brighton and Hove 030A,Public order,Unable to prosecute suspect,
b229fd409a7589a4cea612e182b8d8939f4f2b791f0f481cbcf2ef9edf8415d4,2017-03,Sussex Police,Sussex Police,-0.135600,50.821160,On or near Supermarket,E01016941,Brighton and Hove 030A,Shoplifting,Unable to prosecute suspect,
4957273a5d86eba5a31d25a8ad121d1801665568746df41155de04892ef26c33,2017-03,Sussex Police,Sussex Police,-0.134468,50.824281,On or near Kingswood Street,E01016941,Brighton and Hove 030A,Theft from the person,Investigation complete; no suspect identified,
4d8197d02f3792390f01d66a38db399189a59219150aa489a2294cda1160730d,2017-03,Sussex Police,Sussex Police,-0.134186,50.820301,On or near Madeira Place,E01016941,Brighton and Hove 030A,Theft from the person,Investigation complete; no suspect identified,
28632867a35c20a65190b2243fad83202de27fd6485b184d69637e9219f4cf82,2017-03,Sussex Police,Sussex Police,-0.136230,50.820334,On or near Nightclub,E01016941,Brighton and Hove 030A,Theft from the person,Investigation complete; no suspect identified,
6aed24ce5a3af48506c8dbb41346a6bc78d4e58cb9e8edd425f763a9d3e28b95,2017-03,Sussex Police,Sussex Police,-0.134751,50.820373,On or near Broad Street,E01016941,Brighton and Hove 030A,Vehicle crime,Investigation complete; no suspect identified,
47212f3f1fa886cbdba2e983baaac8864e5aa2eebc0129418fc9d6d15f11a65f,2017-03,Sussex Police,Sussex Police,-0.136230,50.820334,On or near Nightclub,E01016941,Brighton and Hove 030A,Violence and sexual offences,Investigation complete; no suspect identified,
214d2c20539ab02c3de275aaa6c386bc796a8c48f592daed6129befe1483c959,2017-03,Sussex Police,Sussex Police,-0.136230,50.820334,On or near Nightclub,E01016941,Brighton and Hove 030A,Violence and sexual offences,Investigation complete; no suspect identified,
4f7f8b584e17ed97158a07f6e03029254a4c5c272c865214129c04291e7d0297,2017-03,Sussex Police,Sussex Police,-0.131689,50.821340,On or near Chapel Street,E01016941,Brighton and Hove 030A,Violence and sexual offences,Status update unavailable,
e8910938edce314a94a7538d04f9843f7c2da4a2b7bd75bd87335367e6d90840,2017-03,Sussex Police,Sussex Police,-0.134468,50.824281,On or near Kingswood Street,E01016941,Brighton and Hove 030A,Violence and sexual offences,Court result unavailable,
d1328b5ccf76f8f596aa323e95ca423d987b25e856167884f301d92a1b516100,2017-03,Sussex Police,Sussex Police,-0.135498,50.820511,On or near Sports/Recreation Area,E01016941,Brighton and Hove 030A,Violence and sexual offences,Unable to prosecute suspect,
d9c03d43d633c3e751df9b8c7dabcb66ab7e4f21fbaddc9c31a227005f0159a1,2017-03,Sussex Police,Sussex Police,-0.135600,50.821160,On or near Supermarket,E01016941,Brighton and Hove 030A,Violence and sexual offences,Unable to prosecute suspect,
31c023670d57f783041cf7bef7d38f6647641beac7636b0d9c10c4f149b526d4,2017-03,Sussex Police,Sussex Police,-0.135342,50.822298,On or near Steine Gardens,E01016941,Brighton and Hove 030A,Violence and sexual offences,Investigation complete; no suspect identified,
185d7e3a7edab028c94aa566a01f1cace06f2c9ec295b536c78929c1422cc5df,2017-03,Sussex Police,Sussex Police,-0.134468,50.824281,On or near Kingswood Street,E01016941,Brighton and Hove 030A,Violence and sexual offences,Unable to prosecute suspect,
e954d088aec55613e9bfb72486e1c013d15477fdf248b45d9c952b50e890bfd4,2017-03,Sussex Police,Sussex Police,-0.136230,50.820334,On or near Nightclub,E01016941,Brighton and Hove 030A,Violence and sexual offences,Unable to prosecute suspect,
ce29414c0093c124a4e353d91d9a25973b020820ac3c1ba69ddaf3df754ade91,2017-03,Sussex Police,Sussex Police,-0.136230,50.820334,On or near Nightclub,E01016941,Brighton and Hove 030A,Violence and sexual offences,Unable to prosecute suspect,
f6fbf2a6092c325594e487fc85e8f955cf208c375a8b4aed119474a6a7d8da61,2017-03,Sussex Police,Sussex Police,-0.135615,50.821151,On or near Supermarket,E01016941,Brighton and Hove 030A,Violence and sexual offences,Court result unavailable,
14d2db034a6d281abecd26dd7c89d4763eb3e1c8336a90d93b1fa39d53137309,2017-03,Sussex Police,Sussex Police,-0.132543,50.821993,On or near Dorset Place,E01016941,Brighton and Hove 030A,Violence and sexual offences,Unable to prosecute suspect,
7df19630273ac70c271dfd92754c95ec717f50cf2dc56e2e9efb613ec605eb41,2017-03,Sussex Police,Sussex Police,-0.136071,50.820394,On or near Steine Street,E01016941,Brighton and Hove 030A,Violence and sexual offences,Unable to prosecute suspect,
ac09c7ec0515ab1fde1578a12d8aba71ba6fe9431043385540d436d521bf2c1b,2017-03,Sussex Police,Sussex Police,-0.134468,50.824281,On or near Kingswood Street,E01016941,Brighton and Hove 030A,Violence and sexual offences,Investigation complete; no suspect identified,
43c19beed3dbb0ce88e08c5a90ae79ebca0d6aa2a8ba172f2a4fd0745950d615,2017-03,Sussex Police,Sussex Police,-0.135615,50.821151,On or near Supermarket,E01016941,Brighton and Hove 030A,Violence and sexual offences,Unable to prosecute suspect,
733979e7756e0c032b7fb7245c47a645cd8ad0a6a8b3d2fb999f9bdc4228a529,2017-03,Sussex Police,Sussex Police,-0.134186,50.820301,On or near Madeira Place,E01016941,Brighton and Hove 030A,Violence and sexual offences,Unable to prosecute suspect,
ac75dd1d0f4f32f8413d06c6535c153c254638fb0d24092c6c9f6c90b1d8e7ee,2017-03,Sussex Police,Sussex Police,-0.136410,50.822567,On or near Pavilion Parade,E01016941,Brighton and Hove 030A,Violence and sexual offences,Status update unavailable,
089c417f492fb6253ca77df1bd8f8c7b26e9de6cbfc575190c391280d401a428,2017-03,Sussex Police,Sussex Police,-0.134498,50.821736,On or near George Street,E01016941,Brighton and Hove 030A,Violence and sexual offences,Investigation complete; no suspect identified,
548290cd9336bd0fbaf778b8dd82361b9fdd33936879b06ae5bf192a728ae518,2017-03,Sussex Police,Sussex Police,-0.136230,50.820334,On or near Nightclub,E01016941,Brighton and Hove 030A,Violence and sexual offences,Defendant found not guilty,
0d6bddf3b0dd85145ff1baef9f5046d4ff01d34a10cf713a5100dcfaa64e9002,2017-03,Sussex Police,Sussex Police,-0.135600,50.821160,On or near Supermarket,E01016941,Brighton and Hove 030A,Violence and sexual offences,Investigation complete; no suspect identified,
6fec1ca7b91a61df3b69c8edcb32f7e6bd4e5559189a7e9a8f41d2493ae348ab,2017-03,Sussex Police,Sussex Police,-0.134751,50.820373,On or near Broad Street,E01016941,Brighton and Hove 030A,Violence and sexual offences,Defendant found not guilty,
98c17c7e47636cc2b41e1bfa389048fd6d2a989b17dabf0cf050d548cd3f6a57,2017-03,Sussex Police,Sussex Police,-0.135088,50.820127,On or near Nightclub,E01016941,Brighton and Hove 030A,Violence and sexual offences,Unable to prosecute suspect,
e911a0d3ed7e16d9f966749247ba7f489fa1864d5d7d0b98f30a19583be63b34,2017-03,Sussex Police,Sussex Police,-0.136285,50.823222,On or near Grand Parade,E01016941,Brighton and Hove 030A,Violence and sexual offences,Unable to prosecute suspect,
254773c1a15fa0bf2f2fcc29ee776598c54e7fc8ea851442976885c3212cfc7b,2017-03,Sussex Police,Sussex Police,-0.132638,50.821023,On or near Ardingly Street,E01016941,Brighton and Hove 030A,Violence and sexual offences,Unable to prosecute suspect,
,2017-03,Sussex Police,Sussex Police,-0.128916,50.819308,On or near Grafton Street,E01016945,Brighton and Hove 030B,Anti-social behaviour,,
,2017-03,Sussex Police,Sussex Police,-0.133083,50.820904,On or near Cavendish Street,E01016945,Brighton and Hove 030B,Anti-social behaviour,,
,2017-03,Sussex Police,Sussex Police,-0.130351,50.819646,On or near Lower Rock Gardens,E01016945,Brighton and Hove 030B,Anti-social behaviour,,
,2017-03,Sussex Police,Sussex Police,-0.130351,50.819646,On or near Lower Rock Gardens,E01016945,Brighton and Hove 030B,Anti-social behaviour,,
,2017-03,Sussex Police,Sussex Police,-0.131127,50.820486,On or near New Steine Mews,E01016945,Brighton and Hove 030B,Anti-social behaviour,,
,2017-03,Sussex Police,Sussex Police,-0.132584,50.820617,On or near St James'S Street,E01016945,Brighton and Hove 030B,Anti-social behaviour,,
,2017-03,Sussex Police,Sussex Police,-0.132584,50.820617,On or near St James'S Street,E01016945,Brighton and Hove 030B,Anti-social behaviour,,
,2017-03,Sussex Police,Sussex Police,-0.132584,50.820617,On or near St James'S Street,E01016945,Brighton and Hove 030B,Anti-social behaviour,,
,2017-03,Sussex Police,Sussex Police,-0.132584,50.820617,On or near St James'S Street,E01016945,Brighton and Hove 030B,Anti-social behaviour,,
,2017-03,Sussex Police,Sussex Police,-0.133083,50.820904,On or near Cavendish Street,E01016945,Brighton and Hove 030B,Anti-social behaviour,,
,2017-03,Sussex Police,Sussex Police,-0.133083,50.820904,On or near Cavendish Street,E01016945,Brighton and Hove 030B,Anti-social behaviour,,
,2017-03,Sussex Police,Sussex Police,-0.132584,50.820617,On or near St James'S Street,E01016945,Brighton and Hove 030B,Anti-social behaviour,,
,2017-03,Sussex Police,Sussex Police,-0.132584,50.820617,On or near St James'S Street,E01016945,Brighton and Hove 030B,Anti-social behaviour,,
,2017-03,Sussex Police,Sussex Police,-0.132584,50.820617,On or near St James'S Street,E01016945,Brighton and Hove 030B,Anti-social behaviour,,
,2017-03,Sussex Police,Sussex Police,-0.132584,50.820617,On or near St James'S Street,E01016945,Brighton and Hove 030B,Anti-social behaviour,,
,2017-03,Sussex Police,Sussex Police,-0.132584,50.820617,On or near St James'S Street,E01016945,Brighton and Hove 030B,Anti-social behaviour,,
,2017-03,Sussex Police,Sussex Police,-0.132584,50.820617,On or near St James'S Street,E01016945,Brighton and Hove 030B,Anti-social behaviour,,
,2017-03,Sussex Police,Sussex Police,-0.132584,50.820617,On or near St James'S Street,E01016945,Brighton and Hove 030B,Anti-social behaviour,,
,2017-03,Sussex Police,Sussex Police,-0.133083,50.820904,On or near Cavendish Street,E01016945,Brighton and Hove 030B,Anti-social behaviour,,
,2017-03,Sussex Police,Sussex Police,-0.132282,50.819983,On or near Wentworth Street,E01016945,Brighton and Hove 030B,Anti-social behaviour,,
,2017-03,Sussex Police,Sussex Police,-0.130976,50.822129,On or near Edward Street,E01016945,Brighton and Hove 030B,Anti-social behaviour,,
,2017-03,Sussex Police,Sussex Police,-0.132584,50.820617,On or near St James'S Street,E01016945,Brighton and Hove 030B,Anti-social behaviour,,
,2017-03,Sussex Police,Sussex Police,-0.128916,50.819308,On or near Grafton Street,E01016945,Brighton and Hove 030B,Anti-social behaviour,,
,2017-03,Sussex Police,Sussex Police,-0.133083,50.820904,On or near Cavendish Street,E01016945,Brighton and Hove 030B,Anti-social behaviour,,
,2017-03,Sussex Police,Sussex Police,-0.128916,50.819308,On or near Grafton Street,E01016945,Brighton and Hove 030B,Anti-social behaviour,,
,2017-03,Sussex Police,Sussex Police,-0.132584,50.820617,On or near St James'S Street,E01016945,Brighton and Hove 030B,Anti-social behaviour,,
,2017-03,Sussex Police,Sussex Police,-0.130376,50.821148,On or near St James'S Avenue,E01016945,Brighton and Hove 030B,Anti-social behaviour,,
,2017-03,Sussex Police,Sussex Police,-0.130351,50.819646,On or near Lower Rock Gardens,E01016945,Brighton and Hove 030B,Anti-social behaviour,,
,2017-03,Sussex Police,Sussex Police,-0.129534,50.819480,On or near Atlingworth Street,E01016945,Brighton and Hove 030B,Anti-social behaviour,,
,2017-03,Sussex Police,Sussex Police,-0.129534,50.819480,On or near Atlingworth Street,E01016945,Brighton and Hove 030B,Anti-social behaviour,,
,2017-03,Sussex Police,Sussex Police,-0.128916,50.819308,On or near Grafton Street,E01016945,Brighton and Hove 030B,Anti-social behaviour,,
,2017-03,Sussex Police,Sussex Police,-0.133083,50.820904,On or near Cavendish Street,E01016945,Brighton and Hove 030B,Anti-social behaviour,,
,2017-03,Sussex Police,Sussex Police,-0.129534,50.819480,On or near Atlingworth Street,E01016945,Brighton and Hove 030B,Anti-social behaviour,,
,2017-03,Sussex Police,Sussex Police,-0.132584,50.820617,On or near St James'S Street,E01016945,Brighton and Hove 030B,Anti-social behaviour,,
96e86383f103753b1155e978e2a0468c43395e8b88523d81608fd5081a62e5e8,2017-03,Sussex Police,Sussex Police,-0.130985,50.819755,On or near Rock Place,E01016945,Brighton and Hove 030B,Bicycle theft,Investigation complete; no suspect identified,
a00e462ca542dcd0debe5ab9c9bd7bad9503836f0b5142719ac536c54177c8c7,2017-03,Sussex Police,Sussex Police,-0.131127,50.820486,On or near New Steine Mews,E01016945,Brighton and Hove 030B,Burglary,Court result unavailable,
bba8998bdb823e1ef625d7b9ec3d9c14e8cb8fe7684c87122139a61dc58cafb8,2017-03,Sussex Police,Sussex Police,-0.132282,50.819983,On or near Wentworth Street,E01016945,Brighton and Hove 030B,Burglary,Investigation complete; no suspect identified,
f9035e62c13f2fc724a8576c7f8484df3b646992398be75266cef07241ba96d3,2017-03,Sussex Police,Sussex Police,-0.129534,50.819480,On or near Atlingworth Street,E01016945,Brighton and Hove 030B,Burglary,Status update unavailable,
91020f1a0264dd05ea82cb1312d1bf579e3b1882544269950dcd54b421f78f64,2017-03,Sussex Police,Sussex Police,-0.132282,50.819983,On or near Wentworth Street,E01016945,Brighton and Hove 030B,Burglary,Court result unavailable,
04c36c2d0e625fd456ec355bb41eef83b8aef606554e35bc042ca9ca2923b109,2017-03,Sussex Police,Sussex Police,-0.131127,50.820486,On or near New Steine Mews,E01016945,Brighton and Hove 030B,Burglary,Court result unavailable,
7b286c22b3d7eefa58b27173a6efe8842d24b6bba755c7891a2eb9475230e051,2017-03,Sussex Police,Sussex Police,-0.131127,50.820486,On or near New Steine Mews,E01016945,Brighton and Hove 030B,Criminal damage and arson,Investigation complete; no suspect identified,
99fd0706c47591f0c236b3870195cce2823c2536803ac02a4ba2ca2462a7ead6,2017-03,Sussex Police,Sussex Police,-0.130976,50.822129,On or near Edward Street,E01016945,Brighton and Hove 030B,Criminal damage and arson,Court result unavailable,
3ecb13dbd404c0b7b558a54766bc721b5291d94fe65ec4ee409b5dfd16398e60,2017-03,Sussex Police,Sussex Police,-0.131127,50.820486,On or near New Steine Mews,E01016945,Brighton and Hove 030B,Criminal damage and arson,Further investigation is not in the public interest,
2e9fa3bb0afc28b20a7f622d1bd2022ff867e66d21048e7b5ec3a18f6b59f4f0,2017-03,Sussex Police,Sussex Police,-0.132282,50.819983,On or near Wentworth Street,E01016945,Brighton and Hove 030B,Drugs,Unable to prosecute suspect,
a21a636308e753eb76ed057f30536f46e6f1491111473a7f031f94d653638b28,2017-03,Sussex Police,Sussex Police,-0.133083,50.820904,On or near Cavendish Street,E01016945,Brighton and Hove 030B,Drugs,Offender given a caution,
d128ddd8fa81a58fa13d7148392510e9b0686a462a3f2267de7cb8618cf3581f,2017-03,Sussex Police,Sussex Police,-0.131127,50.820486,On or near New Steine Mews,E01016945,Brighton and Hove 030B,Drugs,Status update unavailable,
40a366f1a57c5e51a0b2c010dc37bea66fd0f5732389de50a813609d8e4c2515,2017-03,Sussex Police,Sussex Police,-0.130976,50.822129,On or near Edward Street,E01016945,Brighton and Hove 030B,Other theft,Investigation complete; no suspect identified,
450cdec7bfc280b5f2ad0a3c94c360e8c4b90e8126b179608a5779c6009701dc,2017-03,Sussex Police,Sussex Police,-0.133083,50.820904,On or near Cavendish Street,E01016945,Brighton and Hove 030B,Other theft,Status update unavailable,
3986eb3f60906caa23ce9110c07614b2ae1037ac4bb1e8fa15e400045bc866b0,2017-03,Sussex Police,Sussex Police,-0.129534,50.819480,On or near Atlingworth Street,E01016945,Brighton and Hove 030B,Other theft,Investigation complete; no suspect identified,
46a50258d8793c55606ac4d7c572e5c990e5a907fff27efb07310a7f857e1ca0,2017-03,Sussex Police,Sussex Police,-0.131127,50.820486,On or near New Steine Mews,E01016945,Brighton and Hove 030B,Other theft,Court result unavailable,
b15f774467015a27d498ad8790f286dbb97b2afa9e9ba05f3b52147d02eb94ec,2017-03,Sussex Police,Sussex Police,-0.132282,50.819983,On or near Wentworth Street,E01016945,Brighton and Hove 030B,Other theft,Investigation complete; no suspect identified,
7aa165b6d2a16f51ef68606498e7c5365de25d90be0ed871fd8a52bd065ab297,2017-03,Sussex Police,Sussex Police,-0.133083,50.820904,On or near Cavendish Street,E01016945,Brighton and Hove 030B,Public order,Investigation complete; no suspect identified,
e5b687121090b178e8ddb0b7eff32f3df10d9419f3e72e433ff91a6985a262ac,2017-03,Sussex Police,Sussex Police,-0.133083,50.820904,On or near Cavendish Street,E01016945,Brighton and Hove 030B,Robbery,Investigation complete; no suspect identified,
ed11aa0488f94ddf3b48444055ddc89f6124a2355a1ce7b7bf30f2bcfa05f6eb,2017-03,Sussex Police,Sussex Police,-0.131127,50.820486,On or near New Steine Mews,E01016945,Brighton and Hove 030B,Shoplifting,Investigation complete; no suspect identified,
799e6aadb74c6446d65ef72fb0be75aa88b6a2afa51b2f64b4ea7720e5053a08,2017-03,Sussex Police,Sussex Police,-0.133083,50.820904,On or near Cavendish Street,E01016945,Brighton and Hove 030B,Theft from the person,Investigation complete; no suspect identified,
5760977a2a5d68e22b91a73c74980336b0c95945f9e7e5b5ada53afadbeaf495,2017-03,Sussex Police,Sussex Police,-0.133083,50.820904,On or near Cavendish Street,E01016945,Brighton and Hove 030B,Violence and sexual offences,Unable to prosecute suspect,
ace6e8feaa03353ce33f65162147028cc3671d5e5a417ff6527866fc5e9591e7,2017-03,Sussex Police,Sussex Police,-0.132584,50.820617,On or near St James'S Street,E01016945,Brighton and Hove 030B,Violence and sexual offences,Further investigation is not in the public interest,
f3e9c3a05eb738ca6025d4fa566804dde26895a8beb16a783afa3de99b73f3f0,2017-03,Sussex Police,Sussex Police,-0.131195,50.821269,On or near Devonshire Place,E01016945,Brighton and Hove 030B,Violence and sexual offences,Offender given community sentence,
af7eb342a9d023441cc80a6f1a1d2861346defed90190a4ee00623593867d5ed,2017-03,Sussex Police,Sussex Police,-0.130351,50.819646,On or near Lower Rock Gardens,E01016945,Brighton and Hove 030B,Violence and sexual offences,Action to be taken by another organisation,
173473ffaa06a7f9c1f029305b08c32297de14cd89651d6fb0fca467a19644a8,2017-03,Sussex Police,Sussex Police,-0.131127,50.820486,On or near New Steine Mews,E01016945,Brighton and Hove 030B,Violence and sexual offences,Investigation complete; no suspect identified,
f3d2f81f56a864f118e86daa30fb27b47ad692f5c40da68b7112772ad3308d86,2017-03,Sussex Police,Sussex Police,-0.133083,50.820904,On or near Cavendish Street,E01016945,Brighton and Hove 030B,Violence and sexual offences,Unable to prosecute suspect,
1409afc21b3aa86a43a5b48c2ada4508b696009c2b030f50e7e8980fba7369b2,2017-03,Sussex Police,Sussex Police,-0.133083,50.820904,On or near Cavendish Street,E01016945,Brighton and Hove 030B,Violence and sexual offences,Investigation complete; no suspect identified,
721122b795d58acf57b243631c9591383e3e5068ed9106d8e9aa39c97044ef88,2017-03,Sussex Police,Sussex Police,-0.133083,50.820904,On or near Cavendish Street,E01016945,Brighton and Hove 030B,Violence and sexual offences,Status update unavailable,
7f928bbcee03ae66e35d522eac9b869213db5098f6a5557229c52c3f59e991e3,2017-03,Sussex Police,Sussex Police,-0.133083,50.820904,On or near Cavendish Street,E01016945,Brighton and Hove 030B,Violence and sexual offences,Unable to prosecute suspect,
a034560e13e3113644059a6861b2ac96dc89ba2ca07cd482b9fca92a3e3ae1af,2017-03,Sussex Police,Sussex Police,-0.133083,50.820904,On or near Cavendish Street,E01016945,Brighton and Hove 030B,Violence and sexual offences,Unable to prosecute suspect,
1f84029247d8a4cfc0585a3e44e4daea3533d181649baa404b6e79736af2f0de,2017-03,Sussex Police,Sussex Police,-0.132584,50.820617,On or near St James'S Street,E01016945,Brighton and Hove 030B,Violence and sexual offences,Further investigation is not in the public interest,
6a6045cc3571d61516cc39706871c93d22bd74a25ad050a9d75818ffc609703e,2017-03,Sussex Police,Sussex Police,-0.133083,50.820904,On or near Cavendish Street,E01016945,Brighton and Hove 030B,Violence and sexual offences,Further investigation is not in the public interest,
47cf53cc6220a2616ad992c06dcc20d361d196a4c7d2d153d36f55011389de38,2017-03,Sussex Police,Sussex Police,-0.133083,50.820904,On or near Cavendish Street,E01016945,Brighton and Hove 030B,Violence and sexual offences,Investigation complete; no suspect identified,
674b859152363586b8e11384e1b996af67041052cf5fed05a403162304fd9815,2017-03,Sussex Police,Sussex Police,-0.133083,50.820904,On or near Cavendish Street,E01016945,Brighton and Hove 030B,Violence and sexual offences,Further investigation is not in the public interest,
f59f33257024910e66cf4ce291a55e802a5b011719b17429333d5a255a0e38a2,2017-03,Sussex Police,Sussex Police,-0.130976,50.822129,On or near Edward Street,E01016945,Brighton and Hove 030B,Violence and sexual offences,Investigation complete; no suspect identified,
24c69c924577692940a6f993c9a33263d4fb9df3a9bdccc685a25dacf8461d02,2017-03,Sussex Police,Sussex Police,-0.132282,50.819983,On or near Wentworth Street,E01016945,Brighton and Hove 030B,Violence and sexual offences,Further investigation is not in the public interest,
49e91af9062432775d7988f66f0c4be551cd6a0b9e278798f8824b5c554d979d,2017-03,Sussex Police,Sussex Police,-0.131127,50.820486,On or near New Steine Mews,E01016945,Brighton and Hove 030B,Violence and sexual offences,Further investigation is not in the public interest,
67d48e1e08d2b7e446bb75eaf3152b3077ba9ce02cd3d701da2dd7495bb83db5,2017-03,Sussex Police,Sussex Police,-0.128916,50.819308,On or near Grafton Street,E01016945,Brighton and Hove 030B,Violence and sexual offences,Unable to prosecute suspect,
ed75a19e44823755099c82b673fec93d538bb3d3c5781420e55a10c47ab4ca94,2017-03,Sussex Police,Sussex Police,-0.133083,50.820904,On or near Cavendish Street,E01016945,Brighton and Hove 030B,Violence and sexual offences,Investigation complete; no suspect identified,
ec528f98113709312e253fe233a27268efa046c3b3e5c7ad3761bba9c9a677b2,2017-03,Sussex Police,Sussex Police,-0.133083,50.820904,On or near Cavendish Street,E01016945,Brighton and Hove 030B,Other crime,Court result unavailable,
,2017-03,Sussex Police,Sussex Police,-0.133151,50.825977,On or near Ashton Rise,E01016947,Brighton and Hove 030C,Anti-social behaviour,,
,2017-03,Sussex Police,Sussex Police,-0.133754,50.826868,On or near Richmond Parade,E01016947,Brighton and Hove 030C,Anti-social behaviour,,
,2017-03,Sussex Police,Sussex Police,-0.133151,50.825977,On or near Ashton Rise,E01016947,Brighton and Hove 030C,Anti-social behaviour,,
,2017-03,Sussex Police,Sussex Police,-0.134073,50.826703,On or near Sussex Place,E01016947,Brighton and Hove 030C,Anti-social behaviour,,
,2017-03,Sussex Police,Sussex Police,-0.132483,50.827406,On or near Grove Hill,E01016947,Brighton and Hove 030C,Anti-social behaviour,,
,2017-03,Sussex Police,Sussex Police,-0.133754,50.826868,On or near Richmond Parade,E01016947,Brighton and Hove 030C,Anti-social behaviour,,
,2017-03,Sussex Police,Sussex Police,-0.133988,50.825991,On or near Ivory Place,E01016947,Brighton and Hove 030C,Anti-social behaviour,,
,2017-03,Sussex Police,Sussex Police,-0.134073,50.826703,On or near Sussex Place,E01016947,Brighton and Hove 030C,Anti-social behaviour,,
,2017-03,Sussex Police,Sussex Police,-0.134749,50.825769,On or near Nightclub,E01016947,Brighton and Hove 030C,Anti-social behaviour,,
,2017-03,Sussex Police,Sussex Police,-0.134073,50.826703,On or near Sussex Place,E01016947,Brighton and Hove 030C,Anti-social behaviour,,
,2017-03,Sussex Police,Sussex Police,-0.134073,50.826703,On or near Sussex Place,E01016947,Brighton and Hove 030C,Anti-social behaviour,,
,2017-03,Sussex Police,Sussex Police,-0.133831,50.824576,On or near Nelson Row,E01016947,Brighton and Hove 030C,Anti-social behaviour,,
,2017-03,Sussex Police,Sussex Police,-0.132483,50.827406,On or near Grove Hill,E01016947,Brighton and Hove 030C,Anti-social behaviour,,
,2017-03,Sussex Police,Sussex Police,-0.134218,50.825563,On or near Morley Street,E01016947,Brighton and Hove 030C,Anti-social behaviour,,
,2017-03,Sussex Police,Sussex Police,-0.134749,50.825769,On or near Nightclub,E01016947,Brighton and Hove 030C,Anti-social behaviour,,
4613a7b1a946247f36c67c1718346e700798e2f3b98a77e834aa21f445b9ebe2,2017-03,Sussex Police,Sussex Police,-0.133151,50.825977,On or near Ashton Rise,E01016947,Brighton and Hove 030C,Bicycle theft,Investigation complete; no suspect identified,
da331f7cfd5c4aab1d2b69e6d25e32a857d5cbc8d2e4fbfba02ab26b93926a24,2017-03,Sussex Police,Sussex Police,-0.133754,50.826868,On or near Richmond Parade,E01016947,Brighton and Hove 030C,Burglary,Offender given suspended prison sentence,
367f5c917327d65ec328a71df522be08e81ee142d39412e1448891172aa2c9e7,2017-03,Sussex Police,Sussex Police,-0.133831,50.824576,On or near Nelson Row,E01016947,Brighton and Hove 030C,Criminal damage and arson,Investigation complete; no suspect identified,
f3ae8b4e39f9280739bdbf00708b3e155962faef18984b0c1b0247744447b4b0,2017-03,Sussex Police,Sussex Police,-0.132177,50.825818,On or near John Street,E01016947,Brighton and Hove 030C,Criminal damage and arson,Investigation complete; no suspect identified,
58a012ea84512c2988a5e4cd9c3c594291ef1c99cf51f59613f5cc87d6cf5ac8,2017-03,Sussex Police,Sussex Police,-0.132483,50.827406,On or near Grove Hill,E01016947,Brighton and Hove 030C,Criminal damage and arson,Local resolution,
a29a3f2e3d59c789086a91a8312dced6e065b391d23c204323f4c05e5fd9c20d,2017-03,Sussex Police,Sussex Police,-0.133831,50.824576,On or near Nelson Row,E01016947,Brighton and Hove 030C,Criminal damage and arson,Investigation complete; no suspect identified,
12fac3a67801a6efcf86f1690a0c18bd5b02486741dd8a2eed7af2a557c85dd3,2017-03,Sussex Police,Sussex Police,-0.132483,50.827406,On or near Grove Hill,E01016947,Brighton and Hove 030C,Drugs,Offender given a caution,
273f5ad7683b7027a6eb7056089774b873898f847a7fd0b8c1ba63ad5a72bc4e,2017-03,Sussex Police,Sussex Police,-0.135342,50.825500,On or near Grand Parade,E01016947,Brighton and Hove 030C,Drugs,Offender given suspended prison sentence,
1725785d890eeeed3a35716c4bfd8d83ae7162ef03943c95c4ecb5e5fa5f4a5c,2017-03,Sussex Police,Sussex Police,-0.134073,50.826703,On or near Sussex Place,E01016947,Brighton and Hove 030C,Other theft,Investigation complete; no suspect identified,
5bdb8aff5b8bdd22f74e17edec50612e10c79f7b2d6fbfa16478ff825c227d38,2017-03,Sussex Police,Sussex Police,-0.135342,50.825500,On or near Grand Parade,E01016947,Brighton and Hove 030C,Public order,Court result unavailable,
8b7671aebd64ff171d4975147d93f7a1b5050db0869e096cff9b8c81efbe138e,2017-03,Sussex Police,Sussex Police,-0.133754,50.826868,On or near Richmond Parade,E01016947,Brighton and Hove 030C,Public order,Unable to prosecute suspect,
a2723f518555829412db5b266f4a6b929030780b5f7c37affda367d680046adb,2017-03,Sussex Police,Sussex Police,-0.135342,50.825500,On or near Grand Parade,E01016947,Brighton and Hove 030C,Public order,Unable to prosecute suspect,
412f0068f2a1aca650f82ec5297acafc599087957324cc1573707ca095f0c7f3,2017-03,Sussex Police,Sussex Police,-0.135342,50.825500,On or near Grand Parade,E01016947,Brighton and Hove 030C,Public order,Unable to prosecute suspect,
9e38dc1abadf7e25586609ad65c2a9da463c8e2d84ee034944aa5544a3573682,2017-03,Sussex Police,Sussex Police,-0.134073,50.826703,On or near Sussex Place,E01016947,Brighton and Hove 030C,Public order,Investigation complete; no suspect identified,
711c32e4d50cae8b5cca46bd3b2297f6810119709a8820bce211c01614a14e1a,2017-03,Sussex Police,Sussex Police,-0.133151,50.825977,On or near Ashton Rise,E01016947,Brighton and Hove 030C,Violence and sexual offences,Offender given a caution,
8d1a774811008301c7ba6a6cdedc1c1ae4c8e0a60c914e9424d924a9ae4e3f09,2017-03,Sussex Police,Sussex Police,-0.132483,50.827406,On or near Grove Hill,E01016947,Brighton and Hove 030C,Violence and sexual offences,Further investigation is not in the public interest,
1ba0ebf17751c524b592c8e495edaa6327be2668c8dd396966deddc03bdb7c62,2017-03,Sussex Police,Sussex Police,-0.134218,50.825563,On or near Morley Street,E01016947,Brighton and Hove 030C,Violence and sexual offences,Awaiting court outcome,
6a79712b58eacc31c9b8942638ca19e5e5dbe32787b828fb8eef49cea9267c22,2017-03,Sussex Police,Sussex Police,-0.135342,50.825500,On or near Grand Parade,E01016947,Brighton and Hove 030C,Violence and sexual offences,Investigation complete; no suspect identified,
ae44491f2925833ec1de66a3b20084f79b01c647df2264433952d6f83fd6c231,2017-03,Sussex Police,Sussex Police,-0.133831,50.824576,On or near Nelson Row,E01016947,Brighton and Hove 030C,Violence and sexual offences,Unable to prosecute suspect,
0812e77539020d5fc0112217dd5f4ea18018348815b591bc46db19426820fa5f,2017-03,Sussex Police,Sussex Police,-0.135342,50.825500,On or near Grand Parade,E01016947,Brighton and Hove 030C,Violence and sexual offences,Unable to prosecute suspect,
3471cf4ce403377595b2d2073209355bbdbb189bc40308ac20a32b678fd2314b,2017-03,Sussex Police,Sussex Police,-0.134073,50.826703,On or near Sussex Place,E01016947,Brighton and Hove 030C,Violence and sexual offences,Investigation complete; no suspect identified,
31a62af51aa294221cab8d02c37ee20bd4efdc51b8beabc1c974c33f08864e56,2017-03,Sussex Police,Sussex Police,-0.134073,50.826703,On or near Sussex Place,E01016947,Brighton and Hove 030C,Violence and sexual offences,Local resolution,
95135fa21986c530fff5176e5df0084bc247a2f96f042305cde4fc42afee7132,2017-03,Sussex Police,Sussex Police,-0.134749,50.825769,On or near Nightclub,E01016947,Brighton and Hove 030C,Violence and sexual offences,Unable to prosecute suspect,
5340681b16f3bc6b07d13984045d04ad2c61bb0ef5f03a9510e33d204e93c025,2017-03,Sussex Police,Sussex Police,-0.133151,50.825977,On or near Ashton Rise,E01016947,Brighton and Hove 030C,Violence and sexual offences,Investigation complete; no suspect identified,
987c4dfd14bef2434828f6fd52e06677afdec0d88cf0a5830b75b8fd264a84c1,2017-03,Sussex Police,Sussex Police,-0.133151,50.825977,On or near Ashton Rise,E01016947,Brighton and Hove 030C,Violence and sexual offences,Unable to prosecute suspect,
c49e0c8126fa525fd0968011fedb0712eef83044963468aae5a80786511d0445,2017-03,Sussex Police,Sussex Police,-0.134073,50.826703,On or near Sussex Place,E01016947,Brighton and Hove 030C,Other crime,Unable to prosecute suspect,
d39c931213d95363a75c5ce0e01e323dd4e25747c5718b84dc77851c52fffa23,2017-03,Sussex Police,Sussex Police,-0.133831,50.824576,On or near Nelson Row,E01016947,Brighton and Hove 030C,Other crime,Court result unavailable,
62c3c67b75d70c616ae6d79ef35cb11e374d15cc2dddf9c1e18431b537bbcab4,2017-03,Sussex Police,Sussex Police,-0.134218,50.825563,On or near Morley Street,E01016947,Brighton and Hove 030C,Other crime,Local resolution,
,2017-03,Sussex Police,Sussex Police,-0.124814,50.826743,On or near Tower Road,E01016948,Brighton and Hove 030D,Anti-social behaviour,,
,2017-03,Sussex Police,Sussex Police,-0.130347,50.823657,On or near Lennox Street,E01016948,Brighton and Hove 030D,Anti-social behaviour,,
,2017-03,Sussex Police,Sussex Police,-0.128630,50.826112,On or near Windmill Terrace,E01016948,Brighton and Hove 030D,Anti-social behaviour,,
,2017-03,Sussex Police,Sussex Police,-0.130641,50.824831,On or near Sussex Street,E01016948,Brighton and Hove 030D,Anti-social behaviour,,
,2017-03,Sussex Police,Sussex Police,-0.130471,50.825530,On or near Tarner Road,E01016948,Brighton and Hove 030D,Anti-social behaviour,,
,2017-03,Sussex Police,Sussex Police,-0.132091,50.824072,On or near Tilbury Place,E01016948,Brighton and Hove 030D,Anti-social behaviour,,
,2017-03,Sussex Police,Sussex Police,-0.130697,50.824130,On or near St John'S Place,E01016948,Brighton and Hove 030D,Anti-social behaviour,,
,2017-03,Sussex Police,Sussex Police,-0.130347,50.823657,On or near Lennox Street,E01016948,Brighton and Hove 030D,Anti-social behaviour,,
8cc7a5c4adfd90b67ee7c655ecc8eb0f0cca32e24a1493881e08e6e2f5d59cde,2017-03,Sussex Police,Sussex Police,-0.130471,50.825530,On or near Tarner Road,E01016948,Brighton and Hove 030D,Drugs,Offender given a caution,
c9b9db386ce37746a1ab9ebbd01501dc3428cd41f2888a8b4a4e4973f1392a76,2017-03,Sussex Police,Sussex Police,-0.130641,50.824831,On or near Sussex Street,E01016948,Brighton and Hove 030D,Other theft,Investigation complete; no suspect identified,
296f4942057d83ab6deedc1d71d833bad38bdfe017da90a8dda1d809e5c7e73f,2017-03,Sussex Police,Sussex Police,-0.130697,50.824130,On or near St John'S Place,E01016948,Brighton and Hove 030D,Public order,Unable to prosecute suspect,
3008c3a3450560491bfc3b0f7790a951e342a552b1eda416874782a34a09e9ce,2017-03,Sussex Police,Sussex Police,-0.132091,50.824072,On or near Tilbury Place,E01016948,Brighton and Hove 030D,Violence and sexual offences,Status update unavailable,
0c4fa7488764c8bc37299d6230619371cffe34f869961f2676e7acbbfe11aac2,2017-03,Sussex Police,Sussex Police,-0.126772,50.825704,On or near Albion Hill,E01016948,Brighton and Hove 030D,Violence and sexual offences,Unable to prosecute suspect,
07e7761d01b959dbe2bbf9b387a8237a8cbcd5614392141ec9537db4961948ac,2017-03,Sussex Police,Sussex Police,-0.130697,50.824130,On or near St John'S Place,E01016948,Brighton and Hove 030D,Violence and sexual offences,Unable to prosecute suspect,
a44ad147066a07a046df29dc7cf59c0065d2a47e0fd3b75026dca43d7a95b128,2017-03,Sussex Police,Sussex Police,-0.130697,50.824130,On or near St John'S Place,E01016948,Brighton and Hove 030D,Violence and sexual offences,Unable to prosecute suspect,
c1633058f12600ac89712647994e23494427a6cda829d13043b586603ab88f3e,2017-03,Sussex Police,Sussex Police,-0.130471,50.825530,On or near Tarner Road,E01016948,Brighton and Hove 030D,Violence and sexual offences,Investigation complete; no suspect identified,
939d9c57d15c60c8c29c560208f303866a176af8f0fa27967c0fd876c95f4472,2017-03,Sussex Police,Sussex Police,-0.124814,50.826743,On or near Tower Road,E01016948,Brighton and Hove 030D,Violence and sexual offences,Further investigation is not in the public interest,
,2017-03,Sussex Police,Sussex Police,-0.130219,50.822936,On or near Thames Close,E01016949,Brighton and Hove 030E,Anti-social behaviour,,
,2017-03,Sussex Police,Sussex Police,-0.123478,50.826056,On or near North Drive,E01016949,Brighton and Hove 030E,Anti-social behaviour,,
,2017-03,Sussex Police,Sussex Police,-0.130219,50.822936,On or near Thames Close,E01016949,Brighton and Hove 030E,Anti-social behaviour,,
,2017-03,Sussex Police,Sussex Police,-0.128731,50.821095,On or near St Mary'S Place,E01016949,Brighton and Hove 030E,Anti-social behaviour,,
,2017-03,Sussex Police,Sussex Police,-0.130219,50.822936,On or near Thames Close,E01016949,Brighton and Hove 030E,Anti-social behaviour,,
,2017-03,Sussex Police,Sussex Police,-0.130219,50.822936,On or near Thames Close,E01016949,Brighton and Hove 030E,Anti-social behaviour,,
,2017-03,Sussex Police,Sussex Police,-0.130219,50.822936,On or near Thames Close,E01016949,Brighton and Hove 030E,Anti-social behaviour,,
,2017-03,Sussex Police,Sussex Police,-0.128980,50.822691,On or near Egremont Place,E01016949,Brighton and Hove 030E,Anti-social behaviour,,
,2017-03,Sussex Police,Sussex Police,-0.130219,50.822936,On or near Thames Close,E01016949,Brighton and Hove 030E,Anti-social behaviour,,
,2017-03,Sussex Police,Sussex Police,-0.128570,50.820517,On or near Lavender Street,E01016949,Brighton and Hove 030E,Anti-social behaviour,,
63a44984dfcfbc0fc2f880bc30b18c5ee6eee5eabac3238b293cead1c43c7369,2017-03,Sussex Police,Sussex Police,-0.127677,50.823318,On or near Park Hill,E01016949,Brighton and Hove 030E,Burglary,Investigation complete; no suspect identified,
2dfb286ba2275253a449b55f25af44e66472dbbd00e79ee72cfca5f61dc13791,2017-03,Sussex Police,Sussex Police,-0.126943,50.824979,On or near West Drive,E01016949,Brighton and Hove 030E,Burglary,Action to be taken by another organisation,
7d278c040ac9282a7c838fdb654acee0346aa687ce9952e497ff7f073e1c5dcc,2017-03,Sussex Police,Sussex Police,-0.128731,50.821095,On or near St Mary'S Place,E01016949,Brighton and Hove 030E,Criminal damage and arson,Investigation complete; no suspect identified,
11ea88769ca83a23b579aa150398c4546936b91964f6270fd6863f1e8cf22c21,2017-03,Sussex Police,Sussex Police,-0.128065,50.822487,On or near Tillstone Street,E01016949,Brighton and Hove 030E,Drugs,Unable to prosecute suspect,
fe6b798a2f86711873be14674e176c02303229c45421c0f5b8f861b900b37924,2017-03,Sussex Police,Sussex Police,-0.130219,50.822936,On or near Thames Close,E01016949,Brighton and Hove 030E,Drugs,Court result unavailable,
607ce9eb46dda05ec9ec35ca197280d3dea64a2065d379ece6b43cff4f3211da,2017-03,Sussex Police,Sussex Police,-0.130219,50.822936,On or near Thames Close,E01016949,Brighton and Hove 030E,Other theft,Unable to prosecute suspect,
774c2fc853e79cc6bcc94e7537d50ac6d27056ebdaef39e28c7ae747613db55f,2017-03,Sussex Police,Sussex Police,-0.129839,50.822507,On or near Mount Pleasant,E01016949,Brighton and Hove 030E,Other theft,Investigation complete; no suspect identified,
76f319281c2df81f7be7d9b7212cf9330fd93d30a9c069de4c4abc4126e77753,2017-03,Sussex Police,Sussex Police,-0.129839,50.822507,On or near Mount Pleasant,E01016949,Brighton and Hove 030E,Public order,Further investigation is not in the public interest,
a6a13441ba440b1e42d583170e5b84c35765258e1ba612b83d8dccac7deab38a,2017-03,Sussex Police,Sussex Police,-0.130219,50.822936,On or near Thames Close,E01016949,Brighton and Hove 030E,Public order,Investigation complete; no suspect identified,
3e33b60b8ed4939f3df5478cfeb68de10351f5d3e24b4b648b58948c01d5e8ac,2017-03,Sussex Police,Sussex Police,-0.130219,50.822936,On or near Thames Close,E01016949,Brighton and Hove 030E,Public order,Unable to prosecute suspect,
795838b9522e6d08fba7f2f239e32805ba9bed7a29dd92d342be12c4f0fd6863,2017-03,Sussex Police,Sussex Police,-0.125593,50.822879,On or near Freshfield Place,E01016949,Brighton and Hove 030E,Public order,Further investigation is not in the public interest,
2d28880634efac181e211eb8885f389e0eca3756923a9e6310ad66cd199334e2,2017-03,Sussex Police,Sussex Police,-0.129839,50.822507,On or near Mount Pleasant,E01016949,Brighton and Hove 030E,Robbery,Investigation complete; no suspect identified,
00397ffb94487ac0ca3a7026686455e1c3e5bc733592fabff90778650549b656,2017-03,Sussex Police,Sussex Police,-0.128570,50.820517,On or near Lavender Street,E01016949,Brighton and Hove 030E,Theft from the person,Investigation complete; no suspect identified,
cbbcafdc0e260221123e4c5d7cd69502ce1bc53f39857d1424b21817a618998c,2017-03,Sussex Police,Sussex Police,-0.129839,50.822507,On or near Mount Pleasant,E01016949,Brighton and Hove 030E,Violence and sexual offences,Unable to prosecute suspect,
33534c9d706f2fb88e937fa4eb43278477cd55d881cdfafecca19dbeebf52502,2017-03,Sussex Police,Sussex Police,-0.128065,50.822487,On or near Tillstone Street,E01016949,Brighton and Hove 030E,Violence and sexual offences,Status update unavailable,
f32a2134209f39d3bc4855d515dec67c7661f93c30c063f624454d39ef30cffa,2017-03,Sussex Police,Sussex Police,-0.125593,50.822879,On or near Freshfield Place,E01016949,Brighton and Hove 030E,Violence and sexual offences,Further investigation is not in the public interest,
28cf1b71a1d23e4e86b0a9235025567c30c09c35cd8f7643139713192ef64a23,2017-03,Sussex Police,Sussex Police,-0.130219,50.822936,On or near Thames Close,E01016949,Brighton and Hove 030E,Violence and sexual offences,Formal action is not in the public interest,
a21c1ebcb8669306e8a721a4f46293574f21b4b313df759abe429dcbbaf98d22,2017-03,Sussex Police,Sussex Police,-0.130937,50.822398,On or near Grosvenor Street,E01016949,Brighton and Hove 030E,Violence and sexual offences,Unable to prosecute suspect,
d318bcd5d8fe88c9411ee21c3a4288cdfc5026bd06817159c713076f5a8ba7f5,2017-03,Sussex Police,Sussex Police,-0.130219,50.822936,On or near Thames Close,E01016949,Brighton and Hove 030E,Violence and sexual offences,Formal action is not in the public interest,
e62d42be08569eb2a64774341f2300d930f5ea6eded8cc69c0af854a7226ca49,2017-03,Sussex Police,Sussex Police,-0.131387,50.823566,On or near Carlton Hill,E01016949,Brighton and Hove 030E,Violence and sexual offences,Investigation complete; no suspect identified,
3371ae418585ea10516e0e2ec6dd646854314b25c5bd75dcdce5a219c653802b,2017-03,Sussex Police,Sussex Police,-0.128570,50.820517,On or near Lavender Street,E01016949,Brighton and Hove 030E,Violence and sexual offences,Offender given community sentence,
eb40909273100a2295c6b349f1a11400657999cb2ab240b319599142f2af1207,2017-03,Sussex Police,Sussex Police,-0.128731,50.821095,On or near St Mary'S Place,E01016949,Brighton and Hove 030E,Violence and sexual offences,Unable to prosecute suspect,
3101e836828ba232653bbff9ca39e8719996d14072ea7eba9456b1547d311c50,2017-03,Sussex Police,Sussex Police,-0.129939,50.823552,On or near Marine View,E01016949,Brighton and Hove 030E,Violence and sexual offences,Offender given a caution,
52e7a0a96031d48096f859312eac6a6602ad46260471ba3cf1eaaaee16ab28b7,2017-03,Sussex Police,Sussex Police,-0.123478,50.826056,On or near North Drive,E01016949,Brighton and Hove 030E,Other crime,Further investigation is not in the public interest,
,2017-03,Sussex Police,Sussex Police,-0.116772,50.817332,On or near St George'S Road,E01016861,Brighton and Hove 031A,Anti-social behaviour,,
,2017-03,Sussex Police,Sussex Police,-0.115295,50.816283,On or near Clarendon Terrace,E01016861,Brighton and Hove 031A,Anti-social behaviour,,
58c6a9de1a6be446aed61277f4feecf70f1d963a87a361c266dc38111c65b72b,2017-03,Sussex Police,Sussex Police,-0.117655,50.816906,On or near Belgrave Place,E01016861,Brighton and Hove 031A,Bicycle theft,Investigation complete; no suspect identified,
40fb6f81110fe2054807cc2d1679cdd45d39c2a75a06c0418d7e690091f5632f,2017-03,Sussex Police,Sussex Police,-0.120495,50.818310,On or near St George'S Road,E01016861,Brighton and Hove 031A,Bicycle theft,Investigation complete; no suspect identified,
67491f9e2a25aa72222f9330b2847020d5486fd365cbf938c72689c2be216658,2017-03,Sussex Police,Sussex Police,-0.118482,50.817522,On or near Eastern Terrace Mews,E01016861,Brighton and Hove 031A,Other theft,Status update unavailable,
e316dc94f3a610d9f179aea0c74d10ab679141b7bb098b1cb64e94b3640cc5e2,2017-03,Sussex Police,Sussex Police,-0.115295,50.816283,On or near Clarendon Terrace,E01016861,Brighton and Hove 031A,Other theft,Investigation complete; no suspect identified,
a72dec53cdb408cf82c88569b9ecc25f2bb209a69ebe2990b1768ceffe803026,2017-03,Sussex Police,Sussex Police,-0.115532,50.816755,On or near Chesham Place,E01016861,Brighton and Hove 031A,Other theft,Investigation complete; no suspect identified,
75e09e7b50770a60419a8341498a7f7afca8e4b7aaa2443e18138baccbd6dd0b,2017-03,Sussex Police,Sussex Police,-0.115532,50.816755,On or near Chesham Place,E01016861,Brighton and Hove 031A,Public order,Further investigation is not in the public interest,
9fd58df9069e2f80d7682149d43b9825cac9dcf02902d2a27b864e0edf383737,2017-03,Sussex Police,Sussex Police,-0.115295,50.816283,On or near Clarendon Terrace,E01016861,Brighton and Hove 031A,Robbery,Investigation complete; no suspect identified,
27e7b310292d186e87144e7fa87efb6fb21556ec1a251921f11ea75af45dc09e,2017-03,Sussex Police,Sussex Police,-0.118985,50.818078,On or near Paston Place,E01016861,Brighton and Hove 031A,Theft from the person,Investigation complete; no suspect identified,
7f0d579f78fc06af1397d391df03375ad6b50d2442c10bc6440ffeb16311fdbd,2017-03,Sussex Police,Sussex Police,-0.116829,50.818035,On or near Sudeley Place,E01016861,Brighton and Hove 031A,Vehicle crime,Investigation complete; no suspect identified,
a97a7476565a7ab25328f078d2b5791c1633fe47628ca2d5afbfe060f780ae49,2017-03,Sussex Police,Sussex Police,-0.117655,50.816906,On or near Belgrave Place,E01016861,Brighton and Hove 031A,Vehicle crime,Court result unavailable,
a8d766007f137e146c59dfa6a052e28a379c12324d4b92795a165467dd82acdd,2017-03,Sussex Police,Sussex Police,-0.118482,50.817522,On or near Eastern Terrace Mews,E01016861,Brighton and Hove 031A,Violence and sexual offences,Investigation complete; no suspect identified,
b0f9710517304b0c019f4a161542ed17382fd2765260bbba0a4c2a5dcb4dc4b2,2017-03,Sussex Police,Sussex Police,-0.117655,50.816906,On or near Belgrave Place,E01016861,Brighton and Hove 031A,Violence and sexual offences,Unable to prosecute suspect,
4c86d4d32bdf95bd3c91cc1c12d8c4831cc5e7115bb3bfa07b11b1edd9cb0389,2017-03,Sussex Police,Sussex Police,-0.117655,50.816906,On or near Belgrave Place,E01016861,Brighton and Hove 031A,Violence and sexual offences,Unable to prosecute suspect,
cd0233cd5bf31196088ded657f7088b130b47b447a8fe97fe73c8ab56778aebd,2017-03,Sussex Police,Sussex Police,-0.117655,50.816906,On or near Belgrave Place,E01016861,Brighton and Hove 031A,Violence and sexual offences,Defendant found not guilty,
,2017-03,Sussex Police,Sussex Police,-0.118177,50.819459,On or near Hospital,E01016862,Brighton and Hove 031B,Anti-social behaviour,,
,2017-03,Sussex Police,Sussex Police,-0.118177,50.819459,On or near Hospital,E01016862,Brighton and Hove 031B,Anti-social behaviour,,
,2017-03,Sussex Police,Sussex Police,-0.122316,50.818914,On or near Supermarket,E01016862,Brighton and Hove 031B,Anti-social behaviour,,
,2017-03,Sussex Police,Sussex Police,-0.122316,50.818914,On or near Supermarket,E01016862,Brighton and Hove 031B,Anti-social behaviour,,
,2017-03,Sussex Police,Sussex Police,-0.122316,50.818914,On or near Supermarket,E01016862,Brighton and Hove 031B,Anti-social behaviour,,
,2017-03,Sussex Police,Sussex Police,-0.122316,50.818914,On or near Supermarket,E01016862,Brighton and Hove 031B,Anti-social behaviour,,
75a9c1df375ef6c0b3fe4306c428feb273efe7086ef7c10e7c01c41bede679a4,2017-03,Sussex Police,Sussex Police,-0.117351,50.818457,On or near Upper Sudeley Street,E01016862,Brighton and Hove 031B,Bicycle theft,Investigation complete; no suspect identified,
f3361aee75b4d5b226253076a8a7e37abd9232a4c185a29caf4820e9107a954b,2017-03,Sussex Police,Sussex Police,-0.122009,50.818064,On or near Marine Square,E01016862,Brighton and Hove 031B,Burglary,Investigation complete; no suspect identified,
511749dae3bcb59b0e24bc59a70ae3b8958738a2f1d365b58dd7b8eed90fb942,2017-03,Sussex Police,Sussex Police,-0.122009,50.818064,On or near Marine Square,E01016862,Brighton and Hove 031B,Other theft,Investigation complete; no suspect identified,
fa98b8df8feb898537ce50beaab1d5c3fc777709a1ebf1db34661e3e37fb494e,2017-03,Sussex Police,Sussex Police,-0.118861,50.820109,On or near Upper Abbey Road,E01016862,Brighton and Hove 031B,Other theft,Investigation complete; no suspect identified,
1b490672253bb88aba3e6ae3f7c2256b19553b84576818d4becf10685bdbd17d,2017-03,Sussex Police,Sussex Police,-0.117351,50.818457,On or near Upper Sudeley Street,E01016862,Brighton and Hove 031B,Other theft,Investigation complete; no suspect identified,
41b6a27e484983274969ca25533d3b15266729ccffcf53c67824c281113e896c,2017-03,Sussex Police,Sussex Police,-0.122009,50.818064,On or near Marine Square,E01016862,Brighton and Hove 031B,Other theft,Investigation complete; no suspect identified,
01126bcfd4c684a1fadc8ba53fb6f8d61be405f2d9daaaf05eef30f81d258003,2017-03,Sussex Police,Sussex Police,-0.122009,50.818064,On or near Marine Square,E01016862,Brighton and Hove 031B,Other theft,Investigation complete; no suspect identified,
a8049ec7355180753a2213e36004ff3d864d7459f6c1d92abb60184a1e6545e3,2017-03,Sussex Police,Sussex Police,-0.118177,50.819459,On or near Hospital,E01016862,Brighton and Hove 031B,Other theft,Investigation complete; no suspect identified,
97e311ad2abb86de2e177ffb238ba972a1283b677572cac885303cb8e533271d,2017-03,Sussex Police,Sussex Police,-0.122009,50.818064,On or near Marine Square,E01016862,Brighton and Hove 031B,Other theft,Investigation complete; no suspect identified,
6d88efa65c129b13199e47a145af58bbd813505bf9c653a715ca4827acc0f984,2017-03,Sussex Police,Sussex Police,-0.118177,50.819459,On or near Hospital,E01016862,Brighton and Hove 031B,Other theft,Investigation complete; no suspect identified,
b721bbb2ca8ce417cd2b08b21aee0a0f0dbe770ab0f5b060cad34c0696efd91c,2017-03,Sussex Police,Sussex Police,-0.122009,50.818064,On or near Marine Square,E01016862,Brighton and Hove 031B,Other theft,Investigation complete; no suspect identified,
e35c8f5fdfeb08748addd5708552760cd7342765f9607d787c5893cc789b638d,2017-03,Sussex Police,Sussex Police,-0.120045,50.820317,On or near Bellevue Gardens,E01016862,Brighton and Hove 031B,Other theft,Investigation complete; no suspect identified,
bc887ec8ee12e3a91a431c1e9a37cefce7ac70afc1e928fd0db91fa5ab13078e,2017-03,Sussex Police,Sussex Police,-0.122009,50.818064,On or near Marine Square,E01016862,Brighton and Hove 031B,Other theft,Investigation complete; no suspect identified,
45012add752a1a1da0c95389232facf15ef3f212df1d55e0e0178959093d2ab5,2017-03,Sussex Police,Sussex Police,-0.118177,50.819459,On or near Hospital,E01016862,Brighton and Hove 031B,Other theft,Investigation complete; no suspect identified,
5ad5200499b73614f4c815410f54baa0598c9574be18d8dc68d0072f2d6629f9,2017-03,Sussex Police,Sussex Police,-0.118177,50.819459,On or near Hospital,E01016862,Brighton and Hove 031B,Other theft,Investigation complete; no suspect identified,
581c58b4287d92ffa9b70c7aa399df91e9281ec14927b8eb9e43205a2e162439,2017-03,Sussex Police,Sussex Police,-0.118177,50.819459,On or near Hospital,E01016862,Brighton and Hove 031B,Public order,Unable to prosecute suspect,
f475934b629d8c5be479c1df16bd77597ea56e3441652f4aa9256dd1a498913c,2017-03,Sussex Police,Sussex Police,-0.118177,50.819459,On or near Hospital,E01016862,Brighton and Hove 031B,Public order,Unable to prosecute suspect,
bae48edf8a133951e6cfd049833385008e8ba5e779184182df42af0679fc32be,2017-03,Sussex Police,Sussex Police,-0.118177,50.819459,On or near Hospital,E01016862,Brighton and Hove 031B,Public order,Court result unavailable,
80bc5163a26be2501de218798a1ea618f85f963987112e369e698dde48961aad,2017-03,Sussex Police,Sussex Police,-0.118177,50.819459,On or near Hospital,E01016862,Brighton and Hove 031B,Public order,Status update unavailable,
85638f833e363456a24619339b869048f888dee575d9e8c1c4529fd7528310e0,2017-03,Sussex Police,Sussex Police,-0.122009,50.818064,On or near Marine Square,E01016862,Brighton and Hove 031B,Theft from the person,Investigation complete; no suspect identified,
a9e485077919d59d7b961d7882a994b8aa00f564cc345ff7f162d078e0ae3ff1,2017-03,Sussex Police,Sussex Police,-0.122009,50.818064,On or near Marine Square,E01016862,Brighton and Hove 031B,Theft from the person,Investigation complete; no suspect identified,
39c4cdf543215af83e1ec5a8d7ec461ee356e3a05ac099e3112324f577d811e1,2017-03,Sussex Police,Sussex Police,-0.122009,50.818064,On or near Marine Square,E01016862,Brighton and Hove 031B,Theft from the person,Investigation complete; no suspect identified,
66f59f54c3cd7f7fd3f7d9582746df2146ffd22f3f9b25f09946b9babeddf381,2017-03,Sussex Police,Sussex Police,-0.122009,50.818064,On or near Marine Square,E01016862,Brighton and Hove 031B,Theft from the person,Investigation complete; no suspect identified,
b4439295fc34d27f94cbadc1a288492d92f9bb63e3da838c54fb5ca0ad1ad103,2017-03,Sussex Police,Sussex Police,-0.122009,50.818064,On or near Marine Square,E01016862,Brighton and Hove 031B,Theft from the person,Investigation complete; no suspect identified,
67da5e632f684aade82dc369ae00c6af0f276dd1cddc3643c79b6b1028110b69,2017-03,Sussex Police,Sussex Police,-0.122009,50.818064,On or near Marine Square,E01016862,Brighton and Hove 031B,Theft from the person,Investigation complete; no suspect identified,
d0151a22fcbfe2cb567941e63d8152f3af3464fa36fc8a696838537da6a8d1e4,2017-03,Sussex Police,Sussex Police,-0.121632,50.818984,On or near Bloomsbury Street,E01016862,Brighton and Hove 031B,Vehicle crime,Investigation complete; no suspect identified,
9c2633f67cc5a5217de0fdf52219207b47f3ee8a2822845f78ede776bc39e050,2017-03,Sussex Police,Sussex Police,-0.118177,50.819459,On or near Hospital,E01016862,Brighton and Hove 031B,Violence and sexual offences,Unable to prosecute suspect,
82d916e55bfa2966772d47cdba4faab3ac479cae39a8af41f532107c4f712d83,2017-03,Sussex Police,Sussex Police,-0.118177,50.819459,On or near Hospital,E01016862,Brighton and Hove 031B,Violence and sexual offences,Court result unavailable,
e1d0a84f7e282e23f15559022139c78f5c4d837ef145c143e1dbbad54b0bd10f,2017-03,Sussex Police,Sussex Police,-0.118177,50.819459,On or near Hospital,E01016862,Brighton and Hove 031B,Violence and sexual offences,Unable to prosecute suspect,
6d385d80d38591973b00540d164c933e403fa1524c47e8f7487c6cee33e432b6,2017-03,Sussex Police,Sussex Police,-0.118177,50.819459,On or near Hospital,E01016862,Brighton and Hove 031B,Violence and sexual offences,Investigation complete; no suspect identified,
89bc069273de7f78e55705f091d6b8dfc36794ba82a261210af39979fc76fa32,2017-03,Sussex Police,Sussex Police,-0.118177,50.819459,On or near Hospital,E01016862,Brighton and Hove 031B,Violence and sexual offences,Court result unavailable,
35e07b1f982904c12a7d06c878f7694bad0699e06439a2f37c7881d104110bdc,2017-03,Sussex Police,Sussex Police,-0.118177,50.819459,On or near Hospital,E01016862,Brighton and Hove 031B,Violence and sexual offences,Offender given conditional discharge,
38e992faab6cc908df256b523c8d9d0a49e2d06628bb93338c5a61e1f024247d,2017-03,Sussex Police,Sussex Police,-0.118177,50.819459,On or near Hospital,E01016862,Brighton and Hove 031B,Violence and sexual offences,Offender given a caution,
,2017-03,Sussex Police,Sussex Police,-0.126732,50.821387,On or near Eastern Road,E01016942,Brighton and Hove 031C,Anti-social behaviour,,
,2017-03,Sussex Police,Sussex Police,-0.126138,50.820262,On or near Upper Bedford Street,E01016942,Brighton and Hove 031C,Anti-social behaviour,,
,2017-03,Sussex Police,Sussex Police,-0.124836,50.820502,On or near Somerset Street,E01016942,Brighton and Hove 031C,Anti-social behaviour,,
,2017-03,Sussex Police,Sussex Police,-0.124836,50.820502,On or near Somerset Street,E01016942,Brighton and Hove 031C,Anti-social behaviour,,
f8a6ade6b31fddeeed04e09ba8979ff4baebf3f9615ce6c778a52d106e194b47,2017-03,Sussex Police,Sussex Police,-0.124836,50.820502,On or near Somerset Street,E01016942,Brighton and Hove 031C,Bicycle theft,Investigation complete; no suspect identified,
fcc4e7458d94a0a49752c0248facbbaa1a1b145f131ee237f7d2e7731757f417,2017-03,Sussex Police,Sussex Police,-0.126138,50.820262,On or near Upper Bedford Street,E01016942,Brighton and Hove 031C,Burglary,Unable to prosecute suspect,
8395ca757bf84ce648a4b020f4ba6017f43276e919fb2d0313928b6210bc0c9f,2017-03,Sussex Police,Sussex Police,-0.126138,50.820262,On or near Upper Bedford Street,E01016942,Brighton and Hove 031C,Burglary,Unable to prosecute suspect,
43153aa4d632e323f1ed0fdf0143aae08a8a187a3a4736a0f040cb21afa57061,2017-03,Sussex Police,Sussex Police,-0.124836,50.820502,On or near Somerset Street,E01016942,Brighton and Hove 031C,Other theft,Unable to prosecute suspect,
be3c1fead58ad6d8d2d8ea5f4c63fc114ea21ed3979ce8e52d86339b04503b13,2017-03,Sussex Police,Sussex Police,-0.124836,50.820502,On or near Somerset Street,E01016942,Brighton and Hove 031C,Violence and sexual offences,Further investigation is not in the public interest,
e4cae18bc55ca1b7325f288ed08f02154f41cd632c6342e5c9501b5f2decac52,2017-03,Sussex Police,Sussex Police,-0.127049,50.820924,On or near Hereford Street,E01016942,Brighton and Hove 031C,Violence and sexual offences,Unable to prosecute suspect,
dd247d8b40cfeefb8205ab7633c4ea3b8f52c7d957ee5de466a10b3cd6ef0a5d,2017-03,Sussex Police,Sussex Police,-0.123207,50.822184,On or near Stevenson Road,E01016943,Brighton and Hove 031D,Burglary,Investigation complete; no suspect identified,
bd23593fb206fbf121d69fdc39928b77dcf003f7733e54fdb4b82c54aaba3d3d,2017-03,Sussex Police,Sussex Police,-0.120126,50.822899,On or near College Terrace,E01016943,Brighton and Hove 031D,Criminal damage and arson,Investigation complete; no suspect identified,
003d0267a16abc4c95a5f7128b5ab7562bbd92bb09c57eb5e95ac25f2d0dbc47,2017-03,Sussex Police,Sussex Police,-0.123794,50.824541,On or near East Drive,E01016943,Brighton and Hove 031D,Other theft,Investigation complete; no suspect identified,
43f28ca63ccea5ee5ba8126df6cd29425a5b9519d374d521787d461ab3ba8675,2017-03,Sussex Police,Sussex Police,-0.121533,50.822868,On or near Sutherland Road,E01016943,Brighton and Hove 031D,Public order,Unable to prosecute suspect,
1bbdb8d892db0d9e660306d05df4eaad3760178999d2d5f7071a3c0435a71fb2,2017-03,Sussex Police,Sussex Police,-0.123794,50.824541,On or near East Drive,E01016943,Brighton and Hove 031D,Vehicle crime,Investigation complete; no suspect identified,
,2017-03,Sussex Police,Sussex Police,-0.126670,50.819380,On or near Bristol Road,E01016944,Brighton and Hove 031E,Anti-social behaviour,,
,2017-03,Sussex Police,Sussex Police,-0.122126,50.819397,On or near College Place,E01016944,Brighton and Hove 031E,Anti-social behaviour,,
,2017-03,Sussex Police,Sussex Police,-0.124016,50.820066,On or near Montague Place,E01016944,Brighton and Hove 031E,Anti-social behaviour,,
,2017-03,Sussex Police,Sussex Police,-0.122126,50.819397,On or near College Place,E01016944,Brighton and Hove 031E,Anti-social behaviour,,
,2017-03,Sussex Police,Sussex Police,-0.125353,50.819665,On or near St George'S Terrace,E01016944,Brighton and Hove 031E,Anti-social behaviour,,
,2017-03,Sussex Police,Sussex Police,-0.125353,50.819665,On or near St George'S Terrace,E01016944,Brighton and Hove 031E,Anti-social behaviour,,
,2017-03,Sussex Police,Sussex Police,-0.126945,50.818899,On or near Bedford Street,E01016944,Brighton and Hove 031E,Anti-social behaviour,,
,2017-03,Sussex Police,Sussex Police,-0.136492,50.819097,On or near Theme/Adventure Park,E01016944,Brighton and Hove 031E,Anti-social behaviour,,
,2017-03,Sussex Police,Sussex Police,-0.128044,50.819114,On or near Charlotte Street,E01016944,Brighton and Hove 031E,Anti-social behaviour,,
,2017-03,Sussex Police,Sussex Police,-0.127523,50.819007,On or near Marine Gardens,E01016944,Brighton and Hove 031E,Anti-social behaviour,,
,2017-03,Sussex Police,Sussex Police,-0.132609,50.819260,On or near Nightclub,E01016944,Brighton and Hove 031E,Anti-social behaviour,,
,2017-03,Sussex Police,Sussex Police,-0.124188,50.818612,On or near Burlington Street,E01016944,Brighton and Hove 031E,Anti-social behaviour,,
,2017-03,Sussex Police,Sussex Police,-0.132609,50.819260,On or near Nightclub,E01016944,Brighton and Hove 031E,Anti-social behaviour,,
,2017-03,Sussex Police,Sussex Police,-0.124016,50.820066,On or near Montague Place,E01016944,Brighton and Hove 031E,Anti-social behaviour,,
,2017-03,Sussex Police,Sussex Police,-0.124683,50.818296,On or near Royal Crescent Mews,E01016944,Brighton and Hove 031E,Anti-social behaviour,,
,2017-03,Sussex Police,Sussex Police,-0.125353,50.819665,On or near St George'S Terrace,E01016944,Brighton and Hove 031E,Anti-social behaviour,,
239491e7a344aaba2da378ba31ce38b09c538540430e411b7f76a2ec6e213b95,2017-03,Sussex Police,Sussex Police,-0.122948,50.819788,On or near College Road,E01016944,Brighton and Hove 031E,Bicycle theft,Unable to prosecute suspect,
f5da32e0bb4eeaa93bdad6e4a22071a182de7c44adbab0bbce82a4e0223ee83f,2017-03,Sussex Police,Sussex Police,-0.132609,50.819260,On or near Nightclub,E01016944,Brighton and Hove 031E,Bicycle theft,Investigation complete; no suspect identified,
acb1d081b6864e98570d18aad3d2b16ebcaaf40f7522963737328646b9306f22,2017-03,Sussex Police,Sussex Police,-0.124016,50.820066,On or near Montague Place,E01016944,Brighton and Hove 031E,Bicycle theft,Investigation complete; no suspect identified,
c40ebf1c6a57e78155ded0f457b16fa63a56ac2240c52977ee7b309fd2edcdcb,2017-03,Sussex Police,Sussex Police,-0.128044,50.819114,On or near Charlotte Street,E01016944,Brighton and Hove 031E,Burglary,Investigation complete; no suspect identified,
4c5aa7286b1a742cee8850e75562ef3ac7b83de1bf96520a26071919a47b96c1,2017-03,Sussex Police,Sussex Police,-0.126670,50.819380,On or near Bristol Road,E01016944,Brighton and Hove 031E,Criminal damage and arson,Offender ordered to pay compensation,
ed92faba20c23b12f75769af47ffcc310ee0d2c337e64595f71a02a52ff3d398,2017-03,Sussex Police,Sussex Police,-0.123983,50.819832,On or near Telegraph Street,E01016944,Brighton and Hove 031E,Criminal damage and arson,Investigation complete; no suspect identified,
0c485cb1fcd5c2185de83d684c8ae639038f33c542c28f399ded1726bb444277,2017-03,Sussex Police,Sussex Police,-0.136492,50.819097,On or near Theme/Adventure Park,E01016944,Brighton and Hove 031E,Drugs,Court result unavailable,
802d726a6bceda5a88f0daf7cd8be112e5d53880402cdd57eb59c7f90b1337f9,2017-03,Sussex Police,Sussex Police,-0.136492,50.819097,On or near Theme/Adventure Park,E01016944,Brighton and Hove 031E,Drugs,Unable to prosecute suspect,
8a8f8cd9678499876158a18e6a548dd255611900bcdbf4077c668e75b24fd7f5,2017-03,Sussex Police,Sussex Police,-0.132609,50.819260,On or near Nightclub,E01016944,Brighton and Hove 031E,Other theft,Status update unavailable,
e35467e096e805158fe6d52bd32fe42d32494c32f52dacf73781caf9d6a201e9,2017-03,Sussex Police,Sussex Police,-0.136492,50.819097,On or near Theme/Adventure Park,E01016944,Brighton and Hove 031E,Other theft,Investigation complete; no suspect identified,
21de6909ab139d88d3aa141d064abe1acca9e74ef54254f0344f38adb3d7615a,2017-03,Sussex Police,Sussex Police,-0.126367,50.819861,On or near St George'S Terrace,E01016944,Brighton and Hove 031E,Other theft,Status update unavailable,
a7cb5216fcda23dad37ec250a36ddbb7e3eb22a30c4c574356a824ef1d20293d,2017-03,Sussex Police,Sussex Police,-0.123124,50.818235,On or near Bloomsbury Place,E01016944,Brighton and Hove 031E,Other theft,Investigation complete; no suspect identified,
d9b9956a34a97b3f696683bb11d8a27c8981fce0569bb74464dc31e8c924df8d,2017-03,Sussex Police,Sussex Police,-0.136492,50.819097,On or near Theme/Adventure Park,E01016944,Brighton and Hove 031E,Other theft,Investigation complete; no suspect identified,
90b31b3d9ed630eeb9d9e71d026b294ea7225873e57efe6d752f517a65e37826,2017-03,Sussex Police,Sussex Police,-0.132609,50.819260,On or near Nightclub,E01016944,Brighton and Hove 031E,Possession of weapons,Offender given suspended prison sentence,
0b1b642c28193aa42d626d5c4ac3a4bb4778c4a86e4d7e510c3e69dd7337196f,2017-03,Sussex Police,Sussex Police,-0.136492,50.819097,On or near Theme/Adventure Park,E01016944,Brighton and Hove 031E,Possession of weapons,Unable to prosecute suspect,
17d40a62b5a808eaf40636550dd1f561697e9a75ed4d1d4f291da82714802b18,2017-03,Sussex Police,Sussex Police,-0.124683,50.818296,On or near Royal Crescent Mews,E01016944,Brighton and Hove 031E,Public order,Status update unavailable,
d421dc6da06d73f51c241abede58b27e0ae0979864600f8ee58789a5dc186c67,2017-03,Sussex Police,Sussex Police,-0.123983,50.819832,On or near Telegraph Street,E01016944,Brighton and Hove 031E,Public order,Unable to prosecute suspect,
51fd2f3ec57ba0b33b30de17a421ca0d58ebba18d92d6f24dc931d439edc2cc9,2017-03,Sussex Police,Sussex Police,-0.128044,50.819114,On or near Charlotte Street,E01016944,Brighton and Hove 031E,Theft from the person,Investigation complete; no suspect identified,
01b14268de0adf82a3e47586d3600ef22709b623e352ab39ed1aad663e50ca78,2017-03,Sussex Police,Sussex Police,-0.122396,50.819761,On or near Clarendon Place,E01016944,Brighton and Hove 031E,Vehicle crime,Investigation complete; no suspect identified,
8a492b807fdf2bc39066c5c36ffc1c72a87d47cc49fd373d6d2a9fb3f2b81036,2017-03,Sussex Police,Sussex Police,-0.125353,50.819665,On or near St George'S Terrace,E01016944,Brighton and Hove 031E,Vehicle crime,Unable to prosecute suspect,
0179195c7c71cda6479e8644648d1e1a75d162ef927896c4d61bb901fe069f3d,2017-03,Sussex Police,Sussex Police,-0.124188,50.818612,On or near Burlington Street,E01016944,Brighton and Hove 031E,Violence and sexual offences,Unable to prosecute suspect,
eb997e6dbb6bbd6f3947a307216b52df1a8371cef9c972a0035599e125020f15,2017-03,Sussex Police,Sussex Police,-0.125353,50.819665,On or near St George'S Terrace,E01016944,Brighton and Hove 031E,Violence and sexual offences,Unable to prosecute suspect,
fb8e8de2e30d0b04de30d95cafc2134510025c038f7ef6c46be56791edbcac3b,2017-03,Sussex Police,Sussex Police,-0.136492,50.819097,On or near Theme/Adventure Park,E01016944,Brighton and Hove 031E,Violence and sexual offences,Investigation complete; no suspect identified,
fd5f251cc74cb1fd2c069a81466f113f0bdb2ecc913dfc61831c27e5fb0c8294,2017-03,Sussex Police,Sussex Police,-0.136492,50.819097,On or near Theme/Adventure Park,E01016944,Brighton and Hove 031E,Violence and sexual offences,Unable to prosecute suspect,
0db0087345fed38e7340020adc7c881d3261c9071e0158861d37672fae02f49d,2017-03,Sussex Police,Sussex Police,-0.128523,50.819212,On or near Wyndham Street,E01016944,Brighton and Hove 031E,Violence and sexual offences,Unable to prosecute suspect,
6aa0212310df52d030aa429b3b703a1d1d4cbfe25ac03900908690a37c8c0399,2017-03,Sussex Police,Sussex Police,-0.124016,50.820066,On or near Montague Place,E01016944,Brighton and Hove 031E,Violence and sexual offences,Status update unavailable,
5de941560fcb4719cdd419c345ae21e87d767f9891f9e92a9b8cc873c9e83a36,2017-03,Sussex Police,Sussex Police,-0.128044,50.819114,On or near Charlotte Street,E01016944,Brighton and Hove 031E,Violence and sexual offences,Unable to prosecute suspect,
985788e695ae15b43b5ceb7d549058eef0d2c5ef0b664abfd428cbe3f479bb53,2017-03,Sussex Police,Sussex Police,-0.136492,50.819097,On or near Theme/Adventure Park,E01016944,Brighton and Hove 031E,Violence and sexual offences,Investigation complete; no suspect identified,
73d44bbe0cbe74c57be034cca72e95cde71c3e5fa8a42f8945db92d716aea118,2017-03,Sussex Police,Sussex Police,-0.126670,50.819380,On or near Bristol Road,E01016944,Brighton and Hove 031E,Violence and sexual offences,Unable to prosecute suspect,
d2464c0145e9d83f00e7d554d7e14863ca7f19fb6b2c3a98c51a09695004fd77,2017-03,Sussex Police,Sussex Police,-0.124683,50.818296,On or near Royal Crescent Mews,E01016944,Brighton and Hove 031E,Violence and sexual offences,Defendant found not guilty,
9dc99b0973840255f749472d5eae97a90d51e24c96af475dafa7a570e3eec602,2017-03,Sussex Police,Sussex Police,-0.127523,50.819007,On or near Marine Gardens,E01016944,Brighton and Hove 031E,Violence and sexual offences,Defendant found not guilty,
382af558a27d85a892c0d654e352ef017db9fd849f54f1067d6ed4de2af20068,2017-03,Sussex Police,Sussex Police,-0.136492,50.819097,On or near Theme/Adventure Park,E01016944,Brighton and Hove 031E,Violence and sexual offences,Unable to prosecute suspect,
82d7202e82de7578755dbb93fbd555ba7cedb1fac95048c0434393699cca90b9,2017-03,Sussex Police,Sussex Police,-0.128044,50.819114,On or near Charlotte Street,E01016944,Brighton and Hove 031E,Violence and sexual offences,Unable to prosecute suspect,
7ea24d6a79b38615c6b061d6fd5c0f0eb0e9e066367ea4b2819561f28f07b98c,2017-03,Sussex Police,Sussex Police,-0.122126,50.819397,On or near College Place,E01016944,Brighton and Hove 031E,Violence and sexual offences,Unable to prosecute suspect,
ab315613c4e25eedaf77f3c900264872c7d373c0ffc08ae170fafd834398263e,2017-03,Sussex Police,Sussex Police,-0.128044,50.819114,On or near Charlotte Street,E01016944,Brighton and Hove 031E,Violence and sexual offences,Defendant found not guilty,
,2017-03,Sussex Police,Sussex Police,-0.114655,50.817010,On or near Chichester Place,E01016863,Brighton and Hove 032A,Anti-social behaviour,,
,2017-03,Sussex Police,Sussex Police,-0.111121,50.818752,On or near Manor Road,E01016863,Brighton and Hove 032A,Anti-social behaviour,,
,2017-03,Sussex Police,Sussex Police,-0.114166,50.821049,On or near Donald Hall Road,E01016863,Brighton and Hove 032A,Anti-social behaviour,,
,2017-03,Sussex Police,Sussex Police,-0.114822,50.821690,On or near Slinfold Close,E01016863,Brighton and Hove 032A,Anti-social behaviour,,
,2017-03,Sussex Police,Sussex Police,-0.114761,50.817219,On or near Chesham Road,E01016863,Brighton and Hove 032A,Anti-social behaviour,,
ac6bd9e20031adab3bda9cada8383b9b5286f17444068aa22f54f3a3cff7dca2,2017-03,Sussex Police,Sussex Police,-0.115319,50.817794,On or near Chesham Street,E01016863,Brighton and Hove 032A,Burglary,Investigation complete; no suspect identified,
ba1cf8174f437615824d72b1d4e956a93c0fe6c5048ae40788f8afe1ebd67843,2017-03,Sussex Police,Sussex Police,-0.109595,50.820679,On or near Manor Gardens,E01016863,Brighton and Hove 032A,Criminal damage and arson,Investigation complete; no suspect identified,
b3b28c41ec20da98f72112fa6f9d593df4160c3ee2d05f13ca09042e046cabdf,2017-03,Sussex Police,Sussex Police,-0.112565,50.816743,On or near Rock Street,E01016863,Brighton and Hove 032A,Criminal damage and arson,Investigation complete; no suspect identified,
c52d690ae37eff3a8698082a924331430e017d068e151acd9caac6d23bb737c4,2017-03,Sussex Police,Sussex Police,-0.112503,50.817236,On or near Petrol Station,E01016863,Brighton and Hove 032A,Other theft,Investigation complete; no suspect identified,
d9557caf190877c20fdc789cf6a0d44bafc5a252e2f6eb322136548f7e3bcd93,2017-03,Sussex Police,Sussex Police,-0.113792,50.821538,On or near Beresford Road,E01016863,Brighton and Hove 032A,Possession of weapons,Unable to prosecute suspect,
0c51703d39f0f1817f6304014cf17f736e8071495980919c5fdc44376f04a183,2017-03,Sussex Police,Sussex Police,-0.110023,50.819921,On or near Manor Paddock,E01016863,Brighton and Hove 032A,Public order,Unable to prosecute suspect,
3b158dc33094cdcf9bdc794564b8bcb6817a2e88c5193181185d765f09481509,2017-03,Sussex Police,Sussex Police,-0.113357,50.820335,On or near Bowring Way,E01016863,Brighton and Hove 032A,Public order,Status update unavailable,
5b86a9474a7eaac939be9b25bc57be78f62408082e93cbcc1ba27166e2d285e5,2017-03,Sussex Police,Sussex Police,-0.114822,50.821690,On or near Slinfold Close,E01016863,Brighton and Hove 032A,Public order,Unable to prosecute suspect,
c807c23ca8f3bdee1dad0493fe9fa424afbba51c1ebb8ed2d6c84b0a29615a8c,2017-03,Sussex Police,Sussex Police,-0.113357,50.820335,On or near Bowring Way,E01016863,Brighton and Hove 032A,Public order,Further investigation is not in the public interest,
0e5294ad641aeaf6ac26a39de03345ff6d4689011beb7aae179d16c8044a226e,2017-03,Sussex Police,Sussex Police,-0.114166,50.821049,On or near Donald Hall Road,E01016863,Brighton and Hove 032A,Public order,Investigation complete; no suspect identified,
179c402c7f164ca72ac8500c915f5b7ffeb1cf364d766b9ce2f7f76cb9a94185,2017-03,Sussex Police,Sussex Police,-0.110192,50.821372,On or near Manor Road,E01016863,Brighton and Hove 032A,Public order,Further investigation is not in the public interest,
967f7a0e29ea34408b7f8611d1c538e96d6281cbbeb43e560e7b2555f488fd57,2017-03,Sussex Police,Sussex Police,-0.110192,50.821372,On or near Manor Road,E01016863,Brighton and Hove 032A,Public order,Offender given suspended prison sentence,
14e16a3a53ecf5d05fee9b9e7837d4c1adb37d5d319d5804417ce0a15342374f,2017-03,Sussex Police,Sussex Police,-0.112565,50.816743,On or near Rock Street,E01016863,Brighton and Hove 032A,Public order,Unable to prosecute suspect,
76eed0f1a869ead2882338e7557a3ed32b298bb70edcddda68570b892e95dab7,2017-03,Sussex Police,Sussex Police,-0.110192,50.821372,On or near Manor Road,E01016863,Brighton and Hove 032A,Vehicle crime,Unable to prosecute suspect,
8474a9cf9d3d47b13e744f0a0e9d8a0ae7fa95448376d2a0683afdb4d9bf3c13,2017-03,Sussex Police,Sussex Police,-0.112565,50.816743,On or near Rock Street,E01016863,Brighton and Hove 032A,Violence and sexual offences,Unable to prosecute suspect,
9ee8cd4b7910137b80891fbca6571099c4514cf35f55d75f8470b6341c5437f4,2017-03,Sussex Police,Sussex Police,-0.113357,50.820335,On or near Bowring Way,E01016863,Brighton and Hove 032A,Violence and sexual offences,Awaiting court outcome,
26ede4e1688a4120c5881d4c7378221c93418fb720fd278c67fd5803b5d19fe5,2017-03,Sussex Police,Sussex Police,-0.113788,50.820558,On or near Chadborn Close,E01016863,Brighton and Hove 032A,Violence and sexual offences,Investigation complete; no suspect identified,
ab645fe74335e2612a858e923991ef97ddcc16988e09a8ed25b01354aab645cf,2017-03,Sussex Police,Sussex Police,-0.112565,50.816743,On or near Rock Street,E01016863,Brighton and Hove 032A,Violence and sexual offences,Unable to prosecute suspect,
005f49d3101823bb8876a15c5dcaa9a4ea36c562fc678d3c8823cc5ad207fa9a,2017-03,Sussex Police,Sussex Police,-0.112565,50.816743,On or near Rock Street,E01016863,Brighton and Hove 032A,Violence and sexual offences,Unable to prosecute suspect,
5e01f0d175e28283667ed879ab856f905c2b1eada09f1c6dd50079b2c3d1e23f,2017-03,Sussex Police,Sussex Police,-0.114800,50.819423,On or near Bristol Gate,E01016863,Brighton and Hove 032A,Violence and sexual offences,Unable to prosecute suspect,
,2017-03,Sussex Police,Sussex Police,-0.107557,50.818415,On or near Bennett Road,E01016869,Brighton and Hove 032B,Anti-social behaviour,,
,2017-03,Sussex Police,Sussex Police,-0.105228,50.818440,On or near Bus/Coach Station,E01016869,Brighton and Hove 032B,Anti-social behaviour,,
2ee3a48e422decd51e1a3e24ea2e4be43e8b4a814d6275a44bb82eec14d19296,2017-03,Sussex Police,Sussex Police,-0.108295,50.818427,On or near Boyles Lane,E01016869,Brighton and Hove 032B,Other theft,Investigation complete; no suspect identified,
773b67381edeee81a6925a66d3399b3d122351c14b0f827a87c2009c9b431285,2017-03,Sussex Police,Sussex Police,-0.105580,50.818869,On or near Supermarket,E01016869,Brighton and Hove 032B,Other theft,Investigation complete; no suspect identified,
d844f447d7044cb81f2f7085a54b4560224599f666a2148ddd632e73d2b753ad,2017-03,Sussex Police,Sussex Police,-0.104859,50.818093,On or near Henley Road,E01016869,Brighton and Hove 032B,Public order,Investigation complete; no suspect identified,
a7418c9bae4a5448a057d28e1e91c9bc4793fb70e9e0eeefef96dba06f2b0b1a,2017-03,Sussex Police,Sussex Police,-0.106764,50.819769,On or near Manor Place,E01016869,Brighton and Hove 032B,Public order,Investigation complete; no suspect identified,
54cce088cb08bbffc8c0f68a65107adf75bd2fb0a144c5387fe2f227af88b7f1,2017-03,Sussex Police,Sussex Police,-0.105580,50.818869,On or near Supermarket,E01016869,Brighton and Hove 032B,Shoplifting,Court result unavailable,
cb61c65b73496a8ae6dbc42012cca46603781253086f41cf2c84cc8d44bd5453,2017-03,Sussex Police,Sussex Police,-0.105580,50.818869,On or near Supermarket,E01016869,Brighton and Hove 032B,Shoplifting,Investigation complete; no suspect identified,
7f6595c4a9b4d1e3b5662479741517d766b5fa72b10943f8141f21cd94028256,2017-03,Sussex Police,Sussex Police,-0.105580,50.818869,On or near Supermarket,E01016869,Brighton and Hove 032B,Shoplifting,Court result unavailable,
6bdb7c2c4385e3458a7791cc8856dfa4c88acb44ad53cf62378a5bfee8b4730c,2017-03,Sussex Police,Sussex Police,-0.105580,50.818869,On or near Supermarket,E01016869,Brighton and Hove 032B,Shoplifting,Investigation complete; no suspect identified,
94bc9923a1f0f5483629a65c93cd3d417047453167c2c3b4f62edd1846dc647b,2017-03,Sussex Police,Sussex Police,-0.105580,50.818869,On or near Supermarket,E01016869,Brighton and Hove 032B,Shoplifting,Court result unavailable,
1d5f9a0d716f7d3e5312e15f8c72ea9e1d58735eb9b2bce91fe5238296ec05b7,2017-03,Sussex Police,Sussex Police,-0.105580,50.818869,On or near Supermarket,E01016869,Brighton and Hove 032B,Shoplifting,Investigation complete; no suspect identified,
e7ec4dd1a6d201d9d72f3fc03202ef67d6099ca71213dc475863af4cf4736fd1,2017-03,Sussex Police,Sussex Police,-0.105580,50.818869,On or near Supermarket,E01016869,Brighton and Hove 032B,Shoplifting,Court result unavailable,
d06cab973fb811a91912b8d9b1ec0a24796f88c3e8436af741881ba4702b6b0f,2017-03,Sussex Police,Sussex Police,-0.105580,50.818869,On or near Supermarket,E01016869,Brighton and Hove 032B,Shoplifting,Investigation complete; no suspect identified,
8ca11f3fcaaee38621a5ce2f1931ae3f254c3b4717f85b191f3dc3f63db7ace6,2017-03,Sussex Police,Sussex Police,-0.105580,50.818869,On or near Supermarket,E01016869,Brighton and Hove 032B,Shoplifting,Court result unavailable,
e2349207c1660d864cfb30e196baa1eee1033c3a80b789bf466769111ea95c0c,2017-03,Sussex Police,Sussex Police,-0.105580,50.818869,On or near Supermarket,E01016869,Brighton and Hove 032B,Shoplifting,Court result unavailable,
a875d6aa911637eb7aa14d1dc0d860322de70cc6708f95e27fb81496e64492a9,2017-03,Sussex Police,Sussex Police,-0.105580,50.818869,On or near Supermarket,E01016869,Brighton and Hove 032B,Shoplifting,Court result unavailable,
34ebcf4efb249fe1ccb34f183fc3be187a787611302899cac6096016bfe684f5,2017-03,Sussex Police,Sussex Police,-0.105580,50.818869,On or near Supermarket,E01016869,Brighton and Hove 032B,Shoplifting,Court result unavailable,
4da58eb85e6845a5ad21bd7c6b53ca897e27a9e2ec27c21eac747e96dd24be4f,2017-03,Sussex Police,Sussex Police,-0.105580,50.818869,On or near Supermarket,E01016869,Brighton and Hove 032B,Shoplifting,Court result unavailable,
72216d8d77b9550b6546de61e117beba5be7f40dab81c75ab0b14b6f83da9a11,2017-03,Sussex Police,Sussex Police,-0.105580,50.818869,On or near Supermarket,E01016869,Brighton and Hove 032B,Shoplifting,Court result unavailable,
3e3cc32c8c7509d07aaae3f3a4bec8b9c5e850ba6079ef8321f33d3d6d9168d7,2017-03,Sussex Police,Sussex Police,-0.105580,50.818869,On or near Supermarket,E01016869,Brighton and Hove 032B,Shoplifting,Court result unavailable,
80e624eea03d3701634c8a04b85c3c335bd5f4eed780bb6b54330b7eedc3847f,2017-03,Sussex Police,Sussex Police,-0.108926,50.817916,On or near Bristol Gardens,E01016869,Brighton and Hove 032B,Vehicle crime,Status update unavailable,
46c029cd0b6ff72de118dcba1a8eab86d3b782d991e4e09c276c72ea1fd161a0,2017-03,Sussex Police,Sussex Police,-0.106764,50.819769,On or near Manor Place,E01016869,Brighton and Hove 032B,Violence and sexual offences,Unable to prosecute suspect,
d2498f3dcb3d8cf54d05e00a30b8d29f5651367078f394ddbfc5f8c1eb0af5a7,2017-03,Sussex Police,Sussex Police,-0.104517,50.819517,On or near Reading Road,E01016869,Brighton and Hove 032B,Violence and sexual offences,Unable to prosecute suspect,
14a580fb0b2e4a25417e4b1da2031189703a114dfafc7829bdefaa3039083008,2017-03,Sussex Police,Sussex Police,-0.106848,50.818395,On or near Rugby Place,E01016869,Brighton and Hove 032B,Violence and sexual offences,Investigation complete; no suspect identified,
7a95665a29f1d6380c6174c952f755402beaa38ed44886e2f476b25268564d5b,2017-03,Sussex Police,Sussex Police,-0.107155,50.819929,On or near Playden Close,E01016869,Brighton and Hove 032B,Other crime,Investigation complete; no suspect identified,
,2017-03,Sussex Police,Sussex Police,-0.105361,50.813757,On or near Parking Area,E01016957,Brighton and Hove 032C,Anti-social behaviour,,
,2017-03,Sussex Police,Sussex Police,-0.103027,50.812487,On or near Petrol Station,E01016957,Brighton and Hove 032C,Anti-social behaviour,,
f6d983ce9854fa6b896eb5dcbcbd9c572ed9d00c6d0eada9d765baf9c275ab9b,2017-03,Sussex Police,Sussex Police,-0.105361,50.813757,On or near Parking Area,E01016957,Brighton and Hove 032C,Criminal damage and arson,Investigation complete; no suspect identified,
7f8b6bd69fb7db306828c9f7ea7c74beef1bcb64dbaee3872acfb920111f1b55,2017-03,Sussex Police,Sussex Police,-0.105361,50.813757,On or near Parking Area,E01016957,Brighton and Hove 032C,Criminal damage and arson,Investigation complete; no suspect identified,
7cb281a04ab0b815459366758395822a187b6d9fbcf5ad85f1db3d158cde0f48,2017-03,Sussex Police,Sussex Police,-0.102211,50.812653,On or near Palm Drive,E01016957,Brighton and Hove 032C,Criminal damage and arson,Offender otherwise dealt with,
0c7e6bd471fadd6df7e79648e3f44df6a40dbd11e7dee5601844d0e8adebdf89,2017-03,Sussex Police,Sussex Police,-0.105361,50.813757,On or near Parking Area,E01016957,Brighton and Hove 032C,Criminal damage and arson,Investigation complete; no suspect identified,
da30e54efdf78896ec480f4ad83a692573ffe069f30a79011caef49e53dd7d3a,2017-03,Sussex Police,Sussex Police,-0.099784,50.812290,On or near Trafalgar Gate,E01016957,Brighton and Hove 032C,Criminal damage and arson,Investigation complete; no suspect identified,
5ea70b631f19d3be69ecd0b352cc695579ce5c40be6dcc4be263ed6bbebe6d8c,2017-03,Sussex Police,Sussex Police,-0.103027,50.812487,On or near Petrol Station,E01016957,Brighton and Hove 032C,Drugs,Offender deprived of property,
271fdefac8f13d95084029737fce4edb5b98822511bf8cf427a5f3189b620030,2017-03,Sussex Police,Sussex Police,-0.102211,50.812653,On or near Palm Drive,E01016957,Brighton and Hove 032C,Other theft,Investigation complete; no suspect identified,
42eff0105eb584900d0977000e2d418d510797a476d792eef458591503482f3c,2017-03,Sussex Police,Sussex Police,-0.105361,50.813757,On or near Parking Area,E01016957,Brighton and Hove 032C,Other theft,Investigation complete; no suspect identified,
538d9ae016fa3a6b774b3a4552a91afccf54a4f09f00f2322880ba886f57debe,2017-03,Sussex Police,Sussex Police,-0.105361,50.813757,On or near Parking Area,E01016957,Brighton and Hove 032C,Other theft,Investigation complete; no suspect identified,
371ea042e26018620057f114e3a5e503ab70f83f3b28dfc5babdf6ea27b3c15b,2017-03,Sussex Police,Sussex Police,-0.105361,50.813757,On or near Parking Area,E01016957,Brighton and Hove 032C,Other theft,Investigation complete; no suspect identified,
eb12f68b1493dbfe5a419dc45a34545d0c81581d289b27acc1af4430aa48bebb,2017-03,Sussex Police,Sussex Police,-0.105361,50.813757,On or near Parking Area,E01016957,Brighton and Hove 032C,Other theft,Unable to prosecute suspect,
77784e904ef458c8efa8440cd6d53fa6c0bc6402f922c2650aa9af89b93515a0,2017-03,Sussex Police,Sussex Police,-0.105361,50.813757,On or near Parking Area,E01016957,Brighton and Hove 032C,Other theft,Investigation complete; no suspect identified,
59c864ad98a611e3e5936b73150ef7247fa517c1a38ee33fa38232453208b181,2017-03,Sussex Police,Sussex Police,-0.105361,50.813757,On or near Parking Area,E01016957,Brighton and Hove 032C,Other theft,Status update unavailable,
59f831e3ab6e54c80d6ff23deb8652fff5b2fbc6a9ad2e44429f346efabbb8a5,2017-03,Sussex Police,Sussex Police,-0.103027,50.812487,On or near Petrol Station,E01016957,Brighton and Hove 032C,Other theft,Investigation complete; no suspect identified,
455f485356e426b490765ee61b4039e8779d4a2b427b240a40ac3acbb8c35310,2017-03,Sussex Police,Sussex Police,-0.105361,50.813757,On or near Parking Area,E01016957,Brighton and Hove 032C,Other theft,Investigation complete; no suspect identified,
17a394d8b415524ac88c88af173cd30388e4f8600496a70e90b7b27f6d94a9ea,2017-03,Sussex Police,Sussex Police,-0.105361,50.813757,On or near Parking Area,E01016957,Brighton and Hove 032C,Other theft,Investigation complete; no suspect identified,
cec3e8b12ecbb9848e9c66d5ccc838dc437ae419a998f838ef2c3eace0a16dc0,2017-03,Sussex Police,Sussex Police,-0.105361,50.813757,On or near Parking Area,E01016957,Brighton and Hove 032C,Other theft,Investigation complete; no suspect identified,
1ceb79fea0d05d1e74273dfdc814b1ebea940a1077e2a93b7b564b07eb6887a5,2017-03,Sussex Police,Sussex Police,-0.105361,50.813757,On or near Parking Area,E01016957,Brighton and Hove 032C,Other theft,Investigation complete; no suspect identified,
34b194169ec97d60d91a5395c2da0c3d0b947f4b42e82f4a0e4ed61f1d92689c,2017-03,Sussex Police,Sussex Police,-0.103027,50.812487,On or near Petrol Station,E01016957,Brighton and Hove 032C,Public order,Status update unavailable,
0a1da7b4ae1cf925b163c4e4e8fb5a0bdcc01520ef778c423e97be7e04d87d5f,2017-03,Sussex Police,Sussex Police,-0.098914,50.813796,On or near Marine Drive,E01016957,Brighton and Hove 032C,Public order,Further investigation is not in the public interest,
8d96cead3f77ae2ca985ceb89b0802de7e55ae0741e436df524036dd5ca64ad4,2017-03,Sussex Police,Sussex Police,-0.099784,50.812290,On or near Trafalgar Gate,E01016957,Brighton and Hove 032C,Shoplifting,Investigation complete; no suspect identified,
d538bcbf8ae3d9a6cad7c4d13435917a5004fef2c6f50fd41dc8ec7a7a75ef25,2017-03,Sussex Police,Sussex Police,-0.105361,50.813757,On or near Parking Area,E01016957,Brighton and Hove 032C,Shoplifting,Status update unavailable,
600283026bd60846d428369dd7b02b95cc60ff7906848dc7458c8b6ce44efeff,2017-03,Sussex Police,Sussex Police,-0.105361,50.813757,On or near Parking Area,E01016957,Brighton and Hove 032C,Shoplifting,Offender given a caution,
9398c23695269de97e25198f4261c450d384e6b684beea851d8522a5dbc93500,2017-03,Sussex Police,Sussex Police,-0.105361,50.813757,On or near Parking Area,E01016957,Brighton and Hove 032C,Shoplifting,Unable to prosecute suspect,
3dcf9445913f66343cab04744439d5796b911021fd940cba92000b71ee4fc063,2017-03,Sussex Police,Sussex Police,-0.105361,50.813757,On or near Parking Area,E01016957,Brighton and Hove 032C,Shoplifting,Investigation complete; no suspect identified,
58f2d7a96cd94142470bbff78697e90855557a9854edb263eb46c2c9d1f8dde5,2017-03,Sussex Police,Sussex Police,-0.105361,50.813757,On or near Parking Area,E01016957,Brighton and Hove 032C,Shoplifting,Unable to prosecute suspect,
2dac025a1263715b6242e997e70a5edfe2b5a60630806d48095f8424ba801260,2017-03,Sussex Police,Sussex Police,-0.102211,50.812653,On or near Palm Drive,E01016957,Brighton and Hove 032C,Vehicle crime,Status update unavailable,
ffb2ec6e230b2a6acbe7ef6208cb9fd142ac02c9eb4852bd8df6531dd58a07f3,2017-03,Sussex Police,Sussex Police,-0.105361,50.813757,On or near Parking Area,E01016957,Brighton and Hove 032C,Violence and sexual offences,Investigation complete; no suspect identified,
c1352ade1c8fbf321ff3b97670dd10817a0a461850ae93fdf292807e9cec5550,2017-03,Sussex Police,Sussex Police,-0.072359,50.812650,On or near Greenways,E01016957,Brighton and Hove 032C,Violence and sexual offences,Status update unavailable,
3381f6fdd15c6703d81c5fb7631bd7a514404f07dc028d583ebc9f975bb58248,2017-03,Sussex Police,Sussex Police,-0.105361,50.813757,On or near Parking Area,E01016957,Brighton and Hove 032C,Violence and sexual offences,Investigation complete; no suspect identified,
328096d0eacd77fba9aedc9888065ace28eb495f5b702c1d2fe6797112200a0b,2017-03,Sussex Police,Sussex Police,-0.105361,50.813757,On or near Parking Area,E01016957,Brighton and Hove 032C,Violence and sexual offences,Offender otherwise dealt with,
6b86a4b4a3941eab5494be1fdece0b50b8e0e080594cb65804d1d8b5f1be9fe8,2017-03,Sussex Police,Sussex Police,-0.102211,50.812653,On or near Palm Drive,E01016957,Brighton and Hove 032C,Other crime,Investigation complete; no suspect identified,
1689946d49d0460e46dac4c72c3303c3aa4f8e681efdfafef14afbbf9db6d428,2017-03,Sussex Police,Sussex Police,-0.102211,50.812653,On or near Palm Drive,E01016957,Brighton and Hove 032C,Other crime,Investigation complete; no suspect identified,
1e9d91b30cc0a369b38919360098bb51092fc514a623acaf23e056ce66f4336e,2017-03,Sussex Police,Sussex Police,-0.105361,50.813757,On or near Parking Area,E01016957,Brighton and Hove 032C,Other crime,Investigation complete; no suspect identified,
,2017-03,Sussex Police,Sussex Police,-0.109132,50.814933,On or near Arundel Terrace,E01016963,Brighton and Hove 032D,Anti-social behaviour,,
,2017-03,Sussex Police,Sussex Police,-0.110078,50.816819,On or near Sussex Square,E01016963,Brighton and Hove 032D,Anti-social behaviour,,
,2017-03,Sussex Police,Sussex Police,-0.107897,50.816676,On or near Supermarket,E01016963,Brighton and Hove 032D,Anti-social behaviour,,
eb88835f218ed5fbeeda6fcf75d27196b15472e5ce8b3612a7630ec42524affe,2017-03,Sussex Police,Sussex Police,-0.107204,50.815208,On or near De Courcel Road,E01016963,Brighton and Hove 032D,Burglary,Investigation complete; no suspect identified,
cd46fb324157f7d7053997c45e8027446cee5093a4532c2c2214ace522c55d48,2017-03,Sussex Police,Sussex Police,-0.108426,50.816226,On or near Eastern Place,E01016963,Brighton and Hove 032D,Drugs,Status update unavailable,
5a3126514b8e9bef685d6b7b61fbe66d0b69c9e9b96a33279046fed566afb9ee,2017-03,Sussex Police,Sussex Police,-0.107897,50.816676,On or near Supermarket,E01016963,Brighton and Hove 032D,Public order,Offender sent to prison,
457a6eb19d8f66b20617696328637ac40e4e5c03bd2540ee084fd71fbd4f175f,2017-03,Sussex Police,Sussex Police,-0.107442,50.815985,On or near Arundel Road,E01016963,Brighton and Hove 032D,Public order,Status update unavailable,
febf3d02ade3564fc5482aee6305ba1bbeaa1a4160d955e894c77b7576280097,2017-03,Sussex Police,Sussex Police,-0.107897,50.816676,On or near Supermarket,E01016963,Brighton and Hove 032D,Shoplifting,Offender fined,
12ede70028589602094c6e3a41330e0602e86d0be673140dbddf8214de319a6a,2017-03,Sussex Police,Sussex Police,-0.107897,50.816676,On or near Supermarket,E01016963,Brighton and Hove 032D,Shoplifting,Local resolution,
5477ce0aa233dc39c1e21b6ecc428a694d8de10b29931324af186b3468895567,2017-03,Sussex Police,Sussex Police,-0.107897,50.816676,On or near Supermarket,E01016963,Brighton and Hove 032D,Shoplifting,Investigation complete; no suspect identified,
db950c00d79c8254cffb96dca849f1014711eb9c8e64aec9b665cfc872f874bf,2017-03,Sussex Police,Sussex Police,-0.107897,50.816676,On or near Supermarket,E01016963,Brighton and Hove 032D,Shoplifting,Further investigation is not in the public interest,
63fe73ed00ca0575b9e57e0ec98e577d1cfacddeb2cd469fb95090970278d445,2017-03,Sussex Police,Sussex Police,-0.107897,50.816676,On or near Supermarket,E01016963,Brighton and Hove 032D,Shoplifting,Investigation complete; no suspect identified,
99bc643ff0fc66bb2f38a48cdabb03d7fdb7c329e0406fb585643c4d1d0bcc25,2017-03,Sussex Police,Sussex Police,-0.107897,50.816676,On or near Supermarket,E01016963,Brighton and Hove 032D,Theft from the person,Investigation complete; no suspect identified,
647eb6dc270f819f41bc0d745fb383fac15bbf69b19cb5d9d64fecbab464e0e7,2017-03,Sussex Police,Sussex Police,-0.109132,50.814933,On or near Arundel Terrace,E01016963,Brighton and Hove 032D,Vehicle crime,Investigation complete; no suspect identified,
be89ec335b6bb7f40ccf704b0afcdec075d3049e2a4c01f3b20473fc1395716f,2017-03,Sussex Police,Sussex Police,-0.107204,50.815208,On or near De Courcel Road,E01016963,Brighton and Hove 032D,Vehicle crime,Investigation complete; no suspect identified,
8741f14c7ef9097287a1318c2f2b7939e66dba938307645f046c425f076203b9,2017-03,Sussex Police,Sussex Police,-0.109132,50.814933,On or near Arundel Terrace,E01016963,Brighton and Hove 032D,Violence and sexual offences,Awaiting court outcome,
92d4a3e602f54ed8114bccb8deaae737fb1a07fef15e48ce983ca80ab170193c,2017-03,Sussex Police,Sussex Police,-0.107442,50.815985,On or near Arundel Road,E01016963,Brighton and Hove 032D,Violence and sexual offences,Offender sent to prison,
f65c94283b0e4e0209ef4c47a4ec5762280ca9e9ddf7902ca04c83ccdd22bdfb,2017-03,Sussex Police,Sussex Police,-0.107204,50.815208,On or near De Courcel Road,E01016963,Brighton and Hove 032D,Violence and sexual offences,Investigation complete; no suspect identified,
b0d8f11d619d23636d429c9a4bf19e723c5c0151e5508a317da604698aea5920,2017-03,Sussex Police,Sussex Police,-0.031291,50.811658,On or near Westfield Avenue South,E01016956,Brighton and Hove 033A,Drugs,Further investigation is not in the public interest,
,2017-03,Sussex Police,Sussex Police,-0.041226,50.808632,On or near Lustrells Crescent,E01016958,Brighton and Hove 033B,Anti-social behaviour,,
,2017-03,Sussex Police,Sussex Police,-0.041233,50.806780,On or near Parking Area,E01016958,Brighton and Hove 033B,Anti-social behaviour,,
,2017-03,Sussex Police,Sussex Police,-0.041233,50.806780,On or near Parking Area,E01016958,Brighton and Hove 033B,Anti-social behaviour,,
,2017-03,Sussex Police,Sussex Police,-0.044068,50.807547,On or near Lustrells Close,E01016958,Brighton and Hove 033B,Anti-social behaviour,,
2f29a867cff3e938357a92484fe2fa553182e4615728bc53ac37f253db88a0e7,2017-03,Sussex Police,Sussex Police,-0.045524,50.808696,On or near Lindfield Close,E01016958,Brighton and Hove 033B,Criminal damage and arson,Investigation complete; no suspect identified,
2935b8b4e6bcd0710635fd779e1b30faaf99fd29cdb4784b1818d9941c9dd167,2017-03,Sussex Police,Sussex Police,-0.041233,50.806780,On or near Parking Area,E01016958,Brighton and Hove 033B,Other theft,Investigation complete; no suspect identified,
bc59f626345f4289badd5b6625424598c1b7347a1c3d92157452c0506396fe86,2017-03,Sussex Police,Sussex Police,-0.038043,50.807365,On or near Hawthorn Close,E01016958,Brighton and Hove 033B,Other theft,Investigation complete; no suspect identified,
bcd5ac12ccba9b6623eb441691529ade8152043ff5670e28f9b545be1ccdd764,2017-03,Sussex Police,Sussex Police,-0.042126,50.807478,On or near Lustrells Vale,E01016958,Brighton and Hove 033B,Violence and sexual offences,Unable to prosecute suspect,
a6c8b1287c0f00b04838221583b7811e77f0248246375bf8e9642ca381a57fc8,2017-03,Sussex Police,Sussex Police,-0.045524,50.808696,On or near Lindfield Close,E01016958,Brighton and Hove 033B,Violence and sexual offences,Status update unavailable,
,2017-03,Sussex Police,Sussex Police,-0.050173,50.809880,On or near Lustrells Road,E01016959,Brighton and Hove 033C,Anti-social behaviour,,
,2017-03,Sussex Police,Sussex Police,-0.051384,50.802606,On or near Romney Road,E01016959,Brighton and Hove 033C,Anti-social behaviour,,
,2017-03,Sussex Police,Sussex Police,-0.058708,50.806371,On or near The Green,E01016959,Brighton and Hove 033C,Anti-social behaviour,,
f53b9754b0a0d48dfb8bd9468074f111859bfc838dd632d27e689b0fbd7baed7,2017-03,Sussex Police,Sussex Police,-0.049488,50.802466,On or near Little Crescent,E01016959,Brighton and Hove 033C,Burglary,Unable to prosecute suspect,
c70a5b3ac6fe115435d23f0660f3346d2352b35a3aab0f3ff0b5808aa5c6d01a,2017-03,Sussex Police,Sussex Police,-0.058213,50.805643,On or near Whipping Post Lane,E01016959,Brighton and Hove 033C,Public order,Investigation complete; no suspect identified,
662a5b66de9fa3d29605067c7a4c712bf9ee4ad18d83e8c6bd02c9a80305e780,2017-03,Sussex Police,Sussex Police,-0.055604,50.807965,On or near Northfield Rise,E01016959,Brighton and Hove 033C,Violence and sexual offences,Unable to prosecute suspect,
08e8bfdea1b88b8feb97ca31a099b011154f5755736f2a8ce7185c5747fd78ef,2017-03,Sussex Police,Sussex Police,-0.050173,50.809880,On or near Lustrells Road,E01016959,Brighton and Hove 033C,Violence and sexual offences,Unable to prosecute suspect,
ee4cc537cb6bb842dca0b7b2c54629438098283b3a77ebb2b2a45906f293dfc9,2017-03,Sussex Police,Sussex Police,-0.055604,50.807965,On or near Northfield Rise,E01016959,Brighton and Hove 033C,Violence and sexual offences,Further investigation is not in the public interest,
,2017-03,Sussex Police,Sussex Police,-0.057856,50.804324,On or near High Street,E01016960,Brighton and Hove 033D,Anti-social behaviour,,
,2017-03,Sussex Police,Sussex Police,-0.057052,50.802817,On or near High Street,E01016960,Brighton and Hove 033D,Anti-social behaviour,,
,2017-03,Sussex Police,Sussex Police,-0.057856,50.804324,On or near High Street,E01016960,Brighton and Hove 033D,Anti-social behaviour,,
,2017-03,Sussex Police,Sussex Police,-0.061939,50.810939,On or near Wilkinson Close,E01016960,Brighton and Hove 033D,Anti-social behaviour,,
,2017-03,Sussex Police,Sussex Police,-0.060355,50.808745,On or near Burnes Vale,E01016960,Brighton and Hove 033D,Anti-social behaviour,,
22b241fb63e19c98dc728b44e8711587fee8fb0cc1605f5e13f5981fe2457110,2017-03,Sussex Police,Sussex Police,-0.060498,50.804620,On or near Nevill Road,E01016960,Brighton and Hove 033D,Criminal damage and arson,Investigation complete; no suspect identified,
aa373e2398e200a512e3c051821daf37ac889f103bbf947e3e828107cb01f7b1,2017-03,Sussex Police,Sussex Police,-0.057856,50.804324,On or near High Street,E01016960,Brighton and Hove 033D,Violence and sexual offences,Status update unavailable,
ac9b394e94cdeb7733475c51264cdc5d426008d7357cc770d3469120b0752fa4,2017-03,Sussex Police,Sussex Police,-0.057052,50.802817,On or near High Street,E01016960,Brighton and Hove 033D,Violence and sexual offences,Investigation complete; no suspect identified,
,2017-03,Sussex Police,Sussex Police,-0.043028,50.803204,On or near Arundel Drive West,E01016961,Brighton and Hove 033E,Anti-social behaviour,,
,2017-03,Sussex Police,Sussex Police,-0.039185,50.802806,On or near Arundel Drive East,E01016961,Brighton and Hove 033E,Anti-social behaviour,,
,2017-03,Sussex Police,Sussex Police,-0.042022,50.800803,On or near Pedestrian Subway,E01016961,Brighton and Hove 033E,Anti-social behaviour,,
880e39f255541cb08024e38ce53c61ed06e0ce3407377c8b07f6ae5d6ce478ed,2017-03,Sussex Police,Sussex Police,-0.039185,50.802806,On or near Arundel Drive East,E01016961,Brighton and Hove 033E,Criminal damage and arson,Investigation complete; no suspect identified,
b341cbdd40bfbfb532a1d8f52d68bfee685085d3d362ac0a60e37add4547dd7c,2017-03,Sussex Police,Sussex Police,-0.036117,50.803879,On or near Oaklands Avenue,E01016961,Brighton and Hove 033E,Criminal damage and arson,Investigation complete; no suspect identified,
49a4bed141a03601cf0be08a0bd33aa0ff85f92c571ec3da29ca42d16c874d15,2017-03,Sussex Police,Sussex Police,-0.037541,50.801726,On or near Withyham Avenue,E01016961,Brighton and Hove 033E,Drugs,Offender deprived of property,
37e357ce25fcc718d0edfa8383b82494d93e21c204bd4ebd09357462c387c814,2017-03,Sussex Police,Sussex Police,-0.036805,50.801678,On or near Nutley Avenue,E01016961,Brighton and Hove 033E,Other theft,Investigation complete; no suspect identified,
5b7f5cfbc0bb2af5d6e214abdb038da02ebc7787913abd9d0b2fb9f3bdb19099,2017-03,Sussex Police,Sussex Police,-0.042022,50.800803,On or near Pedestrian Subway,E01016961,Brighton and Hove 033E,Other theft,Investigation complete; no suspect identified,
30eb0f0815500e0452f6c06b7c2e408c7686bc04934d2f933eb1a206c1e6684d,2017-03,Sussex Police,Sussex Police,-0.034911,50.802168,On or near Longridge Avenue,E01016961,Brighton and Hove 033E,Other theft,Investigation complete; no suspect identified,
da836dae7d5886ac8e4a3d1572e0a3a0011a252b519e76eb9f9b9b236627d132,2017-03,Sussex Police,Sussex Police,-0.037079,50.801242,On or near Supermarket,E01016961,Brighton and Hove 033E,Other theft,Investigation complete; no suspect identified,
ce7365d5425f62936264d1d924ddc15a055a9e1807adecc98fa7beeaabb0d8a6,2017-03,Sussex Police,Sussex Police,-0.034911,50.802168,On or near Longridge Avenue,E01016961,Brighton and Hove 033E,Public order,Unable to prosecute suspect,
374571c28c51819665a306f129dd748684307fb071f59a1a0479327060b06f36,2017-03,Sussex Police,Sussex Police,-0.035703,50.805635,On or near Shepham Avenue,E01016961,Brighton and Hove 033E,Public order,Unable to prosecute suspect,
f5b40375b94679a89efaec4a3c51a791a38b007466caff7819d3d6e245c05b34,2017-03,Sussex Police,Sussex Police,-0.037079,50.801242,On or near Supermarket,E01016961,Brighton and Hove 033E,Shoplifting,Investigation complete; no suspect identified,
6ec94dd25c1e71a1e2cc6f85c689e49999b0ec1c4d503d6cb3d9877dfdc8a937,2017-03,Sussex Police,Sussex Police,-0.038433,50.800078,On or near South Coast Road,E01016961,Brighton and Hove 033E,Violence and sexual offences,Status update unavailable,
e7fe8655a3d218d5437338bcdabd9d1e8b7c34dec366e37c888257b5de344065,2017-03,Sussex Police,Sussex Police,-0.038433,50.800078,On or near South Coast Road,E01016961,Brighton and Hove 033E,Violence and sexual offences,Status update unavailable,
,2017-03,Sussex Police,Sussex Police,-0.068764,50.817555,On or near Wanderdown Drive,E01016962,Brighton and Hove 033F,Anti-social behaviour,,
,2017-03,Sussex Police,Sussex Police,-0.069829,50.812023,On or near Beacon Hill,E01016962,Brighton and Hove 033F,Anti-social behaviour,,
,2017-03,Sussex Police,Sussex Police,-0.070722,50.815851,On or near Longhill Road,E01016962,Brighton and Hove 033F,Anti-social behaviour,,
,2017-03,Sussex Police,Sussex Police,-0.068764,50.817555,On or near Wanderdown Drive,E01016962,Brighton and Hove 033F,Anti-social behaviour,,
bbe504a4db69431efde78d0b1b9b2fbfd6a84ed3457745dc5ce3c5898c93ce71,2017-03,Sussex Police,Sussex Police,-0.068764,50.817555,On or near Wanderdown Drive,E01016962,Brighton and Hove 033F,Drugs,Further investigation is not in the public interest,
402f0d6ebf66886c72c9deba8fc07dc78d175024c88db28263eb5043caaaaec1,2017-03,Sussex Police,Sussex Police,-0.068764,50.817555,On or near Wanderdown Drive,E01016962,Brighton and Hove 033F,Drugs,Further investigation is not in the public interest,
2d00019a35afad903b45752451afd6ce3a505479f9ab11f370778e3728a3f4fe,2017-03,Sussex Police,Sussex Police,-0.074164,50.816394,On or near Sports/Recreation Area,E01016962,Brighton and Hove 033F,Other theft,Investigation complete; no suspect identified,
6831a048420606c1be52b5bb6873b04b96e530e8e3975f67e2d5b047cb58bae8,2017-03,Sussex Police,Sussex Police,-0.071590,50.814759,On or near Ainsworth Close,E01016962,Brighton and Hove 033F,Vehicle crime,Investigation complete; no suspect identified,
608a9f7ea500875121bd2bf0a79840f95fc3114b5945a49429017101efdc9586,2017-03,Sussex Police,Sussex Police,-0.723541,51.064981,On or near Chilcroft Lane,E01031502,Chichester 001A,Burglary,Investigation complete; no suspect identified,
794a4d03111eeb778dcf8f8f1733f4051b18a6cdd823df8ad2c6d8cc17d65b43,2017-03,Sussex Police,Sussex Police,-0.723540,51.072777,On or near Bell Road,E01031502,Chichester 001A,Violence and sexual offences,Investigation complete; no suspect identified,
b239078df7055c10e0692a847b1e967b0f6aaa8686914402b0f173650812ac9a,2017-03,Sussex Police,Sussex Police,-0.743788,51.081989,On or near Penwith Drive,E01031503,Chichester 001B,Criminal damage and arson,Investigation complete; no suspect identified,
0cb295a44fccc8f4dee31203acde81bc2d52e3f16d5c5f19ba9b0f1e011b1b04,2017-03,Sussex Police,Sussex Police,-0.774669,51.062506,On or near Park/Open Space,E01031504,Chichester 001C,Burglary,Investigation complete; no suspect identified,
6899300ef35b521d16660b58cf5d0a862724f67196d666aef11c668bb1b9e0f6,2017-03,Sussex Police,Sussex Police,-0.774669,51.062506,On or near Park/Open Space,E01031504,Chichester 001C,Burglary,Investigation complete; no suspect identified,
408f724d721e71f19a837af1f1d6a1b4ad96844a28883ccb913b4f324f7a88ac,2017-03,Sussex Police,Sussex Police,-0.731851,51.030854,On or near A286,E01031504,Chichester 001C,Burglary,Investigation complete; no suspect identified,
19e68bd9c998e666a7b38dce0ce3d4bcba9bf5731694cf418a7970ca0aab16ae,2017-03,Sussex Police,Sussex Police,-0.729104,51.052038,On or near Park/Open Space,E01031504,Chichester 001C,Criminal damage and arson,Local resolution,
425fb2ea30c63950ef9db1a546e3e92ed2166a2fdbff25390ea0278f7fc5c70e,2017-03,Sussex Police,Sussex Police,-0.774669,51.062506,On or near Park/Open Space,E01031504,Chichester 001C,Other theft,Investigation complete; no suspect identified,
4d087edebda49db141e40643ebe1e79970bdf22124aba49b6920b21e7db03d0b,2017-03,Sussex Police,Sussex Police,-0.723197,51.048952,On or near Cherrylands Close,E01031504,Chichester 001C,Other theft,Investigation complete; no suspect identified,
dd42b5edcc7fe08b2ac3b6ed36f6edd51afb052f94c61ea3f9437d7a678afcd6,2017-03,Sussex Police,Sussex Police,-0.724597,51.053014,On or near Oaks Close,E01031504,Chichester 001C,Violence and sexual offences,Status update unavailable,
c2585e2eddd60ec4c7c56bb4cd36c41aaab35f87256a87c3802892943f0c3ea8,2017-03,Sussex Police,Sussex Police,-0.774669,51.062506,On or near Park/Open Space,E01031504,Chichester 001C,Other crime,Investigation complete; no suspect identified,
,2017-03,Sussex Police,Sussex Police,-0.709141,51.073177,On or near Bell Vale Lane,E01031519,Chichester 001D,Anti-social behaviour,,
b44501c730286fb03380d4bf92804544cc8f3acd3c959b6b3e32431f1cf6e36e,2017-03,Sussex Police,Sussex Police,-0.691065,51.052113,On or near Fernden Lane,E01031519,Chichester 001D,Burglary,Investigation complete; no suspect identified,
0ab75bd1307b18f3d156fbf85dca3e492f2290a51561f4a7d53c335a485611e8,2017-03,Sussex Police,Sussex Police,-0.684797,51.053266,On or near Park/Open Space,E01031519,Chichester 001D,Burglary,Investigation complete; no suspect identified,
5b46fc32c08d3623c2099b54381cd555a71e2d3d4b7fa2d15994dd018b83b8f2,2017-03,Sussex Police,Sussex Police,-0.644073,51.058268,On or near Valentines Lea,E01031519,Chichester 001D,Burglary,Investigation complete; no suspect identified,
2ea8591ac02dfe4488770d82660e23799fb70792d1491790d6283b5b8378cb94,2017-03,Sussex Police,Sussex Police,-0.678324,51.043094,On or near Park/Open Space,E01031519,Chichester 001D,Burglary,Investigation complete; no suspect identified,
2e3adf2b0011fb39682364722bd3f4410daf1055cf0c2816e83c4461eb7d63be,2017-03,Sussex Police,Sussex Police,-0.691065,51.052113,On or near Fernden Lane,E01031519,Chichester 001D,Burglary,Investigation complete; no suspect identified,
4347affaf4ff96a2af22a36e06b59b30d2067564b8ed773208af684d2c5ac3d7,2017-03,Sussex Police,Sussex Police,-0.684797,51.053266,On or near Park/Open Space,E01031519,Chichester 001D,Burglary,Investigation complete; no suspect identified,
3ecd3044a9ae736011037150d57f18ec243e909ba0a11341593e5f51654f66d4,2017-03,Sussex Police,Sussex Police,-0.644073,51.058268,On or near Valentines Lea,E01031519,Chichester 001D,Criminal damage and arson,Investigation complete; no suspect identified,
e8e4699380692fc6629a36788902118f74bd6eb6644314d0d299e8cfb75727cc,2017-03,Sussex Police,Sussex Police,-0.709141,51.073177,On or near Bell Vale Lane,E01031519,Chichester 001D,Other theft,Investigation complete; no suspect identified,
6a3515eaf6d2a45eb991f048a5f7498f5d3cde6dcf8a0e90d2475fd03f0d3e32,2017-03,Sussex Police,Sussex Police,-0.678324,51.043094,On or near Park/Open Space,E01031519,Chichester 001D,Other theft,Investigation complete; no suspect identified,
0161773c22da5dfb6541607922e447d6784c215cd1cc71d0ff4b8d308e956130,2017-03,Sussex Police,Sussex Police,-0.644073,51.058268,On or near Valentines Lea,E01031519,Chichester 001D,Public order,Investigation complete; no suspect identified,
ea5fb941d49731aa578ddac19c0f11e6d757191e2844fc8257f54e739bc3e60e,2017-03,Sussex Police,Sussex Police,-0.643100,51.056899,On or near A283,E01031519,Chichester 001D,Vehicle crime,Investigation complete; no suspect identified,
4a8f4567236f3375a4343c7f1a12aeff1592e4173053f7bf942fbde405bc1ddc,2017-03,Sussex Police,Sussex Police,-0.535727,51.073562,On or near Thlstledown Vale,E01031517,Chichester 002A,Criminal damage and arson,Investigation complete; no suspect identified,
4d63317a5d634bb2082534b3abaa183f42b393ba7deff335a493590af7b6b510,2017-03,Sussex Police,Sussex Police,-0.519020,51.063018,On or near Sports/Recreation Area,E01031517,Chichester 002A,Other theft,Investigation complete; no suspect identified,
,2017-03,Sussex Police,Sussex Police,-0.569169,51.069021,On or near Nell Ball,E01031518,Chichester 002B,Anti-social behaviour,,
990fa197a377565dbda07bce1ff9baf67b946f451a477f982082dc27ebc6974d,2017-03,Sussex Police,Sussex Police,-0.537462,51.069249,On or near The Close,E01031518,Chichester 002B,Other theft,Investigation complete; no suspect identified,
3eabc439c256d4f31ad5562d9416ca18767bce76686e74052e702aaec33b1641,2017-03,Sussex Police,Sussex Police,-0.563381,51.065568,On or near Bushfield,E01031518,Chichester 002B,Violence and sexual offences,Further investigation is not in the public interest,
5f1a9ead7d3c516394f40d00f7bf3d0cfa239f98e8f814e3ab8f35066ed01278,2017-03,Sussex Police,Sussex Police,-0.563381,51.065568,On or near Bushfield,E01031518,Chichester 002B,Violence and sexual offences,Further investigation is not in the public interest,
,2017-03,Sussex Police,Sussex Police,-0.552455,51.032898,On or near Herons Close,E01031544,Chichester 002C,Anti-social behaviour,,
036c781863ecd873ca5e98ecf33245f40263f0b5b7b025098bef795948bbfa17,2017-03,Sussex Police,Sussex Police,-0.564705,51.044470,On or near Park/Open Space,E01031544,Chichester 002C,Other theft,Investigation complete; no suspect identified,
114bf99d45d8fc59f5c81bc0f403b55dd881fc6233f7c7c6af82b1698a871b2a,2017-03,Sussex Police,Sussex Police,-0.551680,51.030298,On or near School Court,E01031544,Chichester 002C,Violence and sexual offences,Unable to prosecute suspect,
5125adefd931e1a9da6ae646a3a40314c18c355290b512d4a2eb21a04d6d065a,2017-03,Sussex Police,Sussex Police,-0.513311,51.030068,On or near Kirdford Road,E01031545,Chichester 002D,Burglary,Investigation complete; no suspect identified,
8f2308bcbc2490a40e8e2bc2b6a105a075c95d921a289e90bf2de63874020d7c,2017-03,Sussex Police,Sussex Police,-0.503166,51.023581,On or near School Road,E01031545,Chichester 002D,Burglary,Investigation complete; no suspect identified,
,2017-03,Sussex Police,Sussex Police,-0.829281,50.990676,On or near Dumpford Lane,E01031508,Chichester 003A,Anti-social behaviour,,
264a7a2a49498f2abc2fe0db3e804bfcf69a5d6266132e281402e101fe02e168,2017-03,Sussex Police,Sussex Police,-0.804790,50.991147,On or near Park/Open Space,E01031508,Chichester 003A,Shoplifting,Investigation complete; no suspect identified,
a3fa2386927489bddbd3ffda00ef66d037873aaba45aadf6b83ef4ab2141de5f,2017-03,Sussex Police,Sussex Police,-0.883500,50.967376,On or near The Hop Garden,E01031508,Chichester 003A,Vehicle crime,Investigation complete; no suspect identified,
79cbcf8873cb23c65faea8e293c6039306fe152986fb9fba504be6f15b12b8d4,2017-03,Sussex Police,Sussex Police,-0.800811,50.980765,On or near Ingram'S Green Lane,E01031508,Chichester 003A,Vehicle crime,Investigation complete; no suspect identified,
,2017-03,Sussex Police,Sussex Police,-0.874657,51.031543,On or near Coombe Road,E01031520,Chichester 003B,Anti-social behaviour,,
,2017-03,Sussex Police,Sussex Police,-0.874657,51.031543,On or near Coombe Road,E01031520,Chichester 003B,Anti-social behaviour,,
,2017-03,Sussex Police,Sussex Police,-0.846176,51.017840,On or near Park/Open Space,E01031520,Chichester 003B,Anti-social behaviour,,
8e711e0752d06cfb063d77a300ed7349ae3b94b9623ab17dfbd2f40bc91357ab,2017-03,Sussex Police,Sussex Police,-0.849656,51.007398,On or near Red House Court,E01031520,Chichester 003B,Other theft,Unable to prosecute suspect,
530076323b2424516d2737cd250840456c4e0f25f39e831abd8240d67f3546d0,2017-03,Sussex Police,Sussex Police,-0.850490,50.990967,On or near Dumpford Lane,E01031520,Chichester 003B,Other theft,Unable to prosecute suspect,
d89415d151c59e95de39d851f7ad3db03a7a8425d778f2f8717b90ff70a372d1,2017-03,Sussex Police,Sussex Police,-0.862963,51.017555,On or near Park/Open Space,E01031520,Chichester 003B,Other theft,Investigation complete; no suspect identified,
8493d3def2b12591dde43d7ace369695f817a85992eced7bcd37ef8e887f0207,2017-03,Sussex Police,Sussex Police,-0.772507,51.041171,On or near Linch Road,E01031521,Chichester 003C,Burglary,Investigation complete; no suspect identified,
7164b7a903d7fe37a61547e6c52bc01105c2ce9188076d0cc24adbb9ca374eb6,2017-03,Sussex Police,Sussex Police,-0.806839,51.036266,On or near Cartersland,E01031521,Chichester 003C,Burglary,Investigation complete; no suspect identified,
92715f98a06167b623eace6b2b73be99d17b9727878e0d5a92808824e4953a28,2017-03,Sussex Police,Sussex Police,-0.799264,51.039624,On or near Fernhurst Road,E01031521,Chichester 003C,Burglary,Investigation complete; no suspect identified,
fd58bd8b3c7ab921480ac643225d1ad7a0a5b9889b85001b8729a11f683f070f,2017-03,Sussex Police,Sussex Police,-0.805994,51.035268,On or near Drakeleys Field,E01031521,Chichester 003C,Other theft,Investigation complete; no suspect identified,
172cd42fb46036724772ae583001fbf3cc342cde5a85d8a63c4e03b777a4353c,2017-03,Sussex Police,Sussex Police,-0.822815,51.051940,On or near B2070,E01031521,Chichester 003C,Violence and sexual offences,Investigation complete; no suspect identified,
,2017-03,Sussex Police,Sussex Police,-0.773892,50.989793,On or near Parking Area,E01031536,Chichester 003D,Anti-social behaviour,,
1f445bb6bda2035f98297d6b8116596a9306e0954d0dac246583b53fc4ee5f23,2017-03,Sussex Police,Sussex Police,-0.776830,50.993987,On or near Common View,E01031536,Chichester 003D,Criminal damage and arson,Local resolution,
1e4934c7d3790846a22f9718a4b488d44318f7f429acee9e7f785f9f63250689,2017-03,Sussex Police,Sussex Police,-0.783415,50.992869,On or near A272,E01031536,Chichester 003D,Other theft,Investigation complete; no suspect identified,
1396e1870fccbead690bcca900ec7929315beaff64c3a8e4409b2c228261478d,2017-03,Sussex Police,Sussex Police,-0.772785,50.956095,On or near Bell Lane,E01031536,Chichester 003D,Public order,Investigation complete; no suspect identified,
866948d1fd3d0b6e35bfd27f98fd1b2d30a977fd7a792babb24efae2d6b4d5f7,2017-03,Sussex Police,Sussex Police,-0.733393,50.992589,On or near Strathmoor Gardens,E01031497,Chichester 004A,Burglary,Investigation complete; no suspect identified,
ed6fe0bd633b3a85a6cd4a992d689c243e21ca22a7b4938f9000d2a37c48784e,2017-03,Sussex Police,Sussex Police,-0.748805,51.019302,On or near Hurst Park,E01031497,Chichester 004A,Violence and sexual offences,Investigation complete; no suspect identified,
,2017-03,Sussex Police,Sussex Police,-0.741613,50.977912,On or near The Fairway,E01031512,Chichester 004D,Anti-social behaviour,,
,2017-03,Sussex Police,Sussex Police,-0.748201,50.976571,On or near Hornbeam Way,E01031512,Chichester 004D,Anti-social behaviour,,
743aedaff260a241447f6b2a78f22adb16ca495c670f93d7d6e697775e278fcc,2017-03,Sussex Police,Sussex Police,-0.750149,50.978840,On or near Pitsham Lane,E01031512,Chichester 004D,Criminal damage and arson,Investigation complete; no suspect identified,
c1d313006c236c58dbbd92d925e66dd46c17ee263175695b63a7a579a1354402,2017-03,Sussex Police,Sussex Police,-0.750149,50.978840,On or near Pitsham Lane,E01031512,Chichester 004D,Violence and sexual offences,Unable to prosecute suspect,
,2017-03,Sussex Police,Sussex Police,-0.750346,50.990596,On or near June Meadows,E01032717,Chichester 004F,Anti-social behaviour,,
,2017-03,Sussex Police,Sussex Police,-0.739131,50.989081,On or near Cowdray Court,E01032717,Chichester 004F,Anti-social behaviour,,
,2017-03,Sussex Police,Sussex Police,-0.749433,50.951387,On or near Mill Lane,E01032717,Chichester 004F,Anti-social behaviour,,
3368d454c2cd553c6bfd3782d5dc9c64ccc91ee171159d9a14adc19b4e1fa660,2017-03,Sussex Police,Sussex Police,-0.740457,50.985355,On or near Petrol Station,E01032717,Chichester 004F,Criminal damage and arson,Investigation complete; no suspect identified,
092e8b45dbe533de7831e619ca3ad8d310106b72384d269dcb72d065efb93fe2,2017-03,Sussex Police,Sussex Police,-0.751808,50.953085,On or near The Croft,E01032717,Chichester 004F,Criminal damage and arson,Unable to prosecute suspect,
1046aec82ae8f4bd26a6729bb381880a1fd34673698b64c2d0e604c7ca11753c,2017-03,Sussex Police,Sussex Police,-0.737716,50.985028,On or near South Street,E01032717,Chichester 004F,Other theft,Investigation complete; no suspect identified,
b2cc0d6008dd162068ecef4f9a30b43b73a1aa367257a041f9861eb71cbf76ca,2017-03,Sussex Police,Sussex Police,-0.737934,50.985930,On or near Red Lion Street,E01032717,Chichester 004F,Other theft,Status update unavailable,
8145a3c99508c35231047538b1bb5c9addfc4996ee4dfaeb0048aeb6e2cce444,2017-03,Sussex Police,Sussex Police,-0.739131,50.989081,On or near Cowdray Court,E01032717,Chichester 004F,Public order,Further investigation is not in the public interest,
e524f6de6ebe06a3f63bae6287e88220a4b15f85455deca2bd85f93ce8bb5e70,2017-03,Sussex Police,Sussex Police,-0.750434,50.989455,On or near Sandrock,E01032717,Chichester 004F,Vehicle crime,Unable to prosecute suspect,
4ba95e9a3ffdd5427e3025261790eccab836a0012d7bb04549d3eed415ace908,2017-03,Sussex Police,Sussex Police,-0.750346,50.990596,On or near June Meadows,E01032717,Chichester 004F,Violence and sexual offences,Unable to prosecute suspect,
1f09b96eeda86c4c14cae0c6b59cd075f8b4ec6ffda40ab2747477c60b8b35dc,2017-03,Sussex Police,Sussex Police,-0.737951,50.988970,On or near North Street,E01032717,Chichester 004F,Violence and sexual offences,Unable to prosecute suspect,
805bf8cc048faf3369f0771fe24738ef472f6154d03f2d66b2ed0589bb43039d,2017-03,Sussex Police,Sussex Police,-0.738364,50.986861,On or near Knockhundred Row,E01032717,Chichester 004F,Violence and sexual offences,Investigation complete; no suspect identified,
cd0a24650310b15a12940222b5018444ba4bdb6f06b6e3b6cab5c673facd28ed,2017-03,Sussex Police,Sussex Police,-0.739131,50.989081,On or near Cowdray Court,E01032717,Chichester 004F,Violence and sexual offences,Investigation complete; no suspect identified,
971a4ffc6b86fcf64bc59856977116848a12a54051c4667227c573bff8865bab,2017-03,Sussex Police,Sussex Police,-0.751808,50.953085,On or near The Croft,E01032717,Chichester 004F,Violence and sexual offences,Offender fined,
,2017-03,Sussex Police,Sussex Police,-0.650384,50.937784,On or near Beechwood Lane,E01031478,Chichester 005A,Anti-social behaviour,,
82b30b2dcfa0fd44d736b7b10b4cfd579ad634297c6e86426641bede09cb1f4f,2017-03,Sussex Police,Sussex Police,-0.675567,50.949601,On or near Sports/Recreation Area,E01031478,Chichester 005A,Criminal damage and arson,Unable to prosecute suspect,
,2017-03,Sussex Police,Sussex Police,-0.562132,50.913160,On or near The Hollow,E01031479,Chichester 005B,Anti-social behaviour,,
b814e402df3e7af82ad33c4e4295fe1af8821da0bf33bf544b471654bc46e7ee,2017-03,Sussex Police,Sussex Police,-0.566756,50.908523,On or near Bury Hill,E01031479,Chichester 005B,Burglary,Investigation complete; no suspect identified,
491fb67c73bdc64c70488abe396f7c2f71a315d9370a3badffdfa17deac32fe8,2017-03,Sussex Police,Sussex Police,-0.619958,50.915063,On or near Glatting Lane,E01031479,Chichester 005B,Criminal damage and arson,Investigation complete; no suspect identified,
8d51d217208e2e3be1022d393fb0321596062d2e8ddf73a8726be97a35f76803,2017-03,Sussex Police,Sussex Police,-0.607108,50.930918,On or near School Lane,E01031479,Chichester 005B,Violence and sexual offences,Unable to prosecute suspect,
d3840b0afa3d5bc6643e9c4b0f963414cf7704c554ea6a63a4cc274a6487e183,2017-03,Sussex Police,Sussex Police,-0.610399,50.954680,On or near Burton Park Road,E01031479,Chichester 005B,Violence and sexual offences,Unable to prosecute suspect,
c144629c5e26899af54466298d40ca91100160d4cbba5784210c71442e3896d9,2017-03,Sussex Police,Sussex Police,-0.566756,50.908523,On or near Bury Hill,E01031479,Chichester 005B,Violence and sexual offences,Court result unavailable,
,2017-03,Sussex Police,Sussex Police,-0.683388,51.000804,On or near Sports/Recreation Area,E01031498,Chichester 005C,Anti-social behaviour,,
8334a84413ddce08cd198d5967489d12916797114e60f4f230341f4b37c8ae7c,2017-03,Sussex Police,Sussex Police,-0.684014,50.988258,On or near A272,E01031498,Chichester 005C,Burglary,Unable to prosecute suspect,
a97c63f19a8eae134c1de9f9c1db82b73d9d0e34cbd640f966e7e0121ad778b6,2017-03,Sussex Police,Sussex Police,-0.676318,50.997325,On or near Church Lane,E01031498,Chichester 005C,Burglary,Investigation complete; no suspect identified,
987a8126d88b56ee4c4ad2202d458482597b8060ad5389ba291fac11fb68cc03,2017-03,Sussex Police,Sussex Police,-0.684014,50.988258,On or near A272,E01031498,Chichester 005C,Violence and sexual offences,Investigation complete; no suspect identified,
,2017-03,Sussex Police,Sussex Police,-0.603479,50.983681,On or near Sheepdown Close,E01031514,Chichester 005D,Anti-social behaviour,,
,2017-03,Sussex Police,Sussex Police,-0.635127,50.994648,On or near Sports/Recreation Area,E01031514,Chichester 005D,Anti-social behaviour,,
eca010132cb04bcd612ad225c709d3c178df1451f4e1a23dd9185e523cea2b95,2017-03,Sussex Police,Sussex Police,-0.591142,51.047165,On or near Scratchings Lane,E01031514,Chichester 005D,Burglary,Investigation complete; no suspect identified,
aefc5297fca4d8f7bf28939f017c3e072e9cd8859aa46fbd6a358dd92dc97b6d,2017-03,Sussex Police,Sussex Police,-0.603479,50.983681,On or near Sheepdown Close,E01031514,Chichester 005D,Burglary,Investigation complete; no suspect identified,
3f14d3b81c98ee0905a9ebdc1297bf74f3493f884e5a0ae01c4e95df58739e9b,2017-03,Sussex Police,Sussex Police,-0.609791,50.986984,On or near Lombard Street,E01031514,Chichester 005D,Criminal damage and arson,Investigation complete; no suspect identified,
957ece48085dee377a2382c811a51d41aa29980ad5398094a34fff5f2ddfd06b,2017-03,Sussex Police,Sussex Police,-0.609791,50.986984,On or near Lombard Street,E01031514,Chichester 005D,Other theft,Investigation complete; no suspect identified,
4d000cc520d62050a1bca63395e01f87d36bf6e4eb2217d26d87f58a56094e4b,2017-03,Sussex Police,Sussex Police,-0.607829,50.983526,On or near Fairfield Rise,E01031514,Chichester 005D,Violence and sexual offences,Unable to prosecute suspect,
,2017-03,Sussex Police,Sussex Police,-0.610083,50.987222,On or near Church Street,E01031515,Chichester 005E,Anti-social behaviour,,
16b3efb6f7950063f0737308bf543bf1cad699e3b9057335e5e60b74fbdb5def,2017-03,Sussex Police,Sussex Police,-0.610083,50.987222,On or near Church Street,E01031515,Chichester 005E,Criminal damage and arson,Investigation complete; no suspect identified,
5027b96fafd93f3c04e8572af34c46df25a35e23f6c0d923aafa3b14c92e1a2e,2017-03,Sussex Police,Sussex Police,-0.612873,50.983963,On or near Downview Road,E01031515,Chichester 005E,Criminal damage and arson,Further investigation is not in the public interest,
51c38564521c7a20be5112139b92cec8e87b1ac8fa8f38fbf98d3554c662ea1b,2017-03,Sussex Police,Sussex Police,-0.611158,50.985094,On or near Pound Street,E01031515,Chichester 005E,Criminal damage and arson,Investigation complete; no suspect identified,
c2b940073ef8f951c7a80d6f6d715334f70de3612d2cee3fdad9eea41923c01c,2017-03,Sussex Police,Sussex Police,-0.610267,50.982970,On or near Wyndham Road,E01031515,Chichester 005E,Other theft,Unable to prosecute suspect,
ddec4d933fe1780f12972f005f8c782a28977a3dd8f5a7a8d7efb0712989ac2b,2017-03,Sussex Police,Sussex Police,-0.610545,50.982245,On or near Dawtrey Road,E01031515,Chichester 005E,Other theft,Investigation complete; no suspect identified,
b7622a61dcb9ec3aa1678dd031762988353930825eafb076557ce74afb74a481,2017-03,Sussex Police,Sussex Police,-0.612873,50.983963,On or near Downview Road,E01031515,Chichester 005E,Public order,Unable to prosecute suspect,
7b23611c522365def194a48775c052987708c5f2e71298f06332347b3bfcb0be,2017-03,Sussex Police,Sussex Police,-0.609110,50.984036,On or near Mant Road,E01031515,Chichester 005E,Violence and sexual offences,Investigation complete; no suspect identified,
ff5382c1a3ccbdeb122b1da0d4ce7c195c578df0f6b13ddb9d5ef7b732e01718,2017-03,Sussex Police,Sussex Police,-0.608150,50.993278,On or near Northend Close,E01031515,Chichester 005E,Violence and sexual offences,Investigation complete; no suspect identified,
a7561e949caba9d5cbb8c45cc02a61744f0e9686f13aa16063d55f40b96fec7d,2017-03,Sussex Police,Sussex Police,-0.579124,50.974574,On or near Park/Open Space,E01031516,Chichester 005F,Other theft,Investigation complete; no suspect identified,
86de7fea30b1d8f3d2afc502875aaa9d8d6b91fae7ea1a3a55b75b452080cd08,2017-03,Sussex Police,Sussex Police,-0.575603,50.952328,On or near Coates Lane,E01031516,Chichester 005F,Vehicle crime,Investigation complete; no suspect identified,
6c4883eb46ac7e8ab6554b469c4b832b8de6a526378cd39664890376e00c688b,2017-03,Sussex Police,Sussex Police,-0.575603,50.952328,On or near Coates Lane,E01031516,Chichester 005F,Violence and sexual offences,Unable to prosecute suspect,
a039feeadc811ad18b99160ca33d3a90d9e6047e96d8369b183eb55653645eee,2017-03,Sussex Police,Sussex Police,-0.562238,50.963270,On or near Greatpin Croft,E01031516,Chichester 005F,Violence and sexual offences,Status update unavailable,
fc8c05f2ee3a7fb52e2150a87aa3836b1080550f371fdd97c13b846051d0917a,2017-03,Sussex Police,Sussex Police,-0.561185,50.962331,On or near School Lane,E01031516,Chichester 005F,Violence and sexual offences,Investigation complete; no suspect identified,
,2017-03,Sussex Police,Sussex Police,-0.664994,50.903222,On or near A285,E01031477,Chichester 006A,Anti-social behaviour,,
,2017-03,Sussex Police,Sussex Police,-0.715356,50.909344,On or near Main Road,E01031477,Chichester 006A,Anti-social behaviour,,
,2017-03,Sussex Police,Sussex Police,-0.778748,50.905132,On or near Church Lane,E01031477,Chichester 006A,Anti-social behaviour,,
e951888663a61f3326e05567546d606cdf40c794ba1fb4d87c2287a9a620cb0a,2017-03,Sussex Police,Sussex Police,-0.748799,50.893304,On or near Kennel Hill,E01031477,Chichester 006A,Burglary,Investigation complete; no suspect identified,
cb7ac2fa95b0effaa9ef8bb0171d1534ced65ba04ae3536f8f91cd15ad7c8b4c,2017-03,Sussex Police,Sussex Police,-0.749426,50.911827,On or near Sports/Recreation Area,E01031477,Chichester 006A,Criminal damage and arson,Investigation complete; no suspect identified,
7b2152ebca240ae4623d59a2066819c8f1a2ce8963af835b30d6fea2bef131f0,2017-03,Sussex Police,Sussex Police,-0.749998,50.910664,On or near The Leys,E01031477,Chichester 006A,Drugs,Offender fined,
e3ae9c5e8bcac07e3633c0e104003edc02e846521b9afd4efed00e08f8fcd212,2017-03,Sussex Police,Sussex Police,-0.748799,50.893304,On or near Kennel Hill,E01031477,Chichester 006A,Drugs,Offender given a drugs possession warning,
a5f5357b910e40ebcd4d67a88519b500671ada3961adc441586d428d0a2a5e36,2017-03,Sussex Police,Sussex Police,-0.748799,50.893304,On or near Kennel Hill,E01031477,Chichester 006A,Drugs,Further investigation is not in the public interest,
918033367997e26f20ebc0e4aecea17e359086ce6ad225a9f8bc705f65dfce62,2017-03,Sussex Police,Sussex Police,-0.748799,50.893304,On or near Kennel Hill,E01031477,Chichester 006A,Drugs,Further investigation is not in the public interest,
df6be05b35d128676c5b9641ecd7e8e6eef79d4197ebf59c26f011927517cee8,2017-03,Sussex Police,Sussex Police,-0.748799,50.893304,On or near Kennel Hill,E01031477,Chichester 006A,Drugs,Further investigation is not in the public interest,
8f8048c3dddc2e45b3d29a25b10ae86c970a6de76988d48a9b4709f4eb09c760,2017-03,Sussex Police,Sussex Police,-0.748799,50.893304,On or near Kennel Hill,E01031477,Chichester 006A,Other theft,Investigation complete; no suspect identified,
3f5d857dc6610549e204b1d38919c56212fa41df6ff188997d0bc46c4fc0f8d4,2017-03,Sussex Police,Sussex Police,-0.706902,50.867407,On or near A285,E01031477,Chichester 006A,Other theft,Investigation complete; no suspect identified,
64b26f42e8458a3a956d96e5dd2a7c564690c2bcc52f2cfbb737ffb6c399c382,2017-03,Sussex Police,Sussex Police,-0.706902,50.867407,On or near A285,E01031477,Chichester 006A,Public order,Offender fined,
fa9f04335902c2e8d33ec1cde5cb046f8d02135e12ce76a0b9e2aa58a83a7a42,2017-03,Sussex Police,Sussex Police,-0.714343,50.858838,On or near The Close,E01031477,Chichester 006A,Vehicle crime,Investigation complete; no suspect identified,
66deba0de424c1b05f7f2e4246704c266c112a3bd543eead21c9f1602ee4fbcd,2017-03,Sussex Police,Sussex Police,-0.664994,50.903222,On or near A285,E01031477,Chichester 006A,Vehicle crime,Investigation complete; no suspect identified,
c6e425f940af1553df8fa7295359fefd7c8968eda5de3a542e96ab8406cd2309,2017-03,Sussex Police,Sussex Police,-0.749998,50.910664,On or near The Leys,E01031477,Chichester 006A,Violence and sexual offences,Unable to prosecute suspect,
d418201d06ae69defdd50cf30e18be7592de1c5cc8267aefef7d75458546e528,2017-03,Sussex Police,Sussex Police,-0.780168,50.848016,On or near Hospital,E01031485,Chichester 006B,Violence and sexual offences,Investigation complete; no suspect identified,
9203cdb6ea9930f9f12833bc6939f5fa3d03aba2f32a286fd0656e29bd5e1c36,2017-03,Sussex Police,Sussex Police,-0.773267,50.856594,On or near Ferndale Road,E01031487,Chichester 006C,Burglary,Investigation complete; no suspect identified,
,2017-03,Sussex Police,Sussex Police,-0.787254,50.873881,On or near Trundle Close,E01031509,Chichester 006D,Anti-social behaviour,,
,2017-03,Sussex Police,Sussex Police,-0.787254,50.873881,On or near Trundle Close,E01031509,Chichester 006D,Anti-social behaviour,,
,2017-03,Sussex Police,Sussex Police,-0.787254,50.873881,On or near Trundle Close,E01031509,Chichester 006D,Anti-social behaviour,,
,2017-03,Sussex Police,Sussex Police,-0.741117,50.851234,On or near Dairy Lane,E01031509,Chichester 006D,Anti-social behaviour,,
042d3fe441965bd3d1635ab5572ac4ecf0a4f4642db484b65bd416037d38aaeb,2017-03,Sussex Police,Sussex Police,-0.736851,50.872969,On or near Parking Area,E01031509,Chichester 006D,Other theft,Unable to prosecute suspect,
42aa1c08b38f76b27f10ce055a5173fcdd6a1771ec48cbb10738ef0563fb16a5,2017-03,Sussex Police,Sussex Police,-0.757705,50.847140,On or near The Sadlers,E01031509,Chichester 006D,Other theft,Investigation complete; no suspect identified,
3bffe9468f330dd005356f51ed0fdf43da90d471e58b5deb769a199d76685ff2,2017-03,Sussex Police,Sussex Police,-0.752797,50.859120,On or near Pedestrian Subway,E01031509,Chichester 006D,Public order,Further investigation is not in the public interest,
6892c9390a28b6f40896fbb27eb87a07889d8da66a9d5ee34efb775a3997bc82,2017-03,Sussex Police,Sussex Police,-0.746513,50.850258,On or near Potters Green,E01031509,Chichester 006D,Vehicle crime,Investigation complete; no suspect identified,
ad60846d3daf2eda5447ba7e0f415aa448176a1b23d4a79495d05fdfe5108dc0,2017-03,Sussex Police,Sussex Police,-0.791322,50.853410,On or near Brandy Hole Lane,E01031509,Chichester 006D,Vehicle crime,Investigation complete; no suspect identified,
ee33cb0b03600cd0730fb3c75b4de00151a71a5f01af998874d020b175dbfe8e,2017-03,Sussex Police,Sussex Police,-0.745719,50.849161,On or near Tilemakers Close,E01031509,Chichester 006D,Vehicle crime,Investigation complete; no suspect identified,
58c0dc28055b99d88eb0602d864dae8d539330a93e0755ef27acefd260492e0b,2017-03,Sussex Police,Sussex Police,-0.745581,50.850077,On or near Furze Close,E01031509,Chichester 006D,Vehicle crime,Investigation complete; no suspect identified,
7e0b60642c722e738514ced3e7c01e22843b0235fe15b2d06c700cfec8854b49,2017-03,Sussex Police,Sussex Police,-0.788216,50.874583,On or near Northside,E01031509,Chichester 006D,Vehicle crime,Investigation complete; no suspect identified,
7fe8aa378e74b8554b27e7b3c9646e65e95eb75a9e833884ac4f350b09b3f5ba,2017-03,Sussex Police,Sussex Police,-0.747036,50.850893,On or near Lillywhite Road,E01031509,Chichester 006D,Vehicle crime,Unable to prosecute suspect,
abd668920d783f7da1793255e0c0c2b3eaa5788413f7dec47cc7c1bfaf7e0523,2017-03,Sussex Police,Sussex Police,-0.783649,50.867665,On or near Meadow Close,E01031509,Chichester 006D,Violence and sexual offences,Defendant found not guilty,
c4338dd5e11fa55ab5217ae159b79fb0a2bdb18346b8741f11f3b23e2851c3d8,2017-03,Sussex Police,Sussex Police,-0.787752,50.876575,On or near Heron Close,E01031509,Chichester 006D,Violence and sexual offences,Unable to prosecute suspect,
d02280ed6a34cb0d2d50c3aadea8ca5c8f45eb1b1a231d1a8098de01cf5da58a,2017-03,Sussex Police,Sussex Police,-0.784677,50.870752,On or near Warble Heath Close,E01031509,Chichester 006D,Violence and sexual offences,Unable to prosecute suspect,
2dad2f7e039063be8645d23b1ad025a98200b2dadb795fa515e44712dceb2398,2017-03,Sussex Police,Sussex Police,-0.783649,50.867665,On or near Meadow Close,E01031509,Chichester 006D,Violence and sexual offences,Further investigation is not in the public interest,
d1ca03c910c5fc82523f2f04f6e364c5ce57967f8f339941c2341630b2bd0c93,2017-03,Sussex Police,Sussex Police,-0.784677,50.870752,On or near Warble Heath Close,E01031509,Chichester 006D,Violence and sexual offences,Unable to prosecute suspect,
c542a61692027d992f00add580f3c30219b19234594bb08bca1438f4f273c7bd,2017-03,Sussex Police,Sussex Police,-0.754911,50.850168,On or near Madgwick Lane,E01031509,Chichester 006D,Other crime,Action to be taken by another organisation,
,2017-03,Sussex Police,Sussex Police,-0.870983,50.855584,On or near Scant Road (East),E01031506,Chichester 007A,Anti-social behaviour,,
,2017-03,Sussex Police,Sussex Police,-0.870983,50.855584,On or near Scant Road (East),E01031506,Chichester 007A,Anti-social behaviour,,
0c1d6aeb9115e47d15fc50b6c0e661948a2cd1b020ae7f25d83aa7b130e1aaba,2017-03,Sussex Police,Sussex Police,-0.863119,50.868745,On or near Church Lane,E01031506,Chichester 007A,Burglary,Investigation complete; no suspect identified,
2fa6f6abbc4805c0e315ceef5ab0af6964b8f3330534117b95f7c2f241e37668,2017-03,Sussex Police,Sussex Police,-0.860319,50.868187,On or near Admirals Walk,E01031506,Chichester 007A,Criminal damage and arson,Unable to prosecute suspect,
daf5a5fbaf921e3c8946bf80fdbaca9089ad13e34344da3c2fa930dd99a496b5,2017-03,Sussex Police,Sussex Police,-0.860319,50.868187,On or near Admirals Walk,E01031506,Chichester 007A,Criminal damage and arson,Unable to prosecute suspect,
81b35548b8533fdd5f61d6455107a3315ecc792407d50c790cbf931f15ae0277,2017-03,Sussex Police,Sussex Police,-0.860319,50.868187,On or near Admirals Walk,E01031506,Chichester 007A,Criminal damage and arson,Unable to prosecute suspect,
38332bc5c4b3ee82101f56cdb4f917e397c46fc17115655022279f5fe886f3a0,2017-03,Sussex Police,Sussex Police,-0.860319,50.868187,On or near Admirals Walk,E01031506,Chichester 007A,Vehicle crime,Investigation complete; no suspect identified,
36cc97a86db4e866997bb22d18258736bad2c57aaff8b67b4959beae9c4f38f8,2017-03,Sussex Police,Sussex Police,-0.896091,50.927613,On or near Church Lane,E01031507,Chichester 007B,Other theft,Status update unavailable,
a75bcfd8d3968643c93d5d9fbf27c0605b37a892906715e2c6b756f1e8efe569,2017-03,Sussex Police,Sussex Police,-0.944806,50.881949,On or near Woodberry Lane,E01031507,Chichester 007B,Vehicle crime,Investigation complete; no suspect identified,
cf2bb9e4df1a78f3e4d943f0e89b472a54bcd60b6a24bcae5911cd1e0ae221b1,2017-03,Sussex Police,Sussex Police,-0.911275,50.908026,On or near Lodge Lane,E01031507,Chichester 007B,Vehicle crime,Investigation complete; no suspect identified,
b574ca166ebb651d6ef8d73f87199e70b16e091c1e0ecc26d4bbaca581bdeffd,2017-03,Sussex Police,Sussex Police,-0.837398,50.873258,On or near Downs Road,E01031507,Chichester 007B,Violence and sexual offences,Unable to prosecute suspect,
de65e796845bbb84d7e4970e5586372b7d2363f227d5ce72b857c097d567523e,2017-03,Sussex Police,Sussex Police,-0.855110,50.859809,On or near Mill Pond Lane,E01031507,Chichester 007B,Violence and sexual offences,Investigation complete; no suspect identified,
,2017-03,Sussex Police,Sussex Police,-0.911225,50.853448,On or near Haslemere Road,E01031533,Chichester 007D,Anti-social behaviour,,
,2017-03,Sussex Police,Sussex Police,-0.910519,50.850834,On or near Smallcutts Avenue,E01031533,Chichester 007D,Anti-social behaviour,,
c5c6ec48436a54af7715d67c4d86bf35526ee3e93557abae97702916a55af8bf,2017-03,Sussex Police,Sussex Police,-0.910758,50.849721,On or near Manor Road,E01031533,Chichester 007D,Other crime,Further investigation is not in the public interest,
,2017-03,Sussex Police,Sussex Police,-0.924016,50.864340,On or near Cedar Close,E01031543,Chichester 007E,Anti-social behaviour,,
,2017-03,Sussex Police,Sussex Police,-0.926141,50.861527,On or near The Square,E01031543,Chichester 007E,Anti-social behaviour,,
6ab04503e3055cd6481e7a808475ac11eab0a555d21c694d2b9f604d642bda05,2017-03,Sussex Police,Sussex Police,-0.925720,50.861910,On or near The Square,E01031543,Chichester 007E,Criminal damage and arson,Unable to prosecute suspect,
f480317943a384e992011f1bda492a5b9df64a1eeb9e0d986400eb740748ccee,2017-03,Sussex Police,Sussex Police,-0.922621,50.863815,On or near Nightingale Court,E01031543,Chichester 007E,Criminal damage and arson,Investigation complete; no suspect identified,
3990da4f77101f8caa1382254728203b96bc5cd483242ecbf097c359a879ab45,2017-03,Sussex Police,Sussex Police,-0.925720,50.861910,On or near The Square,E01031543,Chichester 007E,Criminal damage and arson,Unable to prosecute suspect,
3868589725516567ba41758235399b1fb187a340b66212b69c9672e40194ac56,2017-03,Sussex Police,Sussex Police,-0.925720,50.861910,On or near The Square,E01031543,Chichester 007E,Public order,Further investigation is not in the public interest,
bb313a7c023c9e686ff67285bb2282fc5dfb4a4532ef8a541e29ab925ab3c116,2017-03,Sussex Police,Sussex Police,-0.926141,50.861527,On or near The Square,E01031543,Chichester 007E,Public order,Investigation complete; no suspect identified,
f8125be01b2983b279722eaf5ee48c039ee3a6daea7ec26f004a9dd6c3cd0055,2017-03,Sussex Police,Sussex Police,-0.921664,50.862214,On or near Lingfield Close,E01031543,Chichester 007E,Public order,Investigation complete; no suspect identified,
97cff38db7ed10d9f1e5ac7cf2b5c3bf0ae44059b64d8dcb818389e220bda7ff,2017-03,Sussex Police,Sussex Police,-0.925720,50.861910,On or near The Square,E01031543,Chichester 007E,Violence and sexual offences,Further investigation is not in the public interest,
c0a7f9040b5321a29e9be2034d50bbb3b3d8b2a42256adee735b6666b97f6bb3,2017-03,Sussex Police,Sussex Police,-0.920203,50.863316,On or near Mallard Way,E01031543,Chichester 007E,Other crime,Unable to prosecute suspect,
,2017-03,Sussex Police,Sussex Police,-0.759595,50.838014,On or near Leatherbottle Lane,E01031482,Chichester 008A,Anti-social behaviour,,
,2017-03,Sussex Police,Sussex Police,-0.757594,50.839000,On or near Elizabeth Road,E01031482,Chichester 008A,Anti-social behaviour,,
,2017-03,Sussex Police,Sussex Police,-0.757594,50.839000,On or near Elizabeth Road,E01031482,Chichester 008A,Anti-social behaviour,,
2b0a5aebbe38153d1291cb089929b06362772bcf58b097e0abb4d6dd48356313,2017-03,Sussex Police,Sussex Police,-0.758549,50.841547,On or near Sports/Recreation Area,E01031482,Chichester 008A,Burglary,Investigation complete; no suspect identified,
f6962acfda7486164097a602249d7cf1c57b4e535e697f5853f4032aeacf0e76,2017-03,Sussex Police,Sussex Police,-0.760330,50.838661,On or near Portfield Close,E01031482,Chichester 008A,Criminal damage and arson,Status update unavailable,
0c0f530be230104bc5854d0429b72196dd07cc618e10bb3a3142bc39fb1b9011,2017-03,Sussex Police,Sussex Police,-0.760911,50.837102,On or near Oving Road,E01031482,Chichester 008A,Criminal damage and arson,Investigation complete; no suspect identified,
c8d313897221be34d92865661917246c9cc2ebb68324452e2e8262a56a9f6dff,2017-03,Sussex Police,Sussex Police,-0.757594,50.839000,On or near Elizabeth Road,E01031482,Chichester 008A,Criminal damage and arson,Investigation complete; no suspect identified,
16c3a8265ca2b50fa09681a29f0b3b7f437038767b9aff0cbd7824151bf177c7,2017-03,Sussex Police,Sussex Police,-0.760911,50.837102,On or near Oving Road,E01031482,Chichester 008A,Criminal damage and arson,Investigation complete; no suspect identified,
7163e0b68ba94bbebfa6f79cfbc983b83a7c15e02ff63f37204d79de8b2cc9e5,2017-03,Sussex Police,Sussex Police,-0.760330,50.838661,On or near Portfield Close,E01031482,Chichester 008A,Criminal damage and arson,Investigation complete; no suspect identified,
ea735ac3f285c6d48afff7313ae3c79eb624e77f57f4f1048827dca5aa9e0809,2017-03,Sussex Police,Sussex Police,-0.761905,50.838722,On or near St James'S Square,E01031482,Chichester 008A,Criminal damage and arson,Unable to prosecute suspect,
3c28fc2041bb79ffb6444583e640b5ea1c698009278af15340808e157bfc2784,2017-03,Sussex Police,Sussex Police,-0.757594,50.839000,On or near Elizabeth Road,E01031482,Chichester 008A,Drugs,Offender given suspended prison sentence,
db07f9e834df17de2ffac35d741bdba69c9b01268aefc8b6c67926829b0ffe81,2017-03,Sussex Police,Sussex Police,-0.759703,50.836064,On or near Kathleen Gardens,E01031482,Chichester 008A,Other theft,Investigation complete; no suspect identified,
c9fd100c5bffe0791ad2f8c28ece9adf159376f1212bc3b1f64b4988bb2889da,2017-03,Sussex Police,Sussex Police,-0.760911,50.837102,On or near Oving Road,E01031482,Chichester 008A,Other theft,Further investigation is not in the public interest,
a05c8632890d010dc05ce3a7c41efc49112e8efe7ba27d86cfd6441b17b10001,2017-03,Sussex Police,Sussex Police,-0.759703,50.836064,On or near Kathleen Gardens,E01031482,Chichester 008A,Other theft,Unable to prosecute suspect,
cf1f0f5848bbd0a54227362925696bcdf306b356a66ed2224e4e3f849c79e6a9,2017-03,Sussex Police,Sussex Police,-0.758549,50.841547,On or near Sports/Recreation Area,E01031482,Chichester 008A,Other theft,Unable to prosecute suspect,
79d7571d6c047908c77f6636cc5ce238057f6e655889f54b97b87a9454dfe34a,2017-03,Sussex Police,Sussex Police,-0.758549,50.841547,On or near Sports/Recreation Area,E01031482,Chichester 008A,Robbery,Investigation complete; no suspect identified,
e633ce1eb5f77de4f5b7ab1d0dd75859342b5e6ac4f7b5cd99b3e75d4671678e,2017-03,Sussex Police,Sussex Police,-0.758549,50.841547,On or near Sports/Recreation Area,E01031482,Chichester 008A,Shoplifting,Investigation complete; no suspect identified,
3953e8e61ff0f6f70145fe04d31b6b08e8bcb58bea9889301f6cda61b4b6ac13,2017-03,Sussex Police,Sussex Police,-0.758549,50.841547,On or near Sports/Recreation Area,E01031482,Chichester 008A,Shoplifting,Further investigation is not in the public interest,
a9d7ce3761dde7a8cd375c2abd447694383f401644487c3b1d0beadb65c41fbf,2017-03,Sussex Police,Sussex Police,-0.757386,50.840437,On or near Church Road,E01031482,Chichester 008A,Shoplifting,Investigation complete; no suspect identified,
a6ef9cca452dd4452090aed02182646f1a078b7c3b7d382ff7d24de5940c7bfc,2017-03,Sussex Police,Sussex Police,-0.757386,50.840437,On or near Church Road,E01031482,Chichester 008A,Shoplifting,Unable to prosecute suspect,
16ed0755fe9486dcb62f4b6780ccba97cdd042c9a4501d2576c2216f72c0b511,2017-03,Sussex Police,Sussex Police,-0.757386,50.840437,On or near Church Road,E01031482,Chichester 008A,Shoplifting,Investigation complete; no suspect identified,
c87f8a51cfbec8022d1f568376cd7e74d04378791f707b0377f8ec9c1825fa73,2017-03,Sussex Police,Sussex Police,-0.757386,50.840437,On or near Church Road,E01031482,Chichester 008A,Shoplifting,Investigation complete; no suspect identified,
3c84c525d29cc0e6d16a824e1bd6a87e9e64136893d5ee2234def2ed313533be,2017-03,Sussex Police,Sussex Police,-0.757386,50.840437,On or near Church Road,E01031482,Chichester 008A,Shoplifting,Investigation complete; no suspect identified,
f3f420a6a2697384f31016f77e6d62489dd26909d6c9da32b950415998d9a8af,2017-03,Sussex Police,Sussex Police,-0.757386,50.840437,On or near Church Road,E01031482,Chichester 008A,Shoplifting,Investigation complete; no suspect identified,
fd4d8a95c97324b7f083a384af3b201dcd233d032b6ff4cddc10a88503ac436c,2017-03,Sussex Police,Sussex Police,-0.758549,50.841547,On or near Sports/Recreation Area,E01031482,Chichester 008A,Shoplifting,Investigation complete; no suspect identified,
cb2d0dbe3be83fa80639ffb5bdfc6d04262d12db7d10efb1864c09cb0d5bf912,2017-03,Sussex Police,Sussex Police,-0.757386,50.840437,On or near Church Road,E01031482,Chichester 008A,Shoplifting,Court result unavailable,
b36dfea163f1757f990d3fd73b7f2653733c2ff1bdacf6c813c2805e08fec49b,2017-03,Sussex Police,Sussex Police,-0.758549,50.841547,On or near Sports/Recreation Area,E01031482,Chichester 008A,Shoplifting,Investigation complete; no suspect identified,
f0b6ecd8063d718dee478600ece3422ff5962d7d2d6343f48208b30d23f7ae23,2017-03,Sussex Police,Sussex Police,-0.758549,50.841547,On or near Sports/Recreation Area,E01031482,Chichester 008A,Theft from the person,Investigation complete; no suspect identified,
d84095d7d4efcb8b2110c30bc315679e9dd7220bef1e35abf520570ed916c588,2017-03,Sussex Police,Sussex Police,-0.760911,50.837102,On or near Oving Road,E01031482,Chichester 008A,Violence and sexual offences,Unable to prosecute suspect,
44b632a25424cfb0ba2f202ef471b334a25e98e966e64edd7281c31943719752,2017-03,Sussex Police,Sussex Police,-0.759703,50.836064,On or near Kathleen Gardens,E01031482,Chichester 008A,Violence and sexual offences,Further investigation is not in the public interest,
37601e25a2282e9075f26ad3b0eeb279227664215391e1745e6bc0355a1339d2,2017-03,Sussex Police,Sussex Police,-0.757594,50.839000,On or near Elizabeth Road,E01031482,Chichester 008A,Violence and sexual offences,Status update unavailable,
6109bc2a38fd794a68770f469cf45782e13949666fbda85bcd93df1d2d405495,2017-03,Sussex Police,Sussex Police,-0.756592,50.836643,On or near Henry Close,E01031482,Chichester 008A,Violence and sexual offences,Defendant found not guilty,
,2017-03,Sussex Police,Sussex Police,-0.763842,50.844418,On or near Conduit Mead,E01031483,Chichester 008B,Anti-social behaviour,,
,2017-03,Sussex Police,Sussex Police,-0.762803,50.840764,On or near Farndell Close,E01031483,Chichester 008B,Anti-social behaviour,,
,2017-03,Sussex Police,Sussex Police,-0.764938,50.844897,On or near Bradshaw Road,E01031483,Chichester 008B,Anti-social behaviour,,
,2017-03,Sussex Police,Sussex Police,-0.764938,50.844897,On or near Bradshaw Road,E01031483,Chichester 008B,Anti-social behaviour,,
,2017-03,Sussex Police,Sussex Police,-0.761884,50.842193,On or near Cornflower Close,E01031483,Chichester 008B,Anti-social behaviour,,
,2017-03,Sussex Police,Sussex Police,-0.766102,50.842238,On or near Meadowfield Drive,E01031483,Chichester 008B,Anti-social behaviour,,
,2017-03,Sussex Police,Sussex Police,-0.765428,50.845675,On or near Tenacre Close,E01031483,Chichester 008B,Anti-social behaviour,,
,2017-03,Sussex Police,Sussex Police,-0.765025,50.841588,On or near Stephens Close,E01031483,Chichester 008B,Anti-social behaviour,,
,2017-03,Sussex Police,Sussex Police,-0.763924,50.845102,On or near Millfield Close,E01031483,Chichester 008B,Anti-social behaviour,,
,2017-03,Sussex Police,Sussex Police,-0.763117,50.846074,On or near Barnfield Drive,E01031483,Chichester 008B,Anti-social behaviour,,
,2017-03,Sussex Police,Sussex Police,-0.763865,50.843545,On or near Silverlock Close,E01031483,Chichester 008B,Anti-social behaviour,,
,2017-03,Sussex Police,Sussex Police,-0.766411,50.845056,On or near Baxendale Road,E01031483,Chichester 008B,Anti-social behaviour,,
,2017-03,Sussex Police,Sussex Police,-0.764938,50.844897,On or near Bradshaw Road,E01031483,Chichester 008B,Anti-social behaviour,,
,2017-03,Sussex Police,Sussex Police,-0.763865,50.843545,On or near Silverlock Close,E01031483,Chichester 008B,Anti-social behaviour,,
,2017-03,Sussex Police,Sussex Police,-0.766411,50.845056,On or near Baxendale Road,E01031483,Chichester 008B,Anti-social behaviour,,
,2017-03,Sussex Police,Sussex Police,-0.767005,50.841906,On or near Lennox Road,E01031483,Chichester 008B,Anti-social behaviour,,
,2017-03,Sussex Police,Sussex Police,-0.767005,50.841906,On or near Lennox Road,E01031483,Chichester 008B,Anti-social behaviour,,
79d9827f029af29108eafe626b3d463e4c073aefc1ac6f0623ec613a5bb32b46,2017-03,Sussex Police,Sussex Police,-0.766920,50.847283,On or near Palmers Field Avenue,E01031483,Chichester 008B,Bicycle theft,Investigation complete; no suspect identified,
958531d944d3143ad72d553923ffd1d71d0ea6264880c8291385179d6bd083a4,2017-03,Sussex Police,Sussex Police,-0.767189,50.843005,On or near Shamrock Close,E01031483,Chichester 008B,Burglary,Investigation complete; no suspect identified,
338929006f2d8f28f44022c030cd40e590a269a22dbb3d283af202e994de362a,2017-03,Sussex Police,Sussex Police,-0.766102,50.842238,On or near Meadowfield Drive,E01031483,Chichester 008B,Burglary,Offender given community sentence,
6e26723c78426513b6f1ec3451acf2bac1899738a9290fece08d5ebd97dbbd4b,2017-03,Sussex Police,Sussex Police,-0.766411,50.845056,On or near Baxendale Road,E01031483,Chichester 008B,Criminal damage and arson,Unable to prosecute suspect,
b325004d23646178cf2be762ab97153e24da0185b21c22f7d326f932f75f0ec6,2017-03,Sussex Police,Sussex Police,-0.762660,50.844000,On or near Southdown Close,E01031483,Chichester 008B,Criminal damage and arson,Investigation complete; no suspect identified,
72f9d400b946f68add297b85243728af55f3251c14d67ae4c8421f885386415e,2017-03,Sussex Police,Sussex Police,-0.765025,50.841588,On or near Stephens Close,E01031483,Chichester 008B,Criminal damage and arson,Investigation complete; no suspect identified,
5adbe707bd4e4c53c90d591f2eff3e459041bcb58e1000ba08c722d65ed3bbb0,2017-03,Sussex Police,Sussex Police,-0.764330,50.841536,On or near Greenfield Road,E01031483,Chichester 008B,Criminal damage and arson,Investigation complete; no suspect identified,
2761f770f9e470a2475721fc7dbf62092ab0df6ef451a4f6c608448811cdcb32,2017-03,Sussex Police,Sussex Police,-0.763842,50.844418,On or near Conduit Mead,E01031483,Chichester 008B,Other theft,Investigation complete; no suspect identified,
bacf51aa0584b1c1f7297c11e5a01d15819a9e4d1f4bff009d9a7f520478b889,2017-03,Sussex Police,Sussex Police,-0.763472,50.843910,On or near Cullum Close,E01031483,Chichester 008B,Other theft,Status update unavailable,
6b12ac13c6c7cca480a5556c009b3f4ae8c5733d2fc3dfd0005070c014c4be0e,2017-03,Sussex Police,Sussex Police,-0.764938,50.844897,On or near Bradshaw Road,E01031483,Chichester 008B,Other theft,Status update unavailable,
23784d444e532bbe8f9dcb8c93c70572db5201ef1761653b30d5c7b1c2fe640a,2017-03,Sussex Police,Sussex Police,-0.764938,50.844897,On or near Bradshaw Road,E01031483,Chichester 008B,Public order,Status update unavailable,
cc7f159996d8bbeaa5d962ddecba357db6049f1891cffe818194bc375083acf3,2017-03,Sussex Police,Sussex Police,-0.761955,50.842734,On or near Fox Close,E01031483,Chichester 008B,Vehicle crime,Investigation complete; no suspect identified,
091d8bc6b4b6e3825504c497325c67b70fbdcd6def9614c52b5d4a82149480ae,2017-03,Sussex Police,Sussex Police,-0.767005,50.841906,On or near Lennox Road,E01031483,Chichester 008B,Vehicle crime,Investigation complete; no suspect identified,
a276f0e403f91cd4a2b824ffac13966cd1c06edceadda29e152b40ea059c24dd,2017-03,Sussex Police,Sussex Police,-0.763318,50.846516,On or near The Pitcroft,E01031483,Chichester 008B,Vehicle crime,Investigation complete; no suspect identified,
65edaf2882473b182737f9529c0389c0389615f861703c06fd535556ae846ef4,2017-03,Sussex Police,Sussex Police,-0.762489,50.841894,On or near Story Road,E01031483,Chichester 008B,Violence and sexual offences,Status update unavailable,
d8d9be632a68225a11d0aab2a40395f053d9f29fba7527c0a914ca2ce99e2b2d,2017-03,Sussex Police,Sussex Police,-0.764938,50.844897,On or near Bradshaw Road,E01031483,Chichester 008B,Violence and sexual offences,Unable to prosecute suspect,
3616994df6606f77235a1edaab683ae3df4dbcd29183cd72caf0045426a01923,2017-03,Sussex Police,Sussex Police,-0.762803,50.840764,On or near Farndell Close,E01031483,Chichester 008B,Violence and sexual offences,Status update unavailable,
813c749d20bbeac1df4759a1a4dcca96272d557a205a706b6f20ca7e6ed934c6,2017-03,Sussex Police,Sussex Police,-0.762489,50.841894,On or near Story Road,E01031483,Chichester 008B,Violence and sexual offences,Unable to prosecute suspect,
2793b9abee20553a88a80139a859e9e404852ae5ab819bceac240e625d536980,2017-03,Sussex Police,Sussex Police,-0.767005,50.841906,On or near Lennox Road,E01031483,Chichester 008B,Violence and sexual offences,Offender given suspended prison sentence,
f5a83d99b8054305d153738a65ca46b415e6abe9b7e256e9e2a375db0fc39477,2017-03,Sussex Police,Sussex Police,-0.764938,50.844897,On or near Bradshaw Road,E01031483,Chichester 008B,Violence and sexual offences,Unable to prosecute suspect,
41cd9f7ef8d471e51fdb008820b055df4ab6c18a2a715b7cc125b07cf40b9f45,2017-03,Sussex Police,Sussex Police,-0.763318,50.846516,On or near The Pitcroft,E01031483,Chichester 008B,Violence and sexual offences,Further investigation is not in the public interest,
c67c6df03a126a935853e78ae17aacca84afabaebf50fa01014ba55843d46529,2017-03,Sussex Police,Sussex Police,-0.764938,50.844897,On or near Bradshaw Road,E01031483,Chichester 008B,Violence and sexual offences,Unable to prosecute suspect,
4f0f6136b3df376f4f1f910bcdca70918e21ae5796119789405ce4e1dc38ecd5,2017-03,Sussex Police,Sussex Police,-0.762489,50.841894,On or near Story Road,E01031483,Chichester 008B,Violence and sexual offences,Unable to prosecute suspect,
b55e7ba3b8a6be746c2fa830e40680f7463ff2ff4da475378f3e00ca114dde2b,2017-03,Sussex Police,Sussex Police,-0.763924,50.845102,On or near Millfield Close,E01031483,Chichester 008B,Violence and sexual offences,Formal action is not in the public interest,
f2c2d0482476cb831a05962168ecb334d3413965a683aa2d947f55517821c7be,2017-03,Sussex Police,Sussex Police,-0.767005,50.841906,On or near Lennox Road,E01031483,Chichester 008B,Violence and sexual offences,Unable to prosecute suspect,
5316faaa89d1a4f977717b34d473f0114724cf445e4f47e5c4cc1883a6f7a925,2017-03,Sussex Police,Sussex Police,-0.767005,50.841906,On or near Lennox Road,E01031483,Chichester 008B,Violence and sexual offences,Unable to prosecute suspect,
b44dfaf7c48a87e0352dc163369e9c7de48c6197963a1c483a7f7416d5884190,2017-03,Sussex Police,Sussex Police,-0.763842,50.844418,On or near Conduit Mead,E01031483,Chichester 008B,Violence and sexual offences,Unable to prosecute suspect,
,2017-03,Sussex Police,Sussex Police,-0.782398,50.842598,On or near High Street,E01031486,Chichester 008C,Anti-social behaviour,,
,2017-03,Sussex Police,Sussex Police,-0.777703,50.836884,On or near St Martin'S Street,E01031486,Chichester 008C,Anti-social behaviour,,
,2017-03,Sussex Police,Sussex Police,-0.777984,50.838658,On or near St Peter'S,E01031486,Chichester 008C,Anti-social behaviour,,
,2017-03,Sussex Police,Sussex Police,-0.777667,50.841524,On or near Parking Area,E01031486,Chichester 008C,Anti-social behaviour,,
,2017-03,Sussex Police,Sussex Police,-0.777703,50.836884,On or near St Martin'S Street,E01031486,Chichester 008C,Anti-social behaviour,,
,2017-03,Sussex Police,Sussex Police,-0.777703,50.836884,On or near St Martin'S Street,E01031486,Chichester 008C,Anti-social behaviour,,
,2017-03,Sussex Police,Sussex Police,-0.777703,50.836884,On or near St Martin'S Street,E01031486,Chichester 008C,Anti-social behaviour,,
8e61863d3f1df0e1bb00d0cb023ea4107230ead03607c1cd9c7809a11b1d163d,2017-03,Sussex Police,Sussex Police,-0.777984,50.838658,On or near St Peter'S,E01031486,Chichester 008C,Bicycle theft,Investigation complete; no suspect identified,
e0444f9e569898932f38173d7c93493588a0ea1460b19c6dc0b861d4e5cafc71,2017-03,Sussex Police,Sussex Police,-0.776723,50.840704,On or near Oaklands Way,E01031486,Chichester 008C,Drugs,Offender fined,
b6487cc12551e7004d9edd34ff218e8989bf98b551d763ce4c28fba02f43066b,2017-03,Sussex Police,Sussex Police,-0.777667,50.841524,On or near Parking Area,E01031486,Chichester 008C,Other theft,Investigation complete; no suspect identified,
e94300143b8a75d94c83988460f94c4a120afb4c340f91fa00336c3a5c120ffa,2017-03,Sussex Police,Sussex Police,-0.777556,50.836567,On or near Shopping Area,E01031486,Chichester 008C,Other theft,Status update unavailable,
26eaf745f8ec68f593003aa6c6240390a30c4c15f0f51aacf6a043b6af1d7590,2017-03,Sussex Police,Sussex Police,-0.777950,50.837785,On or near Lion Street,E01031486,Chichester 008C,Other theft,Investigation complete; no suspect identified,
8c573317f6e9c6ccb655ee546c23f9e9ac3f7f2a2de73e397a094453fb870e72,2017-03,Sussex Police,Sussex Police,-0.778094,50.839325,On or near Guildhall Street,E01031486,Chichester 008C,Possession of weapons,Court result unavailable,
4386a6bf3d806cf789d2b963b6e2ae180266329770d1d6987fea32f73472bb49,2017-03,Sussex Police,Sussex Police,-0.777950,50.837785,On or near Lion Street,E01031486,Chichester 008C,Public order,Investigation complete; no suspect identified,
5511d870c71ee58ce0c13df981dd74a214f64c09496f366d43723e6ace5bc0d6,2017-03,Sussex Police,Sussex Police,-0.777776,50.840634,On or near Pedestrian Subway,E01031486,Chichester 008C,Robbery,Unable to prosecute suspect,
90f07b4f0d5f0a5015d8fc2083ccf367e902b20d981ff48705d88b0e540bfd94,2017-03,Sussex Police,Sussex Police,-0.778486,50.839536,On or near North Street,E01031486,Chichester 008C,Shoplifting,Investigation complete; no suspect identified,
7ac301b69ca62c85e6b30e0cd44fa5104060501e6c96c1992a6f1f4d03a83e59,2017-03,Sussex Police,Sussex Police,-0.777556,50.836567,On or near Shopping Area,E01031486,Chichester 008C,Shoplifting,Awaiting court outcome,
afa9c3d17d6bb274c17e5c4a42346474d3b913425d7111de1379ae6338f5f969,2017-03,Sussex Police,Sussex Police,-0.777703,50.836884,On or near St Martin'S Street,E01031486,Chichester 008C,Shoplifting,Unable to prosecute suspect,
f38266207b4cb397ad1cc065a6ec6583b12aa4e749f6742d7cf007b4bfd7d469,2017-03,Sussex Police,Sussex Police,-0.777556,50.836567,On or near Shopping Area,E01031486,Chichester 008C,Shoplifting,Offender sent to prison,
0bd00ad7a6f19669ae272b7642fa472dde67cc062582f79155efc0e18bbab987,2017-03,Sussex Police,Sussex Police,-0.777556,50.836567,On or near Shopping Area,E01031486,Chichester 008C,Shoplifting,Offender fined,
cb93aa442847d61309c54c44f53fc8e84f4a8e5fbcd0159bd94fe6b37bda22fe,2017-03,Sussex Police,Sussex Police,-0.777556,50.836567,On or near Shopping Area,E01031486,Chichester 008C,Shoplifting,Offender sent to prison,
d3ceb95395d9df9337391c310d0f012bafc392e47136361e694e0a6a1fca76a2,2017-03,Sussex Police,Sussex Police,-0.777984,50.838658,On or near St Peter'S,E01031486,Chichester 008C,Shoplifting,Offender fined,
bd9a8c4cab68ca6c7a1dc47cee6d3a68b3a99b493281720a7e72adadd0eaba9a,2017-03,Sussex Police,Sussex Police,-0.777556,50.836567,On or near Shopping Area,E01031486,Chichester 008C,Shoplifting,Offender given conditional discharge,
184a81372d5da3cdec89680596f31f1a9da19ad0d3df34f3774308b529c80182,2017-03,Sussex Police,Sussex Police,-0.777556,50.836567,On or near Shopping Area,E01031486,Chichester 008C,Vehicle crime,Investigation complete; no suspect identified,
63d15ba756ebbe11674a95bef66e22be4b6dbe8c2c25d6fb1e71ba1a406997a7,2017-03,Sussex Police,Sussex Police,-0.777984,50.838658,On or near St Peter'S,E01031486,Chichester 008C,Violence and sexual offences,Court result unavailable,
25eaccfb3d2356e394ca020e9dd9dd45bb356f71f91eda7a249fd8e766a1002b,2017-03,Sussex Police,Sussex Police,-0.777984,50.838658,On or near St Peter'S,E01031486,Chichester 008C,Violence and sexual offences,Offender given suspended prison sentence,
c6f8f5228d79c567d7d87210fe16f44cf3c2c1b1007b565876d0e5ce86cd8df4,2017-03,Sussex Police,Sussex Police,-0.774316,50.837172,On or near East Walls,E01031486,Chichester 008C,Violence and sexual offences,Unable to prosecute suspect,
7127cd939ef59043ce1c8ba6e44179a9d5d01c263a5fbbf3eda12b873d2f884d,2017-03,Sussex Police,Sussex Police,-0.777984,50.838658,On or near St Peter'S,E01031486,Chichester 008C,Violence and sexual offences,Status update unavailable,
498b01070d338313f8dcc4c036955f50f268f9f87c8d1de2711d26e59c71b143,2017-03,Sussex Police,Sussex Police,-0.780066,50.840514,On or near St Paul'S Road,E01031486,Chichester 008C,Violence and sexual offences,Offender given community sentence,
b2e8f6bcff1c560af5859671835f856214cccdc53578d192f1b8d273986c3d3d,2017-03,Sussex Police,Sussex Police,-0.777984,50.838658,On or near St Peter'S,E01031486,Chichester 008C,Violence and sexual offences,Investigation complete; no suspect identified,
,2017-03,Sussex Police,Sussex Police,-0.778941,50.852571,On or near The Broadway,E01031488,Chichester 008D,Anti-social behaviour,,
,2017-03,Sussex Police,Sussex Police,-0.771934,50.853811,On or near The Copse,E01031488,Chichester 008D,Anti-social behaviour,,
3caafb168c2619504a3e93090ad8ea93228f539733bbcf4058fdb5899be58eaa,2017-03,Sussex Police,Sussex Police,-0.766321,50.850082,On or near Sports/Recreation Area,E01031488,Chichester 008D,Bicycle theft,Investigation complete; no suspect identified,
96b103807b279c437673dc7cc2845af82f74ec3fb3827d5441dea880c6666cb6,2017-03,Sussex Police,Sussex Police,-0.769016,50.845929,On or near Graylingwell Drive,E01031488,Chichester 008D,Criminal damage and arson,Status update unavailable,
e18230081d8dff2b606d43d57aab211dbaee95f0db2fd16b52e9fd7bbb638668,2017-03,Sussex Police,Sussex Police,-0.769016,50.845929,On or near Graylingwell Drive,E01031488,Chichester 008D,Criminal damage and arson,Unable to prosecute suspect,
e095185ab97bd2afef3c504c9913615d520fbe98273abd439e0cb354179ded3e,2017-03,Sussex Police,Sussex Police,-0.774040,50.850964,On or near Blomfield Drive,E01031488,Chichester 008D,Other theft,Investigation complete; no suspect identified,
00e0f39e2d36d4ef2512bcb2282d383d45102c386135c94c02998b5892beb9c7,2017-03,Sussex Police,Sussex Police,-0.778941,50.852571,On or near The Broadway,E01031488,Chichester 008D,Public order,Investigation complete; no suspect identified,
141af3a43b3c5c1163c2a8ac776eeb46a4698bdfb709f2491b6bb18eda3c61b6,2017-03,Sussex Police,Sussex Police,-0.773340,50.852737,On or near Winterbourne Road,E01031488,Chichester 008D,Vehicle crime,Investigation complete; no suspect identified,
38de223495487d3bd726dd044621e801b7b68d8ec94b8f0ba36d0ff88a647c8e,2017-03,Sussex Police,Sussex Police,-0.773765,50.853866,On or near Croft Mead,E01031488,Chichester 008D,Vehicle crime,Investigation complete; no suspect identified,
ff67da0ffb984ff99c197cd708680e0867e56f92cbef5fbfce2b9cce50a2dfc7,2017-03,Sussex Police,Sussex Police,-0.779481,50.849861,On or near Osborn Crescent,E01031488,Chichester 008D,Violence and sexual offences,Unable to prosecute suspect,
aefd0e93d6b9cba72a6a8a8c74a84a9bfd3be1fee45bdb2ab1c8fa27d90a7bc3,2017-03,Sussex Police,Sussex Police,-0.766321,50.850082,On or near Sports/Recreation Area,E01031488,Chichester 008D,Violence and sexual offences,Unable to prosecute suspect,
23efab3f15a43b09fc5f9276caae4e2545038862eac2170c8ded6254dfa45ee7,2017-03,Sussex Police,Sussex Police,-0.773381,50.851694,On or near Naunton Road,E01031488,Chichester 008D,Violence and sexual offences,Unable to prosecute suspect,
,2017-03,Sussex Police,Sussex Police,-0.789986,50.844656,On or near Gilbert Road,E01031494,Chichester 008E,Anti-social behaviour,,
,2017-03,Sussex Police,Sussex Police,-0.789986,50.844656,On or near Gilbert Road,E01031494,Chichester 008E,Anti-social behaviour,,
,2017-03,Sussex Police,Sussex Police,-0.793594,50.842427,On or near Barton Road,E01031494,Chichester 008E,Anti-social behaviour,,
,2017-03,Sussex Police,Sussex Police,-0.789986,50.844656,On or near Gilbert Road,E01031494,Chichester 008E,Anti-social behaviour,,
,2017-03,Sussex Police,Sussex Police,-0.793594,50.842427,On or near Barton Road,E01031494,Chichester 008E,Anti-social behaviour,,
,2017-03,Sussex Police,Sussex Police,-0.789986,50.844656,On or near Gilbert Road,E01031494,Chichester 008E,Anti-social behaviour,,
07483c7a2cfc65531db833529e591292af07e005fa6bf36d066cd478116a2e85,2017-03,Sussex Police,Sussex Police,-0.793819,50.839228,On or near Langton Road,E01031494,Chichester 008E,Burglary,Investigation complete; no suspect identified,
9a9480c94098b0ad25673186c51810e9074c3ef81495b06723e3de7e91e8ea68,2017-03,Sussex Police,Sussex Police,-0.791759,50.841445,On or near Hilary Road,E01031494,Chichester 008E,Burglary,Investigation complete; no suspect identified,
e82e49b1d48fcc0c4813d531b18841c9f423a501c084f7bcceb0f0698a295325,2017-03,Sussex Police,Sussex Police,-0.797219,50.840108,On or near Bishop Luffa Close,E01031494,Chichester 008E,Drugs,Offender given a drugs possession warning,
d869d19e0816012302b6ccdb15c8d109379c85e1a1fcafd04488bfc566017ccf,2017-03,Sussex Police,Sussex Police,-0.797219,50.840108,On or near Bishop Luffa Close,E01031494,Chichester 008E,Drugs,Further investigation is not in the public interest,
b81cac5337ea570bacc9452760a243f8a601b74da2c53f4e00e2e3e5f6cdaf34,2017-03,Sussex Police,Sussex Police,-0.790943,50.842795,On or near Barlow Road,E01031494,Chichester 008E,Public order,Status update unavailable,
c29d95f56904314561b8f1fa867543d878b860e053a9ce6c8d2019050a643301,2017-03,Sussex Police,Sussex Police,-0.790498,50.845164,On or near Carleton Road,E01031494,Chichester 008E,Vehicle crime,Investigation complete; no suspect identified,
169d850a34e260af537c478493514017dc75d49efc61ddfa96ea66052514b56c,2017-03,Sussex Police,Sussex Police,-0.792236,50.842763,On or near John Arundel Road,E01031494,Chichester 008E,Violence and sexual offences,Status update unavailable,
a7cd039c6db7be89ac6af1e7dee75c3d019b0ae8f4c20e380141d9e99f6400c6,2017-03,Sussex Police,Sussex Police,-0.790943,50.842795,On or near Barlow Road,E01031494,Chichester 008E,Violence and sexual offences,Local resolution,
919ac9bd91a80868e25375b62d86ff25acc5e0329c92447a64a7a1f67ec37441,2017-03,Sussex Police,Sussex Police,-0.789986,50.844656,On or near Gilbert Road,E01031494,Chichester 008E,Violence and sexual offences,Status update unavailable,
a12feae69645abea012d8d675730f814a58a20b19f8b9d16dfe138904ad2c8b7,2017-03,Sussex Police,Sussex Police,-0.788049,50.842099,On or near Oak Avenue,E01031495,Chichester 008F,Burglary,Investigation complete; no suspect identified,
cb2474c0e64b36887f6a9d4b67fb19d91c820464228223e985347df5799664e0,2017-03,Sussex Police,Sussex Police,-0.786339,50.842873,On or near Walnut Avenue,E01031495,Chichester 008F,Burglary,Investigation complete; no suspect identified,
ae79adce11848a4c54f4d17125de0bb6c17fe049b4aac72e32fa066f55f7638a,2017-03,Sussex Police,Sussex Police,-0.864378,50.842651,On or near Newells Lane,E01031475,Chichester 009A,Criminal damage and arson,Further investigation is not in the public interest,
c206967d849af335e952d49f8b376cfc9ec56c7ec2da40d1c1015fdc327e7aa3,2017-03,Sussex Police,Sussex Police,-0.864378,50.842651,On or near Newells Lane,E01031475,Chichester 009A,Criminal damage and arson,Unable to prosecute suspect,
c9770dc14fae7ce7d35ac94d6a0a83d186db3ed00d337a459b65d35e51b4067e,2017-03,Sussex Police,Sussex Police,-0.875577,50.837661,On or near Chidham Lane,E01031475,Chichester 009A,Drugs,Offender fined,
5fb70c6ebdc29669f2ab5e08080e01e8bb902ec0020646caf0986690ef3d13d2,2017-03,Sussex Police,Sussex Police,-0.882704,50.847262,On or near Broad Road,E01031475,Chichester 009A,Other theft,Investigation complete; no suspect identified,
1920c76dc09f1f53a6ab4b5f0c5cc72db37fabdedbc0bd7d06a94e98cfb60290,2017-03,Sussex Police,Sussex Police,-0.882575,50.850282,On or near Broad Road,E01031475,Chichester 009A,Other theft,Investigation complete; no suspect identified,
,2017-03,Sussex Police,Sussex Police,-0.847808,50.833802,On or near School Lane,E01031476,Chichester 009B,Anti-social behaviour,,
,2017-03,Sussex Police,Sussex Police,-0.850392,50.841894,On or near Old Bridge Road,E01031476,Chichester 009B,Anti-social behaviour,,
bc4624b14adbd1446285811af727dc34dcd610d7ae72e0c740c538e9d8223856,2017-03,Sussex Police,Sussex Police,-0.850825,50.839875,On or near Sports/Recreation Area,E01031476,Chichester 009B,Burglary,Unable to prosecute suspect,
93d1e1c468fc557922235b28d2638432f85c9dc759f6e8e2afdd02d5c55830c1,2017-03,Sussex Police,Sussex Police,-0.849795,50.840179,On or near Broadbridge Court,E01031476,Chichester 009B,Burglary,Investigation complete; no suspect identified,
c32a1f7316e1c48de1d4abd337a9fadf4242fc8bf97bb8d3ef9b11c248245a67,2017-03,Sussex Police,Sussex Police,-0.850825,50.839875,On or near Sports/Recreation Area,E01031476,Chichester 009B,Burglary,Unable to prosecute suspect,
0f719d2974146ac6c014680273cc957fe5f1c3bc3c353f55ba375fa183370690,2017-03,Sussex Police,Sussex Police,-0.845795,50.815230,On or near Hoe Lane,E01031476,Chichester 009B,Burglary,Investigation complete; no suspect identified,
47264ff39d11d69775bb099354c7272e661da433b1c0ad4a308f5ba09ac3bb7a,2017-03,Sussex Police,Sussex Police,-0.850879,50.842303,On or near Stanbury Close,E01031476,Chichester 009B,Criminal damage and arson,Awaiting court outcome,
4920f503fe7db5af017c0181d16242294ba103e8c6bfe933f513d914ae555d56,2017-03,Sussex Police,Sussex Police,-0.858654,50.828683,On or near High Street,E01031476,Chichester 009B,Other theft,Investigation complete; no suspect identified,
abd9062aeddb7dabc612d8eeff58ef1eb1cbd4e8957dc4abd232331796347d25,2017-03,Sussex Police,Sussex Police,-0.858654,50.828683,On or near High Street,E01031476,Chichester 009B,Other theft,Investigation complete; no suspect identified,
260df33d225abbfa852da4ce3084f9beed7193a27e10e6c9ba88e713cba634d1,2017-03,Sussex Police,Sussex Police,-0.858654,50.828683,On or near High Street,E01031476,Chichester 009B,Other theft,Investigation complete; no suspect identified,
d54dc1b6f7bd594fe3e0c4ee908a8b6e50067bdd35d6129e4f5795dbc73f2d87,2017-03,Sussex Police,Sussex Police,-0.865203,50.812137,On or near Ferry Terminal,E01031476,Chichester 009B,Other theft,Investigation complete; no suspect identified,
,2017-03,Sussex Police,Sussex Police,-0.931011,50.823757,On or near Hornet Road,E01031532,Chichester 009C,Anti-social behaviour,,
b362427cb8f2c5dc20661a9617aee59ffed1b140a0ce42c72292aa5e56b737b9,2017-03,Sussex Police,Sussex Police,-0.920733,50.837260,On or near Thornham Lane,E01031532,Chichester 009C,Burglary,Investigation complete; no suspect identified,
fd8551abb047044fe2e92f450c3ba4fae2c5e18cd86a8f51be3e95d441f5b298,2017-03,Sussex Police,Sussex Police,-0.910399,50.815113,On or near Varsity Road,E01031532,Chichester 009C,Other theft,Investigation complete; no suspect identified,
,2017-03,Sussex Police,Sussex Police,-0.894896,50.843484,On or near Petrol Station,E01031535,Chichester 009E,Anti-social behaviour,,
,2017-03,Sussex Police,Sussex Police,-0.894896,50.843484,On or near Petrol Station,E01031535,Chichester 009E,Anti-social behaviour,,
2c0934c0b263c84ecb96028f433d142d5ab0a8f7f8d31cd961e9341c578dd17e,2017-03,Sussex Police,Sussex Police,-0.884019,50.845152,On or near Flatt Road,E01031535,Chichester 009E,Burglary,Investigation complete; no suspect identified,
b0f57ef8636e1f3f502fc355ef0c183071b436439743e3cd1909399e95e8f0f0,2017-03,Sussex Police,Sussex Police,-0.904633,50.845554,On or near Goodwood Court,E01031535,Chichester 009E,Burglary,Investigation complete; no suspect identified,
67f18279f1c1d5b14255ba933e7a96a752d5eb5c4dc520becbba3eeeeaa4160d,2017-03,Sussex Police,Sussex Police,-0.894896,50.843484,On or near Petrol Station,E01031535,Chichester 009E,Other theft,Investigation complete; no suspect identified,
d169115749a193689a40c2478104cb4f0c84cd5faac8987335343d12d5c6c65e,2017-03,Sussex Police,Sussex Police,-0.908204,50.844706,On or near Supermarket,E01031535,Chichester 009E,Shoplifting,Investigation complete; no suspect identified,
578f9dbc8c8683e70891e5d8dd04888e1bba4d585568c50ef9c0abda298479c1,2017-03,Sussex Police,Sussex Police,-0.904633,50.845554,On or near Goodwood Court,E01031535,Chichester 009E,Vehicle crime,Investigation complete; no suspect identified,
aaeb1b306522ee16ff300ac23e2164dbe041a8d5650bb8f748a8fdec63279104,2017-03,Sussex Police,Sussex Police,-0.904633,50.845554,On or near Goodwood Court,E01031535,Chichester 009E,Violence and sexual offences,Local resolution,
,2017-03,Sussex Police,Sussex Police,-0.758099,50.836578,On or near Charles Avenue,E01031480,Chichester 010A,Anti-social behaviour,,
f53d37a7bc28ee4578cffb2ae0702ed3d41f16d1ddd1644027a9189171098161,2017-03,Sussex Police,Sussex Police,-0.758099,50.836578,On or near Charles Avenue,E01031480,Chichester 010A,Other theft,Investigation complete; no suspect identified,
699cb31f1b999c945039407c00c1ded52fb9a1ba544d30b5f9bc67e1e5a460fd,2017-03,Sussex Police,Sussex Police,-0.759819,50.833835,On or near Blenheim Gardens,E01031480,Chichester 010A,Shoplifting,Court result unavailable,
4a9ceacad8f66e58a76d26fb02c3b088d854a8a46447b8b931e47cd774fa2655,2017-03,Sussex Police,Sussex Police,-0.759819,50.833835,On or near Blenheim Gardens,E01031480,Chichester 010A,Shoplifting,Offender given conditional discharge,
aa93127ab515f02d0faa2118362c8f260438dddaddcabe85c107e6df83f94bee,2017-03,Sussex Police,Sussex Police,-0.755206,50.831097,On or near Shopping Area,E01031480,Chichester 010A,Vehicle crime,Investigation complete; no suspect identified,
71ed141c9419f2eb293dd04debc7e37ffdd55cc9ee831259ab40c1daca384295,2017-03,Sussex Police,Sussex Police,-0.758099,50.836578,On or near Charles Avenue,E01031480,Chichester 010A,Violence and sexual offences,Unable to prosecute suspect,
8787775ab629b066e31edb5589f2bb4c5d886e3b8c32e80748626614b395cf0f,2017-03,Sussex Police,Sussex Police,-0.755518,50.836424,On or near William Road,E01031480,Chichester 010A,Violence and sexual offences,Unable to prosecute suspect,
eb2da6ed047baa1e4caf646eb69630656bd4d896c04faa3d2adc087cc0b60acf,2017-03,Sussex Police,Sussex Police,-0.758152,50.835121,On or near Kensington Road,E01031480,Chichester 010A,Violence and sexual offences,Local resolution,
d0eb7d050523d7c0693ac8af2ed391479b6c0568d046affeb0b9183aa5b66459,2017-03,Sussex Police,Sussex Police,-0.758152,50.835121,On or near Kensington Road,E01031480,Chichester 010A,Violence and sexual offences,Local resolution,
d717700fa2dabb5f284c73367b404f84c552d9b190a077db05b44655261221f3,2017-03,Sussex Police,Sussex Police,-0.758907,50.833951,On or near Sandringham Road,E01031480,Chichester 010A,Violence and sexual offences,Unable to prosecute suspect,
7a3cf3b3454c164caa1364ad195aaa177f8c11243876df0659bcb472a44b7ba5,2017-03,Sussex Police,Sussex Police,-0.758907,50.833951,On or near Sandringham Road,E01031480,Chichester 010A,Violence and sexual offences,Unable to prosecute suspect,
9cf82b006c96fa70fcea668df40b4aeb4c76795a1d06950f5c9b2791a5fd62a4,2017-03,Sussex Police,Sussex Police,-0.758099,50.836578,On or near Charles Avenue,E01031480,Chichester 010A,Violence and sexual offences,Action to be taken by another organisation,
,2017-03,Sussex Police,Sussex Police,-0.765535,50.838959,On or near Armadale Road,E01031481,Chichester 010B,Anti-social behaviour,,
,2017-03,Sussex Police,Sussex Police,-0.769559,50.836591,On or near St Agnes Place,E01031481,Chichester 010B,Anti-social behaviour,,
,2017-03,Sussex Police,Sussex Police,-0.766602,50.840499,On or near Lime Close,E01031481,Chichester 010B,Anti-social behaviour,,
,2017-03,Sussex Police,Sussex Police,-0.769559,50.836591,On or near St Agnes Place,E01031481,Chichester 010B,Anti-social behaviour,,
44008aa660ccc5649af9b4a33ea009c168b8e5203d5471c9ac0ebc1030e894b4,2017-03,Sussex Police,Sussex Police,-0.764640,50.837888,On or near Sports/Recreation Area,E01031481,Chichester 010B,Burglary,Investigation complete; no suspect identified,
201ec5716aec049cbe9db48679007734dd01730d61827563b1d15c9b1d9ac3dd,2017-03,Sussex Police,Sussex Police,-0.765193,50.836824,On or near Shopping Area,E01031481,Chichester 010B,Criminal damage and arson,Unable to prosecute suspect,
fd093f2a8dee8554a19425b3a8cabf9371ea2f8c5b40834f0a9ed7ce50ec2b30,2017-03,Sussex Police,Sussex Police,-0.765193,50.836824,On or near Shopping Area,E01031481,Chichester 010B,Criminal damage and arson,Investigation complete; no suspect identified,
d7b6f7986dfe5ae87abfc25362ff797259ee1a7aa447d7a4cbc803cfe11b6511,2017-03,Sussex Police,Sussex Police,-0.767161,50.837060,On or near Guilden Road,E01031481,Chichester 010B,Criminal damage and arson,Awaiting court outcome,
d9f394d95b4e555a32544643e9edae10d5c589843a97ab2ec316d86e8f36a834,2017-03,Sussex Police,Sussex Police,-0.765193,50.836824,On or near Shopping Area,E01031481,Chichester 010B,Criminal damage and arson,Investigation complete; no suspect identified,
d7c7ef36e4003e4ca95cf356b119e251664f6b8ccc6b70682d010a548dfa63b3,2017-03,Sussex Police,Sussex Police,-0.765193,50.836824,On or near Shopping Area,E01031481,Chichester 010B,Criminal damage and arson,Investigation complete; no suspect identified,
932de82c2be52a03f6c11535508b393be3297fa8d1f00d126deb93b9de067152,2017-03,Sussex Police,Sussex Police,-0.763095,50.838834,On or near Supermarket,E01031481,Chichester 010B,Criminal damage and arson,Investigation complete; no suspect identified,
0c4d607952b46120a235a0b1855c2a17e084dc09200d45199a2c5f9fdee7928f,2017-03,Sussex Police,Sussex Police,-0.765193,50.836824,On or near Shopping Area,E01031481,Chichester 010B,Criminal damage and arson,Investigation complete; no suspect identified,
44714887bcf9f62db5eac03be3339796abdae609d12cf06ce104b45c2b23e66a,2017-03,Sussex Police,Sussex Police,-0.767161,50.837060,On or near Guilden Road,E01031481,Chichester 010B,Criminal damage and arson,Unable to prosecute suspect,
10f78913a41bf6835517fe9891b019ab6342f7230810c39c966c006e1aa09226,2017-03,Sussex Police,Sussex Police,-0.765193,50.836824,On or near Shopping Area,E01031481,Chichester 010B,Criminal damage and arson,Unable to prosecute suspect,
3483852c4ab9fd4d1fc7e61640924d1076d25da65c343a5e86c4f9f9f2587ce1,2017-03,Sussex Police,Sussex Police,-0.765193,50.836824,On or near Shopping Area,E01031481,Chichester 010B,Criminal damage and arson,Investigation complete; no suspect identified,
3ed36b84c0292a44d2b95e3e3f3e8731e40e0b9baa3be666a590a0a302324990,2017-03,Sussex Police,Sussex Police,-0.765193,50.836824,On or near Shopping Area,E01031481,Chichester 010B,Criminal damage and arson,Investigation complete; no suspect identified,
d016457d99deb9c91b770c526389898e2d1b3769a4a4fa6cf80cadc08fb27a15,2017-03,Sussex Police,Sussex Police,-0.765193,50.836824,On or near Shopping Area,E01031481,Chichester 010B,Criminal damage and arson,Status update unavailable,
7db83d326b757142f61a1b1287dd0aa742034d979b04299b4da7ef52e96d6880,2017-03,Sussex Police,Sussex Police,-0.767161,50.837060,On or near Guilden Road,E01031481,Chichester 010B,Criminal damage and arson,Awaiting court outcome,
d8933b1fe16e6e617df26bc0acc5a83b75d24e0e8e0ea33599b7c56f251229bf,2017-03,Sussex Police,Sussex Police,-0.769559,50.836591,On or near St Agnes Place,E01031481,Chichester 010B,Criminal damage and arson,Investigation complete; no suspect identified,
062623e0b8322e78d8c967dd43eb869bedc379bec6cea73945d14226ceadcc31,2017-03,Sussex Police,Sussex Police,-0.765193,50.836824,On or near Shopping Area,E01031481,Chichester 010B,Criminal damage and arson,Investigation complete; no suspect identified,
feb22395e60bbd30ad20d859570a3d56d3f495353fd43fedd74fa4baa4dac6c4,2017-03,Sussex Police,Sussex Police,-0.765193,50.836824,On or near Shopping Area,E01031481,Chichester 010B,Criminal damage and arson,Unable to prosecute suspect,
be80c9fdc57658f0a0cd27fbff1f807cd0e81a06a085dd2dff40cd469b78d4fa,2017-03,Sussex Police,Sussex Police,-0.765193,50.836824,On or near Shopping Area,E01031481,Chichester 010B,Criminal damage and arson,Investigation complete; no suspect identified,
41d9d837200617dc17d5b1e5db250cb901ab65fc7208b973b411bc8dd80fd7c2,2017-03,Sussex Police,Sussex Police,-0.766602,50.840499,On or near Lime Close,E01031481,Chichester 010B,Violence and sexual offences,Unable to prosecute suspect,
,2017-03,Sussex Police,Sussex Police,-0.773726,50.838020,On or near Sports/Recreation Area,E01031484,Chichester 010C,Anti-social behaviour,,
,2017-03,Sussex Police,Sussex Police,-0.773726,50.838020,On or near Sports/Recreation Area,E01031484,Chichester 010C,Anti-social behaviour,,
,2017-03,Sussex Police,Sussex Police,-0.768018,50.839579,On or near Joys Croft,E01031484,Chichester 010C,Anti-social behaviour,,
,2017-03,Sussex Police,Sussex Police,-0.772822,50.836715,On or near St Pancras,E01031484,Chichester 010C,Anti-social behaviour,,
,2017-03,Sussex Police,Sussex Police,-0.769734,50.840226,On or near Melbourne Road,E01031484,Chichester 010C,Anti-social behaviour,,
20d28e85647a4cb9f2d7d9b68364210c286bc63c9890e900ba035116d333c0eb,2017-03,Sussex Police,Sussex Police,-0.768798,50.839632,On or near Kent Road,E01031484,Chichester 010C,Criminal damage and arson,Investigation complete; no suspect identified,
efe8ecbe851248db10c31e92fc91973439deef8d4ab1346a679666bf609b267a,2017-03,Sussex Police,Sussex Police,-0.774287,50.840454,On or near Jubilee Terrace,E01031484,Chichester 010C,Shoplifting,Offender fined,
152b94d113ecfb0706b874df5bc25ed5f4cca6c5560a7cbae5c7dee3ba3ac44b,2017-03,Sussex Police,Sussex Police,-0.774287,50.840454,On or near Jubilee Terrace,E01031484,Chichester 010C,Shoplifting,Unable to prosecute suspect,
ceeb3c53f7f86dfbdffd99c8fe02f19ff8079eefdcaffa3ae72e164a0afee406,2017-03,Sussex Police,Sussex Police,-0.771214,50.836842,On or near Needlemakers,E01031484,Chichester 010C,Shoplifting,Unable to prosecute suspect,
dfd4b260ee770e8305e0d97df5a43ce7d0998e6e4c334d97eb9596222a81453d,2017-03,Sussex Police,Sussex Police,-0.768276,50.838421,On or near Riverside,E01031484,Chichester 010C,Violence and sexual offences,Investigation complete; no suspect identified,
4d3b555b9cda9d45801cfd1950d1c956f934ef91ba0607623c8f3477d03ddd09,2017-03,Sussex Police,Sussex Police,-0.772751,50.841076,On or near Bishopsgate Walk,E01031484,Chichester 010C,Violence and sexual offences,Investigation complete; no suspect identified,
97b0cd02e45f014ca460c1da0804d79e9c87bf83cc1e9b5a3d6f4926b7c0a844,2017-03,Sussex Police,Sussex Police,-0.770670,50.839175,On or near Lewis Road,E01031484,Chichester 010C,Violence and sexual offences,Investigation complete; no suspect identified,
aae26df4b0ee16f61154a5f914c855a8ae5f5109f75e37c9e9f9692076dbc276,2017-03,Sussex Police,Sussex Police,-0.769249,50.841903,On or near Whiteside Close,E01031484,Chichester 010C,Violence and sexual offences,Offender given a caution,
c58b60441e8a52a39aba169b7e3ef0e0a607c97559ea1a75a558dbcbe0de7337,2017-03,Sussex Police,Sussex Police,-0.770670,50.839175,On or near Lewis Road,E01031484,Chichester 010C,Violence and sexual offences,Local resolution,
e5f7ec465e6d509ac132bd4aa63af8222ff521844b8ddca96a339253fd2322e2,2017-03,Sussex Police,Sussex Police,-0.770670,50.839175,On or near Lewis Road,E01031484,Chichester 010C,Violence and sexual offences,Local resolution,
,2017-03,Sussex Police,Sussex Police,-0.786605,50.830430,On or near Leigh Road,E01031490,Chichester 010D,Anti-social behaviour,,
,2017-03,Sussex Police,Sussex Police,-0.780395,50.832784,On or near Southgate,E01031490,Chichester 010D,Anti-social behaviour,,
,2017-03,Sussex Police,Sussex Police,-0.782234,50.836859,On or near West Street,E01031490,Chichester 010D,Anti-social behaviour,,
,2017-03,Sussex Police,Sussex Police,-0.779797,50.838281,On or near St Cyriacs,E01031490,Chichester 010D,Anti-social behaviour,,
,2017-03,Sussex Police,Sussex Police,-0.782234,50.836859,On or near West Street,E01031490,Chichester 010D,Anti-social behaviour,,
,2017-03,Sussex Police,Sussex Police,-0.775899,50.835830,On or near Baffin'S Lane,E01031490,Chichester 010D,Anti-social behaviour,,
,2017-03,Sussex Police,Sussex Police,-0.775899,50.835830,On or near Baffin'S Lane,E01031490,Chichester 010D,Anti-social behaviour,,
,2017-03,Sussex Police,Sussex Police,-0.776954,50.835149,On or near East Pallant,E01031490,Chichester 010D,Anti-social behaviour,,
,2017-03,Sussex Police,Sussex Police,-0.779039,50.835791,On or near Cooper Street,E01031490,Chichester 010D,Anti-social behaviour,,
,2017-03,Sussex Police,Sussex Police,-0.780852,50.837033,On or near Shopping Area,E01031490,Chichester 010D,Anti-social behaviour,,
,2017-03,Sussex Police,Sussex Police,-0.780395,50.832784,On or near Southgate,E01031490,Chichester 010D,Anti-social behaviour,,
,2017-03,Sussex Police,Sussex Police,-0.782267,50.828496,On or near South Bank,E01031490,Chichester 010D,Anti-social behaviour,,
,2017-03,Sussex Police,Sussex Police,-0.781276,50.838225,On or near Lancastrian Grange,E01031490,Chichester 010D,Anti-social behaviour,,
,2017-03,Sussex Police,Sussex Police,-0.780972,50.833545,On or near Deanery Close,E01031490,Chichester 010D,Anti-social behaviour,,
,2017-03,Sussex Police,Sussex Police,-0.781957,50.832234,On or near Parking Area,E01031490,Chichester 010D,Anti-social behaviour,,
,2017-03,Sussex Police,Sussex Police,-0.781957,50.832234,On or near Parking Area,E01031490,Chichester 010D,Anti-social behaviour,,
,2017-03,Sussex Police,Sussex Police,-0.781957,50.832234,On or near Parking Area,E01031490,Chichester 010D,Anti-social behaviour,,
,2017-03,Sussex Police,Sussex Police,-0.781957,50.832234,On or near Parking Area,E01031490,Chichester 010D,Anti-social behaviour,,
,2017-03,Sussex Police,Sussex Police,-0.781957,50.832234,On or near Parking Area,E01031490,Chichester 010D,Anti-social behaviour,,
,2017-03,Sussex Police,Sussex Police,-0.780852,50.837033,On or near Shopping Area,E01031490,Chichester 010D,Anti-social behaviour,,
,2017-03,Sussex Police,Sussex Police,-0.781957,50.832234,On or near Parking Area,E01031490,Chichester 010D,Anti-social behaviour,,
,2017-03,Sussex Police,Sussex Police,-0.780972,50.833545,On or near Deanery Close,E01031490,Chichester 010D,Anti-social behaviour,,
,2017-03,Sussex Police,Sussex Police,-0.780735,50.838255,On or near The Providence,E01031490,Chichester 010D,Anti-social behaviour,,
,2017-03,Sussex Police,Sussex Police,-0.783141,50.834216,On or near Sports/Recreation Area,E01031490,Chichester 010D,Anti-social behaviour,,
,2017-03,Sussex Police,Sussex Police,-0.780395,50.832784,On or near Southgate,E01031490,Chichester 010D,Anti-social behaviour,,
,2017-03,Sussex Police,Sussex Police,-0.780395,50.832784,On or near Southgate,E01031490,Chichester 010D,Anti-social behaviour,,
,2017-03,Sussex Police,Sussex Police,-0.780512,50.832120,On or near Bus/Coach Station,E01031490,Chichester 010D,Anti-social behaviour,,
,2017-03,Sussex Police,Sussex Police,-0.780395,50.832784,On or near Southgate,E01031490,Chichester 010D,Anti-social behaviour,,
,2017-03,Sussex Police,Sussex Police,-0.775569,50.835413,On or near New Town,E01031490,Chichester 010D,Anti-social behaviour,,
,2017-03,Sussex Police,Sussex Police,-0.780972,50.833545,On or near Deanery Close,E01031490,Chichester 010D,Anti-social behaviour,,
,2017-03,Sussex Police,Sussex Police,-0.783943,50.832317,On or near Supermarket,E01031490,Chichester 010D,Anti-social behaviour,,
,2017-03,Sussex Police,Sussex Police,-0.780687,50.834100,On or near Parking Area,E01031490,Chichester 010D,Anti-social behaviour,,
,2017-03,Sussex Police,Sussex Police,-0.783141,50.834216,On or near Sports/Recreation Area,E01031490,Chichester 010D,Anti-social behaviour,,
,2017-03,Sussex Police,Sussex Police,-0.779797,50.838281,On or near St Cyriacs,E01031490,Chichester 010D,Anti-social behaviour,,
,2017-03,Sussex Police,Sussex Police,-0.780972,50.833545,On or near Deanery Close,E01031490,Chichester 010D,Anti-social behaviour,,
,2017-03,Sussex Police,Sussex Police,-0.783943,50.832317,On or near Supermarket,E01031490,Chichester 010D,Anti-social behaviour,,
,2017-03,Sussex Police,Sussex Police,-0.782919,50.830202,On or near Stockbridge Road,E01031490,Chichester 010D,Anti-social behaviour,,
,2017-03,Sussex Police,Sussex Police,-0.780972,50.833545,On or near Deanery Close,E01031490,Chichester 010D,Anti-social behaviour,,
,2017-03,Sussex Police,Sussex Police,-0.789449,50.835225,On or near Further/Higher Educational Building,E01031490,Chichester 010D,Anti-social behaviour,,
,2017-03,Sussex Police,Sussex Police,-0.775569,50.835413,On or near New Town,E01031490,Chichester 010D,Anti-social behaviour,,
,2017-03,Sussex Police,Sussex Police,-0.780852,50.837033,On or near Shopping Area,E01031490,Chichester 010D,Anti-social behaviour,,
,2017-03,Sussex Police,Sussex Police,-0.775569,50.835413,On or near New Town,E01031490,Chichester 010D,Anti-social behaviour,,
,2017-03,Sussex Police,Sussex Police,-0.780642,50.835287,On or near Canon Lane,E01031490,Chichester 010D,Anti-social behaviour,,
,2017-03,Sussex Police,Sussex Police,-0.780852,50.837033,On or near Shopping Area,E01031490,Chichester 010D,Anti-social behaviour,,
c265cb57fbecfdbc2215072f6d54a8de9ef6f7a2cba97a880028802ef14726a3,2017-03,Sussex Police,Sussex Police,-0.772494,50.836235,On or near The Hornet,E01031490,Chichester 010D,Bicycle theft,Investigation complete; no suspect identified,
00c35076d51d3f3aacad751370b79865d73b56c0df23d850e45bb063f2cf2d85,2017-03,Sussex Police,Sussex Police,-0.774784,50.836125,On or near East Street,E01031490,Chichester 010D,Bicycle theft,Investigation complete; no suspect identified,
0e6b59e420f4b1dc819688c8c6ccecf1143c04c2f71fb5e267c74aa4eba2e280,2017-03,Sussex Police,Sussex Police,-0.784361,50.833167,On or near Pedestrian Subway,E01031490,Chichester 010D,Bicycle theft,Investigation complete; no suspect identified,
9a5aaf2dbc5883ebb819ed6d38b273c5cc8261aeb65c2c867cb3a57329cc62d4,2017-03,Sussex Police,Sussex Police,-0.784361,50.833167,On or near Pedestrian Subway,E01031490,Chichester 010D,Bicycle theft,Investigation complete; no suspect identified,
d0a59b9d4dd9431ef256da980958c2f912b88a6021799f36c1d9bf4423b9e01e,2017-03,Sussex Police,Sussex Police,-0.782267,50.828496,On or near South Bank,E01031490,Chichester 010D,Burglary,Investigation complete; no suspect identified,
d8d04557b3f859bf948e3ffb25419610fcd48499f374dcab26e55fb3cce2a265,2017-03,Sussex Police,Sussex Police,-0.776980,50.835761,On or near Parking Area,E01031490,Chichester 010D,Burglary,Investigation complete; no suspect identified,
8e43608f45f859871aa5bc82224981ab2a3779e1bd91a13c028381bb40e5af6d,2017-03,Sussex Police,Sussex Police,-0.776980,50.835761,On or near Parking Area,E01031490,Chichester 010D,Burglary,Investigation complete; no suspect identified,
e15972519202709f0346131db4259f4413e36700635d5d3a90c454c969e2196d,2017-03,Sussex Police,Sussex Police,-0.782267,50.828496,On or near South Bank,E01031490,Chichester 010D,Burglary,Investigation complete; no suspect identified,
d1d3069fa7fa0829a29e967816cc1619a123096ea12439bf42a266c5aee051af,2017-03,Sussex Police,Sussex Police,-0.774420,50.834808,On or near Parking Area,E01031490,Chichester 010D,Criminal damage and arson,Investigation complete; no suspect identified,
4b9f108137f153cca3e5648945a38f894c37978f9b07425bdb8434748ecaf1de,2017-03,Sussex Police,Sussex Police,-0.786017,50.830639,On or near Chichester Gate,E01031490,Chichester 010D,Criminal damage and arson,Investigation complete; no suspect identified,
51710ffccc6f30a6d316730a1b01cf06324819fd606526b626befee6f06c9b5c,2017-03,Sussex Police,Sussex Police,-0.774420,50.834808,On or near Parking Area,E01031490,Chichester 010D,Criminal damage and arson,Unable to prosecute suspect,
d2fa69a43332b1c3158146fed0a148f603ad367116c883a7fb483d01c26d3e24,2017-03,Sussex Police,Sussex Police,-0.782919,50.830202,On or near Stockbridge Road,E01031490,Chichester 010D,Criminal damage and arson,Investigation complete; no suspect identified,
a0f0e3bd0e11379d57e8acba02a31d96e30903d1cd4c17edfe03d5573af8a991,2017-03,Sussex Police,Sussex Police,-0.781276,50.838225,On or near Lancastrian Grange,E01031490,Chichester 010D,Criminal damage and arson,Investigation complete; no suspect identified,
d3eb6d2df15be60b35fc9ab6c0818addaeafe675176f2613c9154906564fa58d,2017-03,Sussex Police,Sussex Police,-0.779610,50.834556,On or near South Street,E01031490,Chichester 010D,Criminal damage and arson,Offender given community sentence,
ed44d2f4d925483f58274f1612398851921820bb5e4d4e6dc16e91b437912976,2017-03,Sussex Police,Sussex Police,-0.790985,50.836213,On or near Westgate,E01031490,Chichester 010D,Criminal damage and arson,Investigation complete; no suspect identified,
fcf3ec5c3a06a342e0ec2aecf92645b71f66b82885db5ffa85bf2d3f9ba97baf,2017-03,Sussex Police,Sussex Police,-0.780852,50.837033,On or near Shopping Area,E01031490,Chichester 010D,Criminal damage and arson,Investigation complete; no suspect identified,
fdad1aa9cf6bedb402c3c7f13e88c3a718fec2649f8b484f351c3c1e6826bb60,2017-03,Sussex Police,Sussex Police,-0.780972,50.833545,On or near Deanery Close,E01031490,Chichester 010D,Drugs,Offender given a caution,
0ec4bb4f00d4866c28145d95cc8d56989a1ea888023e882f63daf0c6751b0130,2017-03,Sussex Police,Sussex Police,-0.780395,50.832784,On or near Southgate,E01031490,Chichester 010D,Drugs,Offender fined,
424d80bcd5ef676ffc877f1340ec6f0e02eeae5a8a33dbf5397bd05fd243d214,2017-03,Sussex Police,Sussex Police,-0.780852,50.837033,On or near Shopping Area,E01031490,Chichester 010D,Other theft,Investigation complete; no suspect identified,
36a517ef45039714309ae2b0eac202df7b46b1677e5abc6c0c9358464de05777,2017-03,Sussex Police,Sussex Police,-0.779610,50.834556,On or near South Street,E01031490,Chichester 010D,Other theft,Offender given a caution,
3e65ebbcf6bb9a23f2c4b0dd383685cf7e3370fbb17929698b32df18c050dc36,2017-03,Sussex Police,Sussex Police,-0.782267,50.828496,On or near South Bank,E01031490,Chichester 010D,Other theft,Investigation complete; no suspect identified,
c9369e766d3f219d427be6a2863632fafd2e014f9e93e10bc7937d81bffccb0c,2017-03,Sussex Police,Sussex Police,-0.780687,50.834100,On or near Parking Area,E01031490,Chichester 010D,Other theft,Unable to prosecute suspect,
10e3db6094d2ef09f7d15891366337c8cf5e5e6e92e9b1f6d6883e0e84f76878,2017-03,Sussex Police,Sussex Police,-0.782234,50.836859,On or near West Street,E01031490,Chichester 010D,Other theft,Unable to prosecute suspect,
72f72109a44a51ae0c41ae7dbf7610bef696f4032162079a6b9278807f19a5c4,2017-03,Sussex Police,Sussex Police,-0.780852,50.837033,On or near Shopping Area,E01031490,Chichester 010D,Other theft,Investigation complete; no suspect identified,
04d244c07287f086ac7b711d76bf2db208ce081170ee962825152669b0b92bce,2017-03,Sussex Police,Sussex Police,-0.774784,50.836125,On or near East Street,E01031490,Chichester 010D,Other theft,Investigation complete; no suspect identified,
0ddeb8ba919262bf7dd41f9bd9a51b24f072b2ee3e2d149740f09852b06b583d,2017-03,Sussex Police,Sussex Police,-0.780512,50.832120,On or near Bus/Coach Station,E01031490,Chichester 010D,Other theft,Investigation complete; no suspect identified,
0312e50244dfcf07a65cd445a2d64ca8ca84563dc1363b776489362baf1c6ac1,2017-03,Sussex Police,Sussex Police,-0.784361,50.833167,On or near Pedestrian Subway,E01031490,Chichester 010D,Other theft,Further investigation is not in the public interest,
5f43dc69fd1aa26a550bbbf374a40dfde2e88eee79fa658423fac517dc599dd8,2017-03,Sussex Police,Sussex Police,-0.786605,50.830430,On or near Leigh Road,E01031490,Chichester 010D,Other theft,Investigation complete; no suspect identified,
5e55ea4cd5c89b34150559ea5c0937e86f66ec3c56d40c5a87a3a675335b1a63,2017-03,Sussex Police,Sussex Police,-0.790372,50.834111,On or near Sports/Recreation Area,E01031490,Chichester 010D,Other theft,Investigation complete; no suspect identified,
da2d0d211b1aa3f663b30cc02ab7e169825401ff6199baad06b0bf58fe0e50d7,2017-03,Sussex Police,Sussex Police,-0.780972,50.833545,On or near Deanery Close,E01031490,Chichester 010D,Other theft,Investigation complete; no suspect identified,
b815917f0c41bad4c2df78ffcdcea1a7c1e2e3951db6ded9209c67490e8085c4,2017-03,Sussex Police,Sussex Police,-0.779610,50.834556,On or near South Street,E01031490,Chichester 010D,Public order,Offender fined,
fe59784a379d649844939a3eff5181037ff43d7597eba173e537011d10317ba5,2017-03,Sussex Police,Sussex Police,-0.779039,50.835791,On or near Cooper Street,E01031490,Chichester 010D,Public order,Unable to prosecute suspect,
b038c90c17960ac5342cfd960166aa91df94d13565ac12524bd9757291007056,2017-03,Sussex Police,Sussex Police,-0.780395,50.832784,On or near Southgate,E01031490,Chichester 010D,Public order,Status update unavailable,
7fcb89a5e3a7cd1d20f511789b17e2924061983621ae91080ab59e0f49682129,2017-03,Sussex Police,Sussex Police,-0.780852,50.837033,On or near Shopping Area,E01031490,Chichester 010D,Public order,Investigation complete; no suspect identified,
1f565bdfd515db02d2abafc4fe039ddb3ac1332720592fa5ce5c88b65bee6ca3,2017-03,Sussex Police,Sussex Police,-0.775899,50.835830,On or near Baffin'S Lane,E01031490,Chichester 010D,Public order,Investigation complete; no suspect identified,
7560df3ac7dd3deba351645a1ff71c1620b66282b788f65d97dce10319540921,2017-03,Sussex Police,Sussex Police,-0.775899,50.835830,On or near Baffin'S Lane,E01031490,Chichester 010D,Public order,Unable to prosecute suspect,
42608f9bd805d368e94eeba9e39946216bd8e32d6f6e2d2174ff9bcc347633ad,2017-03,Sussex Police,Sussex Police,-0.780512,50.832120,On or near Bus/Coach Station,E01031490,Chichester 010D,Public order,Offender given a caution,
047c19c18b69feec4aacd5634febc35c4e4af6b61030b002338d3d7576355afe,2017-03,Sussex Police,Sussex Police,-0.774784,50.836125,On or near East Street,E01031490,Chichester 010D,Shoplifting,Investigation complete; no suspect identified,
f8f272aa8a6962eb839c12bcbd0a92519addce9f19f473f2a0e467a5978e9191,2017-03,Sussex Police,Sussex Police,-0.783943,50.832317,On or near Supermarket,E01031490,Chichester 010D,Shoplifting,Investigation complete; no suspect identified,
b1715f7e47a3aa07887af1d8e09d5bd7f63543a187fc13caf1272b9fac80cc8e,2017-03,Sussex Police,Sussex Police,-0.780852,50.837033,On or near Shopping Area,E01031490,Chichester 010D,Shoplifting,Investigation complete; no suspect identified,
39d98b80318d72dd4780544fa7eaacf7272b0f48cbd3fc095a0037d48b6ea303,2017-03,Sussex Police,Sussex Police,-0.774784,50.836125,On or near East Street,E01031490,Chichester 010D,Shoplifting,Court result unavailable,
33cbda0d6b9f721a18aa79faa54c5f00c8ea5c2a884de68b94a774c4ec8ec465,2017-03,Sussex Police,Sussex Police,-0.774784,50.836125,On or near East Street,E01031490,Chichester 010D,Shoplifting,Local resolution,
5283e384630dabc3ec2fbd4690476112e7b8a62955d6c7e9fb644574061859cf,2017-03,Sussex Police,Sussex Police,-0.779138,50.835235,On or near Supermarket,E01031490,Chichester 010D,Shoplifting,Investigation complete; no suspect identified,
13d62cdd288863ac92b5a9f412a252a5aaec9a2dfaa33a8e27813ad230c5c463,2017-03,Sussex Police,Sussex Police,-0.774784,50.836125,On or near East Street,E01031490,Chichester 010D,Shoplifting,Unable to prosecute suspect,
9e195622c13b2187c288d4e0b7020e3d7bf5c3bd1944d4efbe2bca3623b0dc19,2017-03,Sussex Police,Sussex Police,-0.780852,50.837033,On or near Shopping Area,E01031490,Chichester 010D,Shoplifting,Offender given a caution,
6485ac6d87729b79ce1748b7c080924b9c7ba8b0ade52622d558c41e606a0539,2017-03,Sussex Police,Sussex Police,-0.780852,50.837033,On or near Shopping Area,E01031490,Chichester 010D,Shoplifting,Local resolution,
9666747d15303f7268683532beba0a78a30cac2d7cc4133d6d2c509562d3f6d9,2017-03,Sussex Police,Sussex Police,-0.774784,50.836125,On or near East Street,E01031490,Chichester 010D,Shoplifting,Investigation complete; no suspect identified,
48a4b9dbbe93378996b301f3ae93099de21159e74e93424a52ba782a8058b377,2017-03,Sussex Police,Sussex Police,-0.774784,50.836125,On or near East Street,E01031490,Chichester 010D,Shoplifting,Investigation complete; no suspect identified,
8abe3721c33c7ebf2dbaf8b2da018f3d1f06fec995b31ba2f4c44e082137c1a5,2017-03,Sussex Police,Sussex Police,-0.780852,50.837033,On or near Shopping Area,E01031490,Chichester 010D,Shoplifting,Further investigation is not in the public interest,
00dd91295bc592b36a064840dd407098cab89ca21472e46498569522dac92a0b,2017-03,Sussex Police,Sussex Police,-0.779039,50.835791,On or near Cooper Street,E01031490,Chichester 010D,Shoplifting,Investigation complete; no suspect identified,
a7ec8f297d00fe30aeb21d13bbd4ff4736187621d932964348777c9f9b17d37e,2017-03,Sussex Police,Sussex Police,-0.779138,50.835235,On or near Supermarket,E01031490,Chichester 010D,Shoplifting,Investigation complete; no suspect identified,
3bc4d563e2091b3ff8e9a09899d9098f52ef229ffd5371206e8990db829acfc1,2017-03,Sussex Police,Sussex Police,-0.774784,50.836125,On or near East Street,E01031490,Chichester 010D,Theft from the person,Investigation complete; no suspect identified,
f89dcbdbbdbd67956c311ac95630521d6e002db6f906bec8fe5fcff31a350804,2017-03,Sussex Police,Sussex Police,-0.790985,50.836213,On or near Westgate,E01031490,Chichester 010D,Violence and sexual offences,Unable to prosecute suspect,
d3288c18b5f40c7a33e2ae9aef177be9bf266b07fd9ffb1ac71d0be99dcc3e93,2017-03,Sussex Police,Sussex Police,-0.780972,50.833545,On or near Deanery Close,E01031490,Chichester 010D,Violence and sexual offences,Unable to prosecute suspect,
2b81284de2d90d0066c1fbd5286030875145c5494b245688781c3ff82f704d7f,2017-03,Sussex Police,Sussex Police,-0.780972,50.833545,On or near Deanery Close,E01031490,Chichester 010D,Violence and sexual offences,Unable to prosecute suspect,
2c7ae18103737eb5beb647c0837873251c86b6cc2c889dd799e572662a20d7f6,2017-03,Sussex Police,Sussex Police,-0.786605,50.830430,On or near Leigh Road,E01031490,Chichester 010D,Violence and sexual offences,Investigation complete; no suspect identified,
66c0056fa9eceecf89fdea4dbd4a4f8137ca4c077b75490389f85c0b03e4f69e,2017-03,Sussex Police,Sussex Police,-0.780395,50.832784,On or near Southgate,E01031490,Chichester 010D,Violence and sexual offences,Investigation complete; no suspect identified,
7a515b07b6be5bad11cc056df05d67e9501a41f01ded07fffa239ce7b5289303,2017-03,Sussex Police,Sussex Police,-0.784418,50.831522,On or near Southern Gate,E01031490,Chichester 010D,Violence and sexual offences,Unable to prosecute suspect,
29179a9f6cbde0c7617115c8ba432d7d1aae7a18525fa9bda64bc6c033e51c6d,2017-03,Sussex Police,Sussex Police,-0.781957,50.832234,On or near Parking Area,E01031490,Chichester 010D,Violence and sexual offences,Further investigation is not in the public interest,
9e781d154ebb3858cb658019ff0e4aad6224fad8c8f8f38cb1ef82dec6f49f8a,2017-03,Sussex Police,Sussex Police,-0.780972,50.833545,On or near Deanery Close,E01031490,Chichester 010D,Violence and sexual offences,Unable to prosecute suspect,
44569d9b26df39f296e22fa71d42e736ae54a252a7113f76096c5a1203f7da7d,2017-03,Sussex Police,Sussex Police,-0.780512,50.832120,On or near Bus/Coach Station,E01031490,Chichester 010D,Violence and sexual offences,Court result unavailable,
e52965ec7b43b45ce06dab5bb30ea679d2757adb7cf307fe4a7ae00531e061d6,2017-03,Sussex Police,Sussex Police,-0.780512,50.832120,On or near Bus/Coach Station,E01031490,Chichester 010D,Violence and sexual offences,Local resolution,
5bada649a9fac546969ed69f32f76ab91f803ca1643a01503bbe9c5949ac0ff0,2017-03,Sussex Police,Sussex Police,-0.789025,50.830743,On or near Chandler Road,E01031490,Chichester 010D,Violence and sexual offences,Offender given a caution,
145643c353bb81fc43a3000cad2294d59fd19c172190c0d669aea6157ce7851d,2017-03,Sussex Police,Sussex Police,-0.783141,50.834216,On or near Sports/Recreation Area,E01031490,Chichester 010D,Violence and sexual offences,Investigation complete; no suspect identified,
ba01f83858dc13e2703669e6b39aac1785ff59da5aa78e1832bcfed829b7cfc5,2017-03,Sussex Police,Sussex Police,-0.779610,50.834556,On or near South Street,E01031490,Chichester 010D,Violence and sexual offences,Court result unavailable,
d74b80746df1977861c8612bac36e746d0b6912f776fb32a448e41c4f8f185a2,2017-03,Sussex Police,Sussex Police,-0.779610,50.834556,On or near South Street,E01031490,Chichester 010D,Violence and sexual offences,Unable to prosecute suspect,
42a4b3b1748fc20f305e36de6e2b41a33980d0d26c0bf7f3085a48c0cbded406,2017-03,Sussex Police,Sussex Police,-0.780512,50.832120,On or near Bus/Coach Station,E01031490,Chichester 010D,Other crime,Investigation complete; no suspect identified,
023e37bebe2a3f1df9ced0b3b44bafb95dc588212ba586c7089f4e99a7140e8b,2017-03,Sussex Police,Sussex Police,-0.779610,50.834556,On or near South Street,E01031490,Chichester 010D,Other crime,Investigation complete; no suspect identified,
,2017-03,Sussex Police,Sussex Police,-0.770010,50.835643,On or near Velyn Avenue,E01031491,Chichester 010E,Anti-social behaviour,,
,2017-03,Sussex Police,Sussex Police,-0.767243,50.831243,On or near Old Bakery Gardens,E01031491,Chichester 010E,Anti-social behaviour,,
,2017-03,Sussex Police,Sussex Police,-0.768241,50.835966,On or near Shopping Area,E01031491,Chichester 010E,Anti-social behaviour,,
,2017-03,Sussex Police,Sussex Police,-0.770859,50.835777,On or near Peter Weston Place,E01031491,Chichester 010E,Anti-social behaviour,,
,2017-03,Sussex Police,Sussex Police,-0.769128,50.836272,On or near The Hornet,E01031491,Chichester 010E,Anti-social behaviour,,
,2017-03,Sussex Police,Sussex Police,-0.768241,50.835966,On or near Shopping Area,E01031491,Chichester 010E,Anti-social behaviour,,
,2017-03,Sussex Police,Sussex Police,-0.768241,50.835966,On or near Shopping Area,E01031491,Chichester 010E,Anti-social behaviour,,
,2017-03,Sussex Police,Sussex Police,-0.770010,50.835643,On or near Velyn Avenue,E01031491,Chichester 010E,Anti-social behaviour,,
,2017-03,Sussex Police,Sussex Police,-0.770010,50.835643,On or near Velyn Avenue,E01031491,Chichester 010E,Anti-social behaviour,,
,2017-03,Sussex Police,Sussex Police,-0.770500,50.834847,On or near Sports/Recreation Area,E01031491,Chichester 010E,Anti-social behaviour,,
b864fd65579f982bd93f001329a82ff62b68b70f88ce6467efa3ff155c9820cd,2017-03,Sussex Police,Sussex Police,-0.767405,50.834806,On or near Winden Avenue,E01031491,Chichester 010E,Bicycle theft,Investigation complete; no suspect identified,
c1c75e87ee5cdb18487eff2a82bbb8683ad7bc87ea4ddca171fe28e0b083e7ac,2017-03,Sussex Police,Sussex Police,-0.768654,50.834297,On or near Ormonde Avenue,E01031491,Chichester 010E,Bicycle theft,Investigation complete; no suspect identified,
ea65eb417cde12565eb9ccdbfd29a678da63fe10c714bc9930da2d25860145dc,2017-03,Sussex Police,Sussex Police,-0.771203,50.832427,On or near Ettrick Close,E01031491,Chichester 010E,Bicycle theft,Investigation complete; no suspect identified,
f1e86cbcf3ee3a5a0a3e73fb448a396531f0f924552c99b627aed3684f91a0a6,2017-03,Sussex Police,Sussex Police,-0.770472,50.831574,On or near Grove Road,E01031491,Chichester 010E,Criminal damage and arson,Investigation complete; no suspect identified,
e023c06a7673ea6eebdd9a9eb7ee8be8911bd4bd296a292d0db92ed6d3ffa37c,2017-03,Sussex Police,Sussex Police,-0.768596,50.835412,On or near Quest Close,E01031491,Chichester 010E,Criminal damage and arson,Unable to prosecute suspect,
46333f97dc8c7962fe12a0b2abb6d7d465333d8b6b3808a9e23bff0f8e1988a2,2017-03,Sussex Police,Sussex Police,-0.769325,50.832533,On or near Whyke Lane,E01031491,Chichester 010E,Other theft,Unable to prosecute suspect,
3c87c4852bdcc688b78a18c19797d47da00d0bcb8ac18babec3d39c4373f8879,2017-03,Sussex Police,Sussex Police,-0.770010,50.835643,On or near Velyn Avenue,E01031491,Chichester 010E,Other theft,Investigation complete; no suspect identified,
8b76561f0fbaef2215a8a8e2062eaa3f121522f927226c4e8ea074e2e9cdc36d,2017-03,Sussex Police,Sussex Police,-0.772787,50.833729,On or near Caledonian Road,E01031491,Chichester 010E,Other theft,Investigation complete; no suspect identified,
ffe011b507e5ce8af12e477bc73d852a7fc8b922874f34675089f4dda66c9efd,2017-03,Sussex Police,Sussex Police,-0.769128,50.836272,On or near The Hornet,E01031491,Chichester 010E,Violence and sexual offences,Status update unavailable,
0916485f031ae9cf32fa8f20f29d623cc9ef9a19fde104163d3819a5a2b96ae3,2017-03,Sussex Police,Sussex Police,-0.763714,50.833166,On or near York Road,E01031491,Chichester 010E,Violence and sexual offences,Unable to prosecute suspect,
,2017-03,Sussex Police,Sussex Police,-0.850262,50.830993,On or near Cambria Close,E01031474,Chichester 011A,Anti-social behaviour,,
,2017-03,Sussex Police,Sussex Police,-0.847886,50.842166,On or near Station Road,E01031474,Chichester 011A,Anti-social behaviour,,
,2017-03,Sussex Police,Sussex Police,-0.842615,50.841628,On or near Barnside,E01031474,Chichester 011A,Anti-social behaviour,,
635a46cb2d4b64d43cbc1c937edfa2362c561572842fd0c2edbbdda20d0f4479,2017-03,Sussex Police,Sussex Police,-0.847320,50.842664,On or near Parking Area,E01031474,Chichester 011A,Shoplifting,Status update unavailable,
4b3273d4c7797188411fa04f1e34ce2fa3c8ae5f09861c58f7e1b99f5b32609e,2017-03,Sussex Police,Sussex Police,-0.842615,50.841628,On or near Barnside,E01031474,Chichester 011A,Violence and sexual offences,Unable to prosecute suspect,
2a4de6bdf00eaa1a748f8ea5a0a287017da7ac8cd8b019ab93587b0e742e3d48,2017-03,Sussex Police,Sussex Police,-0.847782,50.841778,On or near Supermarket,E01031474,Chichester 011A,Violence and sexual offences,Action to be taken by another organisation,
,2017-03,Sussex Police,Sussex Police,-0.802408,50.834370,On or near Fernleigh Close,E01031493,Chichester 011B,Anti-social behaviour,,
602e431a9fdc760cb85878eb2d133cd2e82a2c1ad6b6c7256a8cb01a19463706,2017-03,Sussex Police,Sussex Police,-0.802408,50.834370,On or near Fernleigh Close,E01031493,Chichester 011B,Bicycle theft,Investigation complete; no suspect identified,
844871886ae9adde6c815c995a43e0ec3659e961112ec1c8277f0f1046a6560d,2017-03,Sussex Police,Sussex Police,-0.804603,50.838502,On or near Frederick Road,E01031493,Chichester 011B,Burglary,Investigation complete; no suspect identified,
f9392483ee8b4aea9761f58b1b170b9608240b6df7be161388a380940554613a,2017-03,Sussex Police,Sussex Police,-0.795317,50.837283,On or near Sports/Recreation Area,E01031493,Chichester 011B,Burglary,Investigation complete; no suspect identified,
31333402737bff896c372654120d9f8b28d59d3d9469972b9ac29f4f53a8127b,2017-03,Sussex Police,Sussex Police,-0.801149,50.835850,On or near Fishbourne Road (East),E01031493,Chichester 011B,Criminal damage and arson,Unable to prosecute suspect,
56845b4e771fc3d093b02afe439806c78792e5d52317fa51420555875e8cf19f,2017-03,Sussex Police,Sussex Police,-0.805583,50.836813,On or near Freeland Close,E01031493,Chichester 011B,Public order,Unable to prosecute suspect,
082008900e57331ec6345682e8001ee791518f7771fa6fcd8e8f7612a3ac3aa7,2017-03,Sussex Police,Sussex Police,-0.802408,50.834370,On or near Fernleigh Close,E01031493,Chichester 011B,Public order,Investigation complete; no suspect identified,
370a293c0a9f4165a1525e4a6d053e1030e36ee21b4d0d1da835f8ac85dabf79,2017-03,Sussex Police,Sussex Police,-0.801149,50.835850,On or near Fishbourne Road (East),E01031493,Chichester 011B,Robbery,Unable to prosecute suspect,
8ca2ce88edf4539d0e7d95115805f5e9c97869476e7e632b5fc0f0a68829dce6,2017-03,Sussex Police,Sussex Police,-0.801149,50.835850,On or near Fishbourne Road (East),E01031493,Chichester 011B,Vehicle crime,Investigation complete; no suspect identified,
316dd7ab8e9f751753eca7de708a6b77b8d88272ff66c629f07ea304e2ea720e,2017-03,Sussex Police,Sussex Police,-0.797309,50.834956,On or near Petrol Station,E01031493,Chichester 011B,Violence and sexual offences,Unable to prosecute suspect,
61dc29bd75b524e588c78c554551fd77b10b50e99f24f39a3f5b8a2344c117d3,2017-03,Sussex Police,Sussex Police,-0.797309,50.834956,On or near Petrol Station,E01031493,Chichester 011B,Violence and sexual offences,Unable to prosecute suspect,
fd40da019ab1175537002a6c9e611e459e7b7de29bf82dd08b06913d96534934,2017-03,Sussex Police,Sussex Police,-0.807248,50.838349,On or near A27,E01031493,Chichester 011B,Violence and sexual offences,Unable to prosecute suspect,
,2017-03,Sussex Police,Sussex Police,-0.786011,50.822105,On or near Southfields Close,E01031496,Chichester 011C,Anti-social behaviour,,
,2017-03,Sussex Police,Sussex Police,-0.786072,50.825775,On or near Stockbridge Road,E01031496,Chichester 011C,Anti-social behaviour,,
b217a250cbb2934c81097718650cc42ff189c00b7c962582d99d0ddbc99041a3,2017-03,Sussex Police,Sussex Police,-0.796613,50.821154,On or near Donnington Park,E01031496,Chichester 011C,Burglary,Investigation complete; no suspect identified,
d6612940f871bc1db864219db80f80934fdb8cde371029b715a808b02a50c9a9,2017-03,Sussex Police,Sussex Police,-0.819179,50.805080,On or near Parking Area,E01031496,Chichester 011C,Other theft,Investigation complete; no suspect identified,
aa8b3512d59339ee2f92717d6d0cec7c262de003e1e03c9111ae55d3051cfb64,2017-03,Sussex Police,Sussex Police,-0.783890,50.825626,On or near Queen'S Gardens,E01031496,Chichester 011C,Other theft,Investigation complete; no suspect identified,
484be48fdc49b339ec6793f449786fd77f697ce34e88cf794570b67fe9ecdb9f,2017-03,Sussex Police,Sussex Police,-0.785336,50.827332,On or near Upton Road,E01031496,Chichester 011C,Other theft,Investigation complete; no suspect identified,
719312b10ecd85f339273b7c8aa47bfa8ea09e914c0dad8321c494185b806f04,2017-03,Sussex Police,Sussex Police,-0.797026,50.795096,On or near Jury Lane,E01031496,Chichester 011C,Vehicle crime,Investigation complete; no suspect identified,
,2017-03,Sussex Police,Sussex Police,-0.815342,50.844007,On or near Caspian Close,E01031505,Chichester 011D,Anti-social behaviour,,
33a343e0ae4fa93b0663cdadbe13019aa63d3c8c32a3fd35bc260a72cced36e8,2017-03,Sussex Police,Sussex Police,-0.813546,50.842568,On or near Storrington Close,E01031505,Chichester 011D,Bicycle theft,Investigation complete; no suspect identified,
15034dec447229d5cf742ab6797e9f4088db3880ef95a5f5827c3c415a763823,2017-03,Sussex Police,Sussex Police,-0.813546,50.842568,On or near Storrington Close,E01031505,Chichester 011D,Bicycle theft,Investigation complete; no suspect identified,
481aa22c4756eafa9b2be6e74081718f1d0ee60b61a0ec8f6959ed97573de5a9,2017-03,Sussex Police,Sussex Police,-0.810389,50.843283,On or near Follis Gardens,E01031505,Chichester 011D,Burglary,Investigation complete; no suspect identified,
915b3f981f2cdc522659d7cab9cda9fb46eac344c60e1fbbd29672532c751943,2017-03,Sussex Police,Sussex Police,-0.810389,50.843283,On or near Follis Gardens,E01031505,Chichester 011D,Criminal damage and arson,Investigation complete; no suspect identified,
0e101a4ef60ec971ff4631494707f74325a2ee7d93d8308cdb21b49f6fe872c5,2017-03,Sussex Police,Sussex Police,-0.812587,50.836174,On or near Creek End,E01031505,Chichester 011D,Other theft,Investigation complete; no suspect identified,
9bea9476ffac45716ebf67e1b13b346bd304e1da70a0ebaee6a59618270e487f,2017-03,Sussex Police,Sussex Police,-0.825836,50.832234,On or near Old Park Lane,E01031505,Chichester 011D,Vehicle crime,Investigation complete; no suspect identified,
f8c83aac0b388fd5e2debad01497d4a75d76145521b70c6048d688f53c4347e8,2017-03,Sussex Police,Sussex Police,-0.813830,50.840350,On or near Salthill Road,E01031505,Chichester 011D,Vehicle crime,Investigation complete; no suspect identified,
58bca0e20686091bd7fcf04f4617fcf533fb14ea20ae7e7786d540f60f05b981,2017-03,Sussex Police,Sussex Police,-0.813546,50.842568,On or near Storrington Close,E01031505,Chichester 011D,Vehicle crime,Investigation complete; no suspect identified,
dc6ae3ac5a57be5c2b51e793701ca25c29b0a0b8ae9711cda415e8a7c4980e0a,2017-03,Sussex Police,Sussex Police,-0.817509,50.843715,On or near Godwin Way,E01031505,Chichester 011D,Vehicle crime,Investigation complete; no suspect identified,
0180535a57c9933e0c7a1c9b98373f357fda123333fb942c0eccbc39bdb883d9,2017-03,Sussex Police,Sussex Police,-0.812214,50.840208,On or near Deeside Avenue,E01031505,Chichester 011D,Vehicle crime,Investigation complete; no suspect identified,
004b10cf1fc6635dfb9dc30d6f85712da1b697f174429765c0201b7149da7054,2017-03,Sussex Police,Sussex Police,-0.821663,50.836679,On or near Main Road,E01031505,Chichester 011D,Vehicle crime,Investigation complete; no suspect identified,
4e8fa0b41c3c0bbd1f31bdfa0fa9a29e519b1524c36391115d5521178f85689c,2017-03,Sussex Police,Sussex Police,-0.814858,50.836754,On or near Beaver Close,E01031505,Chichester 011D,Vehicle crime,Investigation complete; no suspect identified,
cb33a7ab5548bf00e6fd0265d496c262e07950a866cb0d4f004f7a123d6f6d36,2017-03,Sussex Police,Sussex Police,-0.810389,50.843283,On or near Follis Gardens,E01031505,Chichester 011D,Violence and sexual offences,Unable to prosecute suspect,
,2017-03,Sussex Police,Sussex Police,-0.767436,50.829320,On or near Eastland Road,E01031489,Chichester 012A,Anti-social behaviour,,
f9e01a597a77aa439e826492422e2e82c0d3cba6ac388a5c4e2e61e79e928f4e,2017-03,Sussex Police,Sussex Police,-0.760325,50.832959,On or near Bognor Road,E01031489,Chichester 012A,Criminal damage and arson,Investigation complete; no suspect identified,
ab29f7d7f861ed84b344f585c7c9cebe3cd5430caf53afc5f4776ed39869fdbe,2017-03,Sussex Police,Sussex Police,-0.757730,50.828534,On or near Park/Open Space,E01031489,Chichester 012A,Other theft,Investigation complete; no suspect identified,
7d134af6ef1f65c81f4f66171a3c7bc9d11a60004cffa3c135a959017b7c83fe,2017-03,Sussex Police,Sussex Police,-0.767953,50.833427,On or near Cambrai Avenue,E01031489,Chichester 012A,Other theft,Investigation complete; no suspect identified,
c1f622c9b8344f2de3f4fe3c6f3800a7bcea1d4beffae648207426365b92b2a2,2017-03,Sussex Police,Sussex Police,-0.762796,50.832976,On or near Parham Close,E01031489,Chichester 012A,Possession of weapons,Offender given suspended prison sentence,
,2017-03,Sussex Police,Sussex Police,-0.771645,50.829095,On or near Hardham Road,E01031492,Chichester 012B,Anti-social behaviour,,
,2017-03,Sussex Police,Sussex Police,-0.778155,50.831573,On or near Cory Close,E01031492,Chichester 012B,Anti-social behaviour,,
,2017-03,Sussex Police,Sussex Police,-0.771645,50.829095,On or near Hardham Road,E01031492,Chichester 012B,Anti-social behaviour,,
,2017-03,Sussex Police,Sussex Police,-0.778694,50.830482,On or near Sports/Recreation Area,E01031492,Chichester 012B,Anti-social behaviour,,
,2017-03,Sussex Police,Sussex Police,-0.768922,50.828985,On or near Mumford Place,E01031492,Chichester 012B,Anti-social behaviour,,
,2017-03,Sussex Police,Sussex Police,-0.771842,50.830230,On or near Bramber Road,E01031492,Chichester 012B,Anti-social behaviour,,
,2017-03,Sussex Police,Sussex Police,-0.781616,50.830629,On or near Canal Wharf,E01031492,Chichester 012B,Anti-social behaviour,,
761f628adf9bc73dff4408426e786ba66bfa6dce02da4759d727c4e9bc19b261,2017-03,Sussex Police,Sussex Police,-0.770026,50.829105,On or near Taverner Place,E01031492,Chichester 012B,Criminal damage and arson,Investigation complete; no suspect identified,
013328bb8eea9223b53bed4b281836b336cb5f61656ad1ab0a639d2863441628,2017-03,Sussex Police,Sussex Police,-0.768429,50.827182,On or near Whyke Close,E01031492,Chichester 012B,Criminal damage and arson,Unable to prosecute suspect,
23e8de548bb5808d824806ffa943f55edee4e4de78111ccdf4a58dc871565673,2017-03,Sussex Police,Sussex Police,-0.777018,50.831589,On or near Winguard Way,E01031492,Chichester 012B,Drugs,Court result unavailable,
89c29325671e745ada7172486f9cfbaf68e092f54772d3f8de849c3f066ac540,2017-03,Sussex Police,Sussex Police,-0.777018,50.831589,On or near Winguard Way,E01031492,Chichester 012B,Public order,Unable to prosecute suspect,
00f9f45f6366fc4044e319148527439db9b17b8819f88937d76ba7603f6f975c,2017-03,Sussex Police,Sussex Police,-0.780005,50.830855,On or near Police Station,E01031492,Chichester 012B,Public order,Offender given suspended prison sentence,
c884eb1028a3c05b1017fbd53172707e94a956b0c2e71dcb9bdaa5ecf4791089,2017-03,Sussex Police,Sussex Police,-0.780005,50.830855,On or near Police Station,E01031492,Chichester 012B,Public order,Offender fined,
adcdad4e42b60113865b64d2879f32ddcca90e37a2ffb73a31fdb8e22a3ec8c7,2017-03,Sussex Police,Sussex Police,-0.771645,50.829095,On or near Hardham Road,E01031492,Chichester 012B,Public order,Investigation complete; no suspect identified,
8eaa8955ef7fadd0ab9fe334024461c24ad37ed252f88ce2458f3fbcdc5697b0,2017-03,Sussex Police,Sussex Police,-0.776502,50.831241,On or near Kingsham Road,E01031492,Chichester 012B,Public order,Investigation complete; no suspect identified,
46f76d00ce7e3b2f51ef9a2520d0d17dbdf8ee5b31666e64c5fb6a4dd75365c0,2017-03,Sussex Police,Sussex Police,-0.771645,50.829095,On or near Hardham Road,E01031492,Chichester 012B,Shoplifting,Court result unavailable,
f453f5373833a520a782a09687c800311fedd3285578a88156d0ad850d90eacc,2017-03,Sussex Police,Sussex Police,-0.776502,50.831241,On or near Kingsham Road,E01031492,Chichester 012B,Vehicle crime,Unable to prosecute suspect,
184fb355e80fdabb30693c99e43fa4aac1d49820fd0312cef0d08b6ce526fd35,2017-03,Sussex Police,Sussex Police,-0.780005,50.830855,On or near Police Station,E01031492,Chichester 012B,Violence and sexual offences,Court result unavailable,
36ed005a69b4a554fedbf7755a28fc5c5150cd6dea30b4047fa2bfadad52f946,2017-03,Sussex Police,Sussex Police,-0.776502,50.831241,On or near Kingsham Road,E01031492,Chichester 012B,Violence and sexual offences,Unable to prosecute suspect,
7965783d90c4b339aee7e3f3d233a94c19515ebc1b45b7c5e33cc8939b9a9dd9,2017-03,Sussex Police,Sussex Police,-0.780005,50.830855,On or near Police Station,E01031492,Chichester 012B,Violence and sexual offences,Investigation complete; no suspect identified,
b4c18c7cbdd457ba74f5921c7cf948364c5f2f9cc51309b5f59014ded4453265,2017-03,Sussex Police,Sussex Police,-0.774367,50.830868,On or near Martlet Close,E01031492,Chichester 012B,Violence and sexual offences,Unable to prosecute suspect,
13bf026fede17681d5a375a36cb79822984e330fb4e6178f7fc8cf993b796f15,2017-03,Sussex Police,Sussex Police,-0.780005,50.830855,On or near Police Station,E01031492,Chichester 012B,Violence and sexual offences,Defendant found not guilty,
a851881fa3548c829a68857000a8e094e712a7686043df030600bd01723e78d4,2017-03,Sussex Police,Sussex Police,-0.780005,50.830855,On or near Police Station,E01031492,Chichester 012B,Violence and sexual offences,Status update unavailable,
e7359b5e82f1409f690505e68f316235e298af7ee714ad06ed38a09901633b7e,2017-03,Sussex Police,Sussex Police,-0.780005,50.830855,On or near Police Station,E01031492,Chichester 012B,Violence and sexual offences,Defendant found not guilty,
,2017-03,Sussex Police,Sussex Police,-0.762389,50.813457,On or near Aylwin Place,E01031513,Chichester 012C,Anti-social behaviour,,
,2017-03,Sussex Police,Sussex Police,-0.754545,50.826054,On or near Park/Open Space,E01031513,Chichester 012C,Anti-social behaviour,,
,2017-03,Sussex Police,Sussex Police,-0.757731,50.814604,On or near Park/Open Space,E01031513,Chichester 012C,Anti-social behaviour,,
,2017-03,Sussex Police,Sussex Police,-0.739955,50.826869,On or near Green Lane,E01031513,Chichester 012C,Anti-social behaviour,,
24c7fe15022a766e53a3fe681cfd3ec7e704acdb756ed349851d9541b0b47e3e,2017-03,Sussex Police,Sussex Police,-0.741199,50.841846,On or near Sports/Recreation Area,E01031513,Chichester 012C,Burglary,Investigation complete; no suspect identified,
74bc5586014864f83a0ca5a32b4c470aac2f4b6d4fe9e749373339e1145887c2,2017-03,Sussex Police,Sussex Police,-0.710160,50.836372,On or near Woodhorn Lane,E01031513,Chichester 012C,Other theft,Investigation complete; no suspect identified,
89a5e325878a665ef66231d63db9634bd2dd83ebc9dcc74f6e9f4b78478f700c,2017-03,Sussex Police,Sussex Police,-0.750445,50.821136,On or near Park/Open Space,E01031513,Chichester 012C,Other theft,Investigation complete; no suspect identified,
c86c41f754c93a125f11cf8c97773ddaf4f0e771c12e769137c032400a9fb04b,2017-03,Sussex Police,Sussex Police,-0.746947,50.842016,On or near Coach Road,E01031513,Chichester 012C,Public order,Investigation complete; no suspect identified,
60fcab0fb8d8dba4df98d4ff73eef3b6c9d70b956ad7a92e30c9ff0819a3a9b0,2017-03,Sussex Police,Sussex Police,-0.718757,50.836188,On or near St Andrew'S Close,E01031513,Chichester 012C,Vehicle crime,Investigation complete; no suspect identified,
4e4a5e37a0a4119f908c84e937a5211dce78732fb86d90ba3457286dcc11d746,2017-03,Sussex Police,Sussex Police,-0.754545,50.826054,On or near Park/Open Space,E01031513,Chichester 012C,Vehicle crime,Investigation complete; no suspect identified,
8ee4bcd249008894d59270d3408bcc9d1df36e69784eb9b6e6f08f55a42960ac,2017-03,Sussex Police,Sussex Police,-0.754545,50.826054,On or near Park/Open Space,E01031513,Chichester 012C,Vehicle crime,Investigation complete; no suspect identified,
8e9194a0a08885e76e782efbc836946f3317e9cc4a5834bd2c1c37447e395cd7,2017-03,Sussex Police,Sussex Police,-0.751058,50.822626,On or near Vinnetrow Road,E01031513,Chichester 012C,Violence and sexual offences,Unable to prosecute suspect,
fa2a66e19d2f9e7c525b0483663d17dff108efd1673edb76c74b906032cce5ca,2017-03,Sussex Police,Sussex Police,-0.730358,50.821594,On or near Park/Open Space,E01031513,Chichester 012C,Violence and sexual offences,Investigation complete; no suspect identified,
09c3fe784747083dac74d1fb3e5948f6d4f270f540314dd652b4e8929e607de8,2017-03,Sussex Police,Sussex Police,-0.718757,50.836188,On or near St Andrew'S Close,E01031513,Chichester 012C,Violence and sexual offences,Unable to prosecute suspect,
42f2eb650f4f12fa97702fb2becef4c98227f6de166169d3b301c249629f2b94,2017-03,Sussex Police,Sussex Police,-0.753523,50.837752,On or near Oving Road,E01031513,Chichester 012C,Violence and sexual offences,Offender given community sentence,
a70d59cebcc752aac505fcc26b5ba42effcae2df6329e4a1362804758c5ed3a7,2017-03,Sussex Police,Sussex Police,-0.754545,50.826054,On or near Park/Open Space,E01031513,Chichester 012C,Other crime,Status update unavailable,
,2017-03,Sussex Police,Sussex Police,-0.780699,50.810737,On or near Orchard Side,E01031530,Chichester 012D,Anti-social behaviour,,
,2017-03,Sussex Police,Sussex Police,-0.783236,50.803263,On or near Selsey Road,E01031530,Chichester 012D,Anti-social behaviour,,
bf1a9ffb9aa21fc8aaadd414d75e8219db44931be2dbb225fa895d20e47c3373,2017-03,Sussex Police,Sussex Police,-0.780717,50.808956,On or near Uphill Way,E01031530,Chichester 012D,Public order,Status update unavailable,
1f51fe74306dc5d64bff376267c658daa9f3b7daf59fd47941ad96c34a5b8a3f,2017-03,Sussex Police,Sussex Police,-0.780717,50.808956,On or near Uphill Way,E01031530,Chichester 012D,Violence and sexual offences,Status update unavailable,
be42ad91d0aa185486d7f82fe936bcd8d34852375c7e76661f53140df248fdc4,2017-03,Sussex Police,Sussex Police,-0.780717,50.808956,On or near Uphill Way,E01031530,Chichester 012D,Violence and sexual offences,Investigation complete; no suspect identified,
a322c3ab4c2e2b9a88cc9e92f88e9db13c8595a24d21152fbd48abf6ffaf8f60,2017-03,Sussex Police,Sussex Police,-0.780717,50.808956,On or near Uphill Way,E01031530,Chichester 012D,Violence and sexual offences,Formal action is not in the public interest,
,2017-03,Sussex Police,Sussex Police,-0.721181,50.850388,On or near Cheshire Crescent,E01031538,Chichester 012E,Anti-social behaviour,,
,2017-03,Sussex Police,Sussex Police,-0.718791,50.850505,On or near Chestnut Walk,E01031538,Chichester 012E,Anti-social behaviour,,
,2017-03,Sussex Police,Sussex Police,-0.718791,50.850505,On or near Chestnut Walk,E01031538,Chichester 012E,Anti-social behaviour,,
8e3952e58adde5eca7f212982b60c5f32361f54b3433c53cbd3170848ec7226e,2017-03,Sussex Police,Sussex Police,-0.716233,50.854695,On or near Petrol Station,E01031538,Chichester 012E,Burglary,Status update unavailable,
a3a56a05f660c2a61e1662ee2049510232051900fc1f87c3a9e67c0f9c9e7a01,2017-03,Sussex Police,Sussex Police,-0.712707,50.852201,On or near Oakwood Close,E01031538,Chichester 012E,Criminal damage and arson,Investigation complete; no suspect identified,
3da6777d234a9173cc23f5535272ec59561313a3f23908a80e1cd299553fcfbc,2017-03,Sussex Police,Sussex Police,-0.717444,50.854043,On or near Edwards Avenue,E01031538,Chichester 012E,Criminal damage and arson,Investigation complete; no suspect identified,
3f89673e1a4a4aad57c5067fda29fb2cf1fee265eb79f4eff894bf918b8735b3,2017-03,Sussex Police,Sussex Police,-0.716703,50.852065,On or near Duxford Close,E01031538,Chichester 012E,Criminal damage and arson,Investigation complete; no suspect identified,
55e78b3554b3043f59ff075920680c2413f1b074394231b4fd17e98b8a7db141,2017-03,Sussex Police,Sussex Police,-0.712942,50.852447,On or near Meadow Way,E01031538,Chichester 012E,Criminal damage and arson,Investigation complete; no suspect identified,
a931de908ea5946c81095494a124825d2d97469528693ba41ea7b09e72327c9e,2017-03,Sussex Police,Sussex Police,-0.716233,50.854695,On or near Petrol Station,E01031538,Chichester 012E,Other theft,Investigation complete; no suspect identified,
0008d7d06429fc6aa2a43db03e3ab43286806735dad834c3c7ab7f5f6839ab5a,2017-03,Sussex Police,Sussex Police,-0.716233,50.854695,On or near Petrol Station,E01031538,Chichester 012E,Other theft,Investigation complete; no suspect identified,
3575947c648fb2f7824f7957bcb7d3922f9bf373c6e9959323244bf274439265,2017-03,Sussex Police,Sussex Police,-0.716233,50.854695,On or near Petrol Station,E01031538,Chichester 012E,Other theft,Investigation complete; no suspect identified,
ecfd049ab31e740f345b04675ad8915fe411ffa9b5112a5fa4763da755350f7a,2017-03,Sussex Police,Sussex Police,-0.716703,50.852065,On or near Duxford Close,E01031538,Chichester 012E,Public order,Investigation complete; no suspect identified,
3c0c8ce5c35e84cb9ecc0fc6b514aeda9d23d08e502540a82476d1e9ce48886a,2017-03,Sussex Police,Sussex Police,-0.716703,50.852065,On or near Duxford Close,E01031538,Chichester 012E,Shoplifting,Unable to prosecute suspect,
099a0d530a572e60bfea932d057ab2fb49e95ffe057a385b4f2badae4abce102,2017-03,Sussex Police,Sussex Police,-0.716233,50.854695,On or near Petrol Station,E01031538,Chichester 012E,Violence and sexual offences,Unable to prosecute suspect,
5786f786dc495d0ee0342380a5a8f2f78b67591700b0a112b6848a194aae2afd,2017-03,Sussex Police,Sussex Police,-0.714370,50.852166,On or near Jerrard Road,E01031538,Chichester 012E,Violence and sexual offences,Status update unavailable,
59f202d7cf60caa6793374d960b17520dec9faf3123827507a8d501a7f58c010,2017-03,Sussex Police,Sussex Police,-0.716233,50.854695,On or near Petrol Station,E01031538,Chichester 012E,Violence and sexual offences,Further investigation is not in the public interest,
3ccb92ad6644fd847e4e87f12356b53789b873e63cfdf67f3e1a3c74965c207b,2017-03,Sussex Police,Sussex Police,-0.710649,50.852628,On or near Neville Duke Way,E01031538,Chichester 012E,Violence and sexual offences,Unable to prosecute suspect,
ce89de2d136cf97bfcef164b8e843cf66a06e7698e283475fde1e07f5eb86ce1,2017-03,Sussex Police,Sussex Police,-0.710644,50.850758,On or near Churchwood Drive,E01031539,Chichester 012F,Criminal damage and arson,Status update unavailable,
525d79865d919458da5a9059b8c78ba6f14662efd0384f4a1972478e13a61d71,2017-03,Sussex Police,Sussex Police,-0.714445,50.850997,On or near Tamar Way,E01031539,Chichester 012F,Violence and sexual offences,Further investigation is not in the public interest,
,2017-03,Sussex Police,Sussex Police,-0.858248,50.765558,On or near Middleton Close,E01031499,Chichester 013A,Anti-social behaviour,,
,2017-03,Sussex Police,Sussex Police,-0.860763,50.762993,On or near Cormorant Way,E01031499,Chichester 013A,Anti-social behaviour,,
,2017-03,Sussex Police,Sussex Police,-0.858248,50.765558,On or near Middleton Close,E01031499,Chichester 013A,Anti-social behaviour,,
aed0752bb245c191ffb227965faded2757185fc3283df2702754016064fda736,2017-03,Sussex Police,Sussex Police,-0.852972,50.758609,On or near Seafields,E01031499,Chichester 013A,Criminal damage and arson,Investigation complete; no suspect identified,
39e796af89eeaba11dcc703929f89c2c0f3626f738d7b466b30e898ed1588e2c,2017-03,Sussex Police,Sussex Police,-0.853972,50.758898,On or near Marineside,E01031499,Chichester 013A,Criminal damage and arson,Investigation complete; no suspect identified,
b58c99f414053cd671f8873a6ba3bfd6d4abe441f4885e867c0904df22693e03,2017-03,Sussex Police,Sussex Police,-0.863015,50.762493,On or near Bourne Court,E01031499,Chichester 013A,Public order,Investigation complete; no suspect identified,
29698d2fbf16e1ec1fd09133631a7879d5c2f9d5be829c0014efaf493f1a1e13,2017-03,Sussex Police,Sussex Police,-0.853189,50.759043,On or near East Bracklesham Drive,E01031499,Chichester 013A,Violence and sexual offences,Investigation complete; no suspect identified,
,2017-03,Sussex Police,Sussex Police,-0.868517,50.776612,On or near Furzefield,E01031500,Chichester 013B,Anti-social behaviour,,
2ea7ae8d7dbecea2e8994775cb4e2553cb7bddd1d420c4ff31fa0280edeceb99,2017-03,Sussex Police,Sussex Police,-0.864516,50.773731,On or near Hilton Park,E01031500,Chichester 013B,Burglary,Investigation complete; no suspect identified,
226433c5d39fc92906a28d72fc8744346ddc1705b7c435b00865aebf136acdf3,2017-03,Sussex Police,Sussex Police,-0.865503,50.768111,On or near Wessex Avenue,E01031500,Chichester 013B,Criminal damage and arson,Unable to prosecute suspect,
918416841fc89f9d2298ab495d77165b7bbb925aee83e9c2ecbe90063c1dde5f,2017-03,Sussex Police,Sussex Police,-0.855244,50.766617,On or near Barton Way,E01031500,Chichester 013B,Other theft,Investigation complete; no suspect identified,
79218683e22f6654f5a868e2962acf2c1f9532f357e2990dd4c79de2b4f74fd4,2017-03,Sussex Police,Sussex Police,-0.855244,50.766617,On or near Barton Way,E01031500,Chichester 013B,Vehicle crime,Investigation complete; no suspect identified,
,2017-03,Sussex Police,Sussex Police,-0.864891,50.766432,On or near Stocks Lane,E01031501,Chichester 013C,Anti-social behaviour,,
,2017-03,Sussex Police,Sussex Police,-0.864531,50.764918,On or near Nagels Close,E01031501,Chichester 013C,Anti-social behaviour,,
,2017-03,Sussex Police,Sussex Police,-0.864561,50.766609,On or near Downview Close,E01031501,Chichester 013C,Anti-social behaviour,,
,2017-03,Sussex Police,Sussex Police,-0.873387,50.769303,On or near Cakeham Road,E01031501,Chichester 013C,Anti-social behaviour,,
,2017-03,Sussex Police,Sussex Police,-0.873387,50.769303,On or near Cakeham Road,E01031501,Chichester 013C,Anti-social behaviour,,
,2017-03,Sussex Police,Sussex Police,-0.873513,50.769969,On or near Parking Area,E01031501,Chichester 013C,Anti-social behaviour,,
b2f5e499f99d840a4576cc994cf7171907bc87745099320026afd5b504c11c1d,2017-03,Sussex Police,Sussex Police,-0.864531,50.764918,On or near Nagels Close,E01031501,Chichester 013C,Burglary,Investigation complete; no suspect identified,
05a60207565871ed8dceedb1fa4ce63d95657b519b0ac7768c427370c9583dd9,2017-03,Sussex Police,Sussex Police,-0.867545,50.765163,On or near Charlmead,E01031501,Chichester 013C,Public order,Unable to prosecute suspect,
eb54ee00dffde982c4d58aef4798cd09f8a0ce3b8b163bff7f483d7d7cd5287e,2017-03,Sussex Police,Sussex Police,-0.873387,50.769303,On or near Cakeham Road,E01031501,Chichester 013C,Shoplifting,Investigation complete; no suspect identified,
15ff1cc508c52d261c8882efb18ad5fe350badc098f5c51f1ff36ce5deadfbb4,2017-03,Sussex Police,Sussex Police,-0.873387,50.769303,On or near Cakeham Road,E01031501,Chichester 013C,Shoplifting,Investigation complete; no suspect identified,
dc8d6d17f852452ef8271ab8dac5e155843372cd10377f3e8c48b6a941c1e05e,2017-03,Sussex Police,Sussex Police,-0.864561,50.766609,On or near Downview Close,E01031501,Chichester 013C,Violence and sexual offences,Status update unavailable,
207e354cc66011dae2121ffb35b38fd21ded8347082efda070fab77a311931bd,2017-03,Sussex Police,Sussex Police,-0.864232,50.764376,On or near Peerley Road,E01031501,Chichester 013C,Violence and sexual offences,Further investigation is not in the public interest,
aad9bb0968ac9711d14390c69d080e80fa87bdf01a956918bd4efea1f063473e,2017-03,Sussex Police,Sussex Police,-0.809168,50.760616,On or near Ham Road,E01031529,Chichester 013D,Burglary,Investigation complete; no suspect identified,
b4137d681efcdb7ee17b09cb028c338713ec659ee52cefed3669c2058a8ab515,2017-03,Sussex Police,Sussex Police,-0.804863,50.789359,On or near Lockgate Road,E01031529,Chichester 013D,Other crime,Status update unavailable,
77c327b2e13587012efe6374be5f2696a740649eec2b3b64319125c46dce2819,2017-03,Sussex Police,Sussex Police,-0.865886,50.806218,On or near Chandlers Reach,E01031540,Chichester 013E,Other theft,Investigation complete; no suspect identified,
9c23469820d0eee355bae1792a7a6077c6c77c0c0ecda52c03d2454b0744b8b6,2017-03,Sussex Police,Sussex Police,-0.887491,50.785697,On or near Rookwood Road,E01031540,Chichester 013E,Violence and sexual offences,Unable to prosecute suspect,
4e30bc5113df8f57db6a15b885c42d56c68c4a8f37675a6aa9aa0522f5f0ffdc,2017-03,Sussex Police,Sussex Police,-0.864027,50.788079,On or near Itchenor Road,E01031540,Chichester 013E,Other crime,Investigation complete; no suspect identified,
,2017-03,Sussex Police,Sussex Police,-0.870566,50.772216,On or near Chaucer Drive,E01031541,Chichester 013F,Anti-social behaviour,,
,2017-03,Sussex Police,Sussex Police,-0.874761,50.768776,On or near The Crescent,E01031541,Chichester 013F,Anti-social behaviour,,
b71ec385c3b1ee0eed094a2e84de7c17fc8f546de83b3bc56ed4ecc86705613e,2017-03,Sussex Police,Sussex Police,-0.870566,50.772216,On or near Chaucer Drive,E01031541,Chichester 013F,Criminal damage and arson,Investigation complete; no suspect identified,
b388aadbb7ef94ddd3e3291bbf7aa69f0898bc67b26185207855ac3cc770720d,2017-03,Sussex Police,Sussex Police,-0.870566,50.772216,On or near Chaucer Drive,E01031541,Chichester 013F,Criminal damage and arson,Investigation complete; no suspect identified,
7dbae1bc09f88c82e070dbf7e8404c29dbe80ab23e216cd3576c8962165838ed,2017-03,Sussex Police,Sussex Police,-0.868033,50.772551,On or near Church Road,E01031541,Chichester 013F,Violence and sexual offences,Unable to prosecute suspect,
,2017-03,Sussex Police,Sussex Police,-0.831411,50.793198,On or near Walwyn Close,E01031542,Chichester 013G,Anti-social behaviour,,
40d01840e6cbcecb16085c681bf56a8c503dfccbd662b83207b53e7ee8b937f5,2017-03,Sussex Police,Sussex Police,-0.828024,50.795304,On or near Springfield Close,E01031542,Chichester 013G,Burglary,Investigation complete; no suspect identified,
26ba06d2617c5454070a43caf671b3cd4423f1d0507e9fb6c77605675be4e887,2017-03,Sussex Police,Sussex Police,-0.865490,50.797356,On or near The Spinney,E01031542,Chichester 013G,Other theft,Investigation complete; no suspect identified,
a834584a7b90380c22c7a27264bf11a74048369f1ac52e90a1fd821c091e56df,2017-03,Sussex Police,Sussex Police,-0.839047,50.789668,On or near Petrol Station,E01031542,Chichester 013G,Other theft,Investigation complete; no suspect identified,
96cee7d90a3d2708cfb6c1d3bd3e3e1e0fe5a1df8486f43068c3696540ae10cc,2017-03,Sussex Police,Sussex Police,-0.865490,50.797356,On or near The Spinney,E01031542,Chichester 013G,Other theft,Investigation complete; no suspect identified,
e3882e3beb51143bfed454721e4ae73fc8d2657e4769991e73acb20c0ba42bc3,2017-03,Sussex Police,Sussex Police,-0.825038,50.792171,On or near Alandale Road,E01031542,Chichester 013G,Vehicle crime,Investigation complete; no suspect identified,
,2017-03,Sussex Police,Sussex Police,-0.782525,50.736096,On or near Allandale Close,E01031522,Chichester 014A,Anti-social behaviour,,
,2017-03,Sussex Police,Sussex Police,-0.784372,50.739739,On or near Robinson Close,E01031522,Chichester 014A,Anti-social behaviour,,
92c8969ea4d319e5f1c4985738d76d82b1193b297f894f33eb603a0c9adfe119,2017-03,Sussex Police,Sussex Police,-0.786205,50.739003,On or near Police Station,E01031522,Chichester 014A,Criminal damage and arson,Investigation complete; no suspect identified,
a84129b0133d5986123d2945f9e3fab6a6dcbf40b13b8ebd414423b8aa464c63,2017-03,Sussex Police,Sussex Police,-0.782885,50.740254,On or near Petts Close,E01031522,Chichester 014A,Violence and sexual offences,Court result unavailable,
e45db4c1a91f223eef0e5fc746ac060274c4639f15e1b273f48ec51e21506ce8,2017-03,Sussex Police,Sussex Police,-0.778543,50.735011,On or near Beach Road,E01031522,Chichester 014A,Violence and sexual offences,Unable to prosecute suspect,
,2017-03,Sussex Police,Sussex Police,-0.795229,50.737487,On or near Warner'S Lane,E01031523,Chichester 014B,Anti-social behaviour,,
,2017-03,Sussex Police,Sussex Police,-0.787412,50.735077,On or near Robin'S Close,E01031523,Chichester 014B,Anti-social behaviour,,
,2017-03,Sussex Police,Sussex Police,-0.796477,50.732472,On or near Crablands,E01031523,Chichester 014B,Anti-social behaviour,,
,2017-03,Sussex Police,Sussex Police,-0.796477,50.732472,On or near Crablands,E01031523,Chichester 014B,Anti-social behaviour,,
,2017-03,Sussex Police,Sussex Police,-0.793841,50.733048,On or near Large Acres,E01031523,Chichester 014B,Anti-social behaviour,,
0e998fb07c9f5fcd2032597ce0c99f99c9682d4cfe1c3e085a49eb45ba78c473,2017-03,Sussex Police,Sussex Police,-0.808236,50.735372,On or near Deer Park Drive,E01031523,Chichester 014B,Drugs,Offender given a caution,
15f75d90705d7bdfa4d7c3fe722fa8ca0bdcc8a15dbc1240591360624b58cd49,2017-03,Sussex Police,Sussex Police,-0.803410,50.736240,On or near Broadway,E01031523,Chichester 014B,Other theft,Investigation complete; no suspect identified,
a00ef15cffacec9eee35fd3a1173abc018360a94c0868f1e07800ff27c104320,2017-03,Sussex Police,Sussex Police,-0.804264,50.735529,On or near Mayridge,E01031523,Chichester 014B,Violence and sexual offences,Status update unavailable,
b0b1fad9cc3d6e5684fdc4485fe6b1dec3c831657ee09b8da982575e1c709039,2017-03,Sussex Police,Sussex Police,-0.791540,50.735470,On or near School Lane,E01031523,Chichester 014B,Violence and sexual offences,Status update unavailable,
4627b04659f91da7f07901079122a017f6298991543cd7072590a7a46d0f7ade,2017-03,Sussex Police,Sussex Police,-0.808236,50.735372,On or near Deer Park Drive,E01031523,Chichester 014B,Violence and sexual offences,Investigation complete; no suspect identified,
5868773cc493b9e9401752c5fe9d3635c609ebe95406df738ce6e7ba2fc78c77,2017-03,Sussex Police,Sussex Police,-0.799141,50.735234,On or near Donaldson Close,E01031523,Chichester 014B,Violence and sexual offences,Status update unavailable,
6803d58bc2ac17b069f5e3fa455c010b546ec1631fdcf7488084c089daeac81c,2017-03,Sussex Police,Sussex Police,-0.781543,50.748253,On or near Chichester Road,E01031524,Chichester 014C,Criminal damage and arson,Investigation complete; no suspect identified,
0cb2ae451fdb971297d52aa5a48eb316e014909266f139b7b255a7d9ae55dea8,2017-03,Sussex Police,Sussex Police,-0.776371,50.736796,On or near Harcourt Way,E01031524,Chichester 014C,Criminal damage and arson,Investigation complete; no suspect identified,
fa73b809a06834c695e1b3b73061fa8a3c56a10b6c8b036c487cb57387c9f34b,2017-03,Sussex Police,Sussex Police,-0.769913,50.750145,On or near Grange Lane,E01031524,Chichester 014C,Criminal damage and arson,Investigation complete; no suspect identified,
b2364bec2b876fc4213c5b1973c38b628b91ca196f4ecb7778a0c77cea854fd4,2017-03,Sussex Police,Sussex Police,-0.765045,50.742288,On or near Park Copse,E01031524,Chichester 014C,Criminal damage and arson,Offender given a caution,
ab8932a9a7826e1fd6b814201b27ac23cf8027778410d4609a10b6642896d156,2017-03,Sussex Police,Sussex Police,-0.770657,50.736907,On or near Newfield Road,E01031524,Chichester 014C,Public order,Offender given a caution,
ef52f59be752d2d21ffca47acb36caa5cd81d63f78a7dbb88c653c0b94fe847d,2017-03,Sussex Police,Sussex Police,-0.765045,50.742288,On or near Park Copse,E01031524,Chichester 014C,Violence and sexual offences,Offender given a caution,
e3b00de1d3a9bb5b0c5d5c4f92df43ca91e43bfe042aea68c15d236cea5cd6ea,2017-03,Sussex Police,Sussex Police,-0.777080,50.734060,On or near Park Avenue,E01031524,Chichester 014C,Violence and sexual offences,Status update unavailable,
713abc9e36ec23df8e9f23fe554c9424781a737144cdc77501e9f9f44d17027f,2017-03,Sussex Police,Sussex Police,-0.765045,50.742288,On or near Park Copse,E01031524,Chichester 014C,Violence and sexual offences,Offender given a caution,
c1070e680b1006ab34d60791f0db6d6f48add518a69d956798091810f0252625,2017-03,Sussex Police,Sussex Police,-0.765045,50.742288,On or near Park Copse,E01031524,Chichester 014C,Violence and sexual offences,Offender given a caution,
4b9103c6295783dd83b9040d5b86d7f3295e9d71bf632d0a7d7324f8b508b85b,2017-03,Sussex Police,Sussex Police,-0.788020,50.727969,On or near Windsor Road,E01031526,Chichester 014E,Burglary,Court result unavailable,
e18d8f9803fdd4e76ba7fb4461ac7d8735145a96570041510a06d2aa6c823b8c,2017-03,Sussex Police,Sussex Police,-0.788455,50.726490,On or near Tythe Barn Road,E01031526,Chichester 014E,Public order,Investigation complete; no suspect identified,
5c7ce246f6121fa19269d908fb6e724b523043397251139d671ca15183716aaf,2017-03,Sussex Police,Sussex Police,-0.787010,50.727033,On or near Grafton Road,E01031527,Chichester 014F,Drugs,Offender given a drugs possession warning,
d56d6cb23ae0ac998bc1fdc589db9b4052711b629828dd0a6304eeab404d7e42,2017-03,Sussex Police,Sussex Police,-0.782964,50.728438,On or near Sunnymead Close,E01031527,Chichester 014F,Violence and sexual offences,Status update unavailable,
,2017-03,Sussex Police,Sussex Police,-0.798637,50.730579,On or near West Street,E01031528,Chichester 014G,Anti-social behaviour,,
,2017-03,Sussex Police,Sussex Police,-0.792213,50.729677,On or near Latham Road,E01031528,Chichester 014G,Anti-social behaviour,,
877088a0db3ca3724176b0221c0759405aa0f633ff2d1993e770facac0aad3c3,2017-03,Sussex Police,Sussex Police,-0.791675,50.731883,On or near Supermarket,E01031528,Chichester 014G,Burglary,Investigation complete; no suspect identified,
8a2900d38303493262b98462e248e4b713669c7ae53acf97b1732cfb1d0127c8,2017-03,Sussex Police,Sussex Police,-0.791675,50.731883,On or near Supermarket,E01031528,Chichester 014G,Criminal damage and arson,Investigation complete; no suspect identified,
4ba0802aa1d0dffd3973ec856c305092a560221c8ccde4d19612757abc731386,2017-03,Sussex Police,Sussex Police,-0.791675,50.731883,On or near Supermarket,E01031528,Chichester 014G,Criminal damage and arson,Investigation complete; no suspect identified,
3b9212483e860557b698c26d2bb3b348ea54dbd62e693e145d3733073b1416f4,2017-03,Sussex Police,Sussex Police,-0.791675,50.731883,On or near Supermarket,E01031528,Chichester 014G,Public order,Investigation complete; no suspect identified,
bc699ba2ecdb69d1693759501be4e89dee00e0afbf63dcdfe6a3d6021591fdb2,2017-03,Sussex Police,Sussex Police,-0.788626,50.731420,On or near Otard Close,E01031528,Chichester 014G,Public order,Unable to prosecute suspect,
1c97726e04e0fbcc3e70e71b7754fc9386a00520e55c769b5040672492f426f4,2017-03,Sussex Police,Sussex Police,-0.791675,50.731883,On or near Supermarket,E01031528,Chichester 014G,Shoplifting,Status update unavailable,
d9edb267cc307af060ffa3281fdb31514f4209d83144c9664a88b49da361d085,2017-03,Sussex Police,Sussex Police,-0.794081,50.725352,On or near Seal Square,E01031528,Chichester 014G,Violence and sexual offences,Further investigation is not in the public interest,
a1e2c615f2708d14bd354ce89c9992a6e4ce334d2a54f9585bf83d23ac4acd6e,2017-03,Sussex Police,Sussex Police,-0.788626,50.731420,On or near Otard Close,E01031528,Chichester 014G,Violence and sexual offences,Unable to prosecute suspect,
7e9737871c9c8fa68ff7b507ea69ed684e6999e07e793b375bbc34001b65ba3c,2017-03,Sussex Police,Sussex Police,-0.793353,50.731100,On or near New Parade,E01031528,Chichester 014G,Violence and sexual offences,Unable to prosecute suspect,
1d3457703ae3f51232487bc0dc9aa4307f93c2ab2391f8c89a69cfa7fd656a4a,2017-03,Sussex Police,Sussex Police,-0.793167,50.730595,On or near Further/Higher Educational Building,E01031528,Chichester 014G,Violence and sexual offences,Further investigation is not in the public interest,
,2017-03,Sussex Police,Sussex Police,-1.598217,54.821672,On or near Hawthorn Close,E01020607,County Durham 019B,Anti-social behaviour,,
,2017-03,Sussex Police,Sussex Police,-0.195988,51.124308,On or near Jackdaw Close,E01031573,Crawley 001A,Anti-social behaviour,,
,2017-03,Sussex Police,Sussex Police,-0.193943,51.123629,On or near Crawley Avenue,E01031573,Crawley 001A,Anti-social behaviour,,
,2017-03,Sussex Police,Sussex Police,-0.193943,51.123629,On or near Crawley Avenue,E01031573,Crawley 001A,Anti-social behaviour,,
,2017-03,Sussex Police,Sussex Police,-0.193943,51.123629,On or near Crawley Avenue,E01031573,Crawley 001A,Anti-social behaviour,,
,2017-03,Sussex Police,Sussex Police,-0.193943,51.123629,On or near Crawley Avenue,E01031573,Crawley 001A,Anti-social behaviour,,
,2017-03,Sussex Police,Sussex Police,-0.193943,51.123629,On or near Crawley Avenue,E01031573,Crawley 001A,Anti-social behaviour,,
,2017-03,Sussex Police,Sussex Police,-0.193943,51.123629,On or near Crawley Avenue,E01031573,Crawley 001A,Anti-social behaviour,,
,2017-03,Sussex Police,Sussex Police,-0.193943,51.123629,On or near Crawley Avenue,E01031573,Crawley 001A,Anti-social behaviour,,
,2017-03,Sussex Police,Sussex Police,-0.193943,51.123629,On or near Crawley Avenue,E01031573,Crawley 001A,Anti-social behaviour,,
,2017-03,Sussex Police,Sussex Police,-0.193943,51.123629,On or near Crawley Avenue,E01031573,Crawley 001A,Anti-social behaviour,,
fb94728c59108a2d8ca253c6842da7551decb974d43ee382ed35ab109779dc0b,2017-03,Sussex Police,Sussex Police,-0.203291,51.126875,On or near Hare Lane,E01031573,Crawley 001A,Burglary,Investigation complete; no suspect identified,
207b2c906212450a4e3face94b8c233dd6d94066bc29be58be39f331561da408,2017-03,Sussex Police,Sussex Police,-0.193943,51.123629,On or near Crawley Avenue,E01031573,Crawley 001A,Criminal damage and arson,Investigation complete; no suspect identified,
16d85315213ed294a4ae1fb3ced29897b5162b14e73217d5a364ac10942b013f,2017-03,Sussex Police,Sussex Police,-0.193943,51.123629,On or near Crawley Avenue,E01031573,Crawley 001A,Criminal damage and arson,Investigation complete; no suspect identified,
f4c30bc115343d7cc53a8337387aad10968177b0eb05f9acb7625f7d07cb531d,2017-03,Sussex Police,Sussex Police,-0.200893,51.127549,On or near Squirrel Close,E01031573,Crawley 001A,Criminal damage and arson,Offender ordered to pay compensation,
bc36515860e0cb8bf09b07ec2aaf7b66db057dbdfa504dc7323b2cd6d0343dc2,2017-03,Sussex Police,Sussex Police,-0.193943,51.123629,On or near Crawley Avenue,E01031573,Crawley 001A,Drugs,Further investigation is not in the public interest,
c30e4c835ad3b016dfe453647d71064312458e83d6f34709d310decd6d14d258,2017-03,Sussex Police,Sussex Police,-0.198686,51.124017,On or near Lark Rise,E01031573,Crawley 001A,Other theft,Investigation complete; no suspect identified,
e7c059e60375339f5dd941d1abd683138b2d6c16320c994ee171314414319032,2017-03,Sussex Police,Sussex Police,-0.193943,51.123629,On or near Crawley Avenue,E01031573,Crawley 001A,Other theft,Investigation complete; no suspect identified,
b9e2a72745815456b14de7f12097accc3b3bd230d4b074d4c70b62d698fb48e2,2017-03,Sussex Police,Sussex Police,-0.193943,51.123629,On or near Crawley Avenue,E01031573,Crawley 001A,Other theft,Investigation complete; no suspect identified,
bf7fb8a71c88186f9c1ab0495a2348688cb28f7a55110ff248eb5cc82980a874,2017-03,Sussex Police,Sussex Police,-0.193943,51.123629,On or near Crawley Avenue,E01031573,Crawley 001A,Other theft,Investigation complete; no suspect identified,
810378be3e1ff84f7d2e781b68f801aa34e6b8b156c2b5e0bf9025cae8d3b516,2017-03,Sussex Police,Sussex Police,-0.200893,51.127549,On or near Squirrel Close,E01031573,Crawley 001A,Public order,Unable to prosecute suspect,
0ce758ab282fe24d6c6643b79228d5c3cb9130c3dfbe020185e47afdd700c967,2017-03,Sussex Police,Sussex Police,-0.199852,51.127479,On or near Parking Area,E01031573,Crawley 001A,Public order,Investigation complete; no suspect identified,
8c1cb3676ec296bb02121835429b1b577895c9658d42604135153331356e4d6b,2017-03,Sussex Police,Sussex Police,-0.193943,51.123629,On or near Crawley Avenue,E01031573,Crawley 001A,Shoplifting,Offender given penalty notice,
765c1ccad1b4f6bc84e2cfcf3be0168ba50edf910a758042f81a6cf5d63a2032,2017-03,Sussex Police,Sussex Police,-0.193943,51.123629,On or near Crawley Avenue,E01031573,Crawley 001A,Shoplifting,Investigation complete; no suspect identified,
af7c30c24b69dc92c8e9ec809f829ba57866d7f07ee54fde796be9fc0cd3c86e,2017-03,Sussex Police,Sussex Police,-0.193943,51.123629,On or near Crawley Avenue,E01031573,Crawley 001A,Shoplifting,Further investigation is not in the public interest,
15331a60a2cfd41cfccf5233c9c8e5d54a8d18453f80b04706ef69df01c2131f,2017-03,Sussex Police,Sussex Police,-0.193943,51.123629,On or near Crawley Avenue,E01031573,Crawley 001A,Shoplifting,Investigation complete; no suspect identified,
640f7d18751d398321f75600f17567125dd89e430904c101a3750b1b52262ceb,2017-03,Sussex Police,Sussex Police,-0.200295,51.124914,On or near Nightingale Close,E01031573,Crawley 001A,Violence and sexual offences,Investigation complete; no suspect identified,
c1361c03aa9b64770bd56938efb490539233818340f77feae3d38ac1f590ebc9,2017-03,Sussex Police,Sussex Police,-0.198218,51.125035,On or near Plover Close,E01031573,Crawley 001A,Violence and sexual offences,Investigation complete; no suspect identified,
1cc5b8000eace38aceaa46e31bb3c5be69ea4fdad97f197a6b243cd51f1a6c65,2017-03,Sussex Police,Sussex Police,-0.200295,51.124914,On or near Nightingale Close,E01031573,Crawley 001A,Violence and sexual offences,Unable to prosecute suspect,
,2017-03,Sussex Police,Sussex Police,-0.207693,51.129452,On or near Stafford Road,E01031574,Crawley 001B,Anti-social behaviour,,
89e915647bf7c216b1f614042546b6ffa58b7276b0ccd8ab907927cca8f8a902,2017-03,Sussex Police,Sussex Police,-0.202615,51.128825,On or near Rushetts Road,E01031574,Crawley 001B,Burglary,Investigation complete; no suspect identified,
a9c29d8560f5c9505aaeba6c1fc677814db66b55d4cece65ceef55f218c48bb9,2017-03,Sussex Police,Sussex Police,-0.198309,51.130045,On or near Juniper Road,E01031574,Crawley 001B,Burglary,Unable to prosecute suspect,
0d6ccec43ca990781f65c80b2d3437ef81770eb0699ffa49fa1ad3fd5e77b76f,2017-03,Sussex Police,Sussex Police,-0.208465,51.131289,On or near Burlands,E01031574,Crawley 001B,Drugs,Offender given a drugs possession warning,
83312641de70ea80c8e4d01cdec9d6d41f0634e75bfa2832acc78943223be4d8,2017-03,Sussex Police,Sussex Police,-0.207693,51.129452,On or near Stafford Road,E01031574,Crawley 001B,Public order,Unable to prosecute suspect,
bef04db41483cffbeb60cbc98b8791f10edccaa07257607bf971df5a02212787,2017-03,Sussex Police,Sussex Police,-0.207648,51.129874,On or near Charlwood Walk,E01031574,Crawley 001B,Public order,Court result unavailable,
b4b498c42d58884917f8a288b06000fc971f1813909c388feca1516245c5f2e9,2017-03,Sussex Police,Sussex Police,-0.207648,51.129874,On or near Charlwood Walk,E01031574,Crawley 001B,Public order,Court result unavailable,
f0bb79b220445d92093363a01761d3faea874bb32580980d393d33b0aaea28c1,2017-03,Sussex Police,Sussex Police,-0.205178,51.127246,On or near Fitchet Close,E01031574,Crawley 001B,Violence and sexual offences,Status update unavailable,
a07d4282d98ee70163198bfc91cbbbc91ecad0cafc54cc9d148986ce7194effa,2017-03,Sussex Police,Sussex Police,-0.207648,51.129874,On or near Charlwood Walk,E01031574,Crawley 001B,Violence and sexual offences,Court result unavailable,
1b9e06c06365b2c832b45e25d74607fd88239b7cfa768a7fc7e96716e0884cba,2017-03,Sussex Police,Sussex Police,-0.209743,51.128557,On or near Pippin Link,E01031574,Crawley 001B,Violence and sexual offences,Unable to prosecute suspect,
65867a4b9ec14d8796a9a04f4fd6be348b072a96d7c1c70268a0c952161036ba,2017-03,Sussex Police,Sussex Police,-0.207648,51.129874,On or near Charlwood Walk,E01031574,Crawley 001B,Violence and sexual offences,Unable to prosecute suspect,
4a4e33809eeb323aa4c9bdfd1fafe622b41d37a93cd7bff8cba1b6c63b90cebd,2017-03,Sussex Police,Sussex Police,-0.206991,51.129118,On or near Prestwood Close,E01031574,Crawley 001B,Violence and sexual offences,Formal action is not in the public interest,
,2017-03,Sussex Police,Sussex Police,-0.164110,51.158444,On or near Queens Gate,E01031575,Crawley 001C,Anti-social behaviour,,
,2017-03,Sussex Police,Sussex Police,-0.172590,51.160627,On or near Racecourse Way,E01031575,Crawley 001C,Anti-social behaviour,,
,2017-03,Sussex Police,Sussex Police,-0.173025,51.162279,On or near Gatwick Airport Longbridge Way,E01031575,Crawley 001C,Anti-social behaviour,,
,2017-03,Sussex Police,Sussex Police,-0.173734,51.161715,On or near Crossway,E01031575,Crawley 001C,Anti-social behaviour,,
,2017-03,Sussex Police,Sussex Police,-0.163049,51.155990,On or near Parking Area,E01031575,Crawley 001C,Anti-social behaviour,,
,2017-03,Sussex Police,Sussex Police,-0.172590,51.160627,On or near Racecourse Way,E01031575,Crawley 001C,Anti-social behaviour,,
,2017-03,Sussex Police,Sussex Police,-0.188846,51.131545,On or near Hospital,E01031575,Crawley 001C,Anti-social behaviour,,
,2017-03,Sussex Police,Sussex Police,-0.188549,51.134382,On or near County Oak Way,E01031575,Crawley 001C,Anti-social behaviour,,
,2017-03,Sussex Police,Sussex Police,-0.188549,51.134382,On or near County Oak Way,E01031575,Crawley 001C,Anti-social behaviour,,
,2017-03,Sussex Police,Sussex Police,-0.188137,51.127748,On or near Canberra Close,E01031575,Crawley 001C,Anti-social behaviour,,
,2017-03,Sussex Police,Sussex Police,-0.188549,51.134382,On or near County Oak Way,E01031575,Crawley 001C,Anti-social behaviour,,
,2017-03,Sussex Police,Sussex Police,-0.187689,51.129333,On or near Ivanhoe Close,E01031575,Crawley 001C,Anti-social behaviour,,
,2017-03,Sussex Police,Sussex Police,-0.163049,51.155990,On or near Parking Area,E01031575,Crawley 001C,Anti-social behaviour,,
,2017-03,Sussex Police,Sussex Police,-0.177591,51.161119,On or near Parking Area,E01031575,Crawley 001C,Anti-social behaviour,,
,2017-03,Sussex Police,Sussex Police,-0.162188,51.157146,On or near Leigh Jenkins Way,E01031575,Crawley 001C,Anti-social behaviour,,
,2017-03,Sussex Police,Sussex Police,-0.177591,51.161119,On or near Parking Area,E01031575,Crawley 001C,Anti-social behaviour,,
,2017-03,Sussex Police,Sussex Police,-0.172590,51.160627,On or near Racecourse Way,E01031575,Crawley 001C,Anti-social behaviour,,
,2017-03,Sussex Police,Sussex Police,-0.187709,51.130286,On or near Vivienne Close,E01031575,Crawley 001C,Anti-social behaviour,,
,2017-03,Sussex Police,Sussex Police,-0.163049,51.155990,On or near Parking Area,E01031575,Crawley 001C,Anti-social behaviour,,
,2017-03,Sussex Police,Sussex Police,-0.163049,51.155990,On or near Parking Area,E01031575,Crawley 001C,Anti-social behaviour,,
,2017-03,Sussex Police,Sussex Police,-0.163049,51.155990,On or near Parking Area,E01031575,Crawley 001C,Anti-social behaviour,,
,2017-03,Sussex Police,Sussex Police,-0.162188,51.157146,On or near Leigh Jenkins Way,E01031575,Crawley 001C,Anti-social behaviour,,
,2017-03,Sussex Police,Sussex Police,-0.162188,51.157146,On or near Leigh Jenkins Way,E01031575,Crawley 001C,Anti-social behaviour,,
,2017-03,Sussex Police,Sussex Police,-0.163049,51.155990,On or near Parking Area,E01031575,Crawley 001C,Anti-social behaviour,,
,2017-03,Sussex Police,Sussex Police,-0.177591,51.161119,On or near Parking Area,E01031575,Crawley 001C,Anti-social behaviour,,
,2017-03,Sussex Police,Sussex Police,-0.162188,51.157146,On or near Leigh Jenkins Way,E01031575,Crawley 001C,Anti-social behaviour,,
,2017-03,Sussex Police,Sussex Police,-0.177591,51.161119,On or near Parking Area,E01031575,Crawley 001C,Anti-social behaviour,,
,2017-03,Sussex Police,Sussex Police,-0.177591,51.161119,On or near Parking Area,E01031575,Crawley 001C,Anti-social behaviour,,
,2017-03,Sussex Police,Sussex Police,-0.163049,51.155990,On or near Parking Area,E01031575,Crawley 001C,Anti-social behaviour,,
,2017-03,Sussex Police,Sussex Police,-0.190587,51.151725,On or near Control Tower Road,E01031575,Crawley 001C,Anti-social behaviour,,
,2017-03,Sussex Police,Sussex Police,-0.163049,51.155990,On or near Parking Area,E01031575,Crawley 001C,Anti-social behaviour,,
,2017-03,Sussex Police,Sussex Police,-0.163049,51.155990,On or near Parking Area,E01031575,Crawley 001C,Anti-social behaviour,,
,2017-03,Sussex Police,Sussex Police,-0.184041,51.154186,On or near Airport/Airfield,E01031575,Crawley 001C,Anti-social behaviour,,
,2017-03,Sussex Police,Sussex Police,-0.176578,51.161049,On or near Coach Road,E01031575,Crawley 001C,Anti-social behaviour,,
,2017-03,Sussex Police,Sussex Police,-0.184041,51.154186,On or near Airport/Airfield,E01031575,Crawley 001C,Anti-social behaviour,,
,2017-03,Sussex Police,Sussex Police,-0.175465,51.160609,On or near Parking Area,E01031575,Crawley 001C,Anti-social behaviour,,
,2017-03,Sussex Police,Sussex Police,-0.177591,51.161119,On or near Parking Area,E01031575,Crawley 001C,Anti-social behaviour,,
,2017-03,Sussex Police,Sussex Police,-0.175465,51.160609,On or near Parking Area,E01031575,Crawley 001C,Anti-social behaviour,,
,2017-03,Sussex Police,Sussex Police,-0.177528,51.161630,On or near Longbridge Gate,E01031575,Crawley 001C,Anti-social behaviour,,
,2017-03,Sussex Police,Sussex Police,-0.177591,51.161119,On or near Parking Area,E01031575,Crawley 001C,Anti-social behaviour,,
,2017-03,Sussex Police,Sussex Police,-0.163049,51.155990,On or near Parking Area,E01031575,Crawley 001C,Anti-social behaviour,,
,2017-03,Sussex Police,Sussex Police,-0.177591,51.161119,On or near Parking Area,E01031575,Crawley 001C,Anti-social behaviour,,
,2017-03,Sussex Police,Sussex Police,-0.175465,51.160609,On or near Parking Area,E01031575,Crawley 001C,Anti-social behaviour,,
,2017-03,Sussex Police,Sussex Police,-0.177591,51.161119,On or near Parking Area,E01031575,Crawley 001C,Anti-social behaviour,,
,2017-03,Sussex Police,Sussex Police,-0.190547,51.155295,On or near Larkins Road,E01031575,Crawley 001C,Anti-social behaviour,,
,2017-03,Sussex Police,Sussex Police,-0.188549,51.134382,On or near County Oak Way,E01031575,Crawley 001C,Anti-social behaviour,,
,2017-03,Sussex Police,Sussex Police,-0.187689,51.129333,On or near Ivanhoe Close,E01031575,Crawley 001C,Anti-social behaviour,,
,2017-03,Sussex Police,Sussex Police,-0.182604,51.145999,On or near Old Brighton Road South,E01031575,Crawley 001C,Anti-social behaviour,,
,2017-03,Sussex Police,Sussex Police,-0.190587,51.151725,On or near Control Tower Road,E01031575,Crawley 001C,Anti-social behaviour,,
888858a84be133f9eea1cbb511b7be8b2cd3c529b20cb28aed1eb27b2969e41b,2017-03,Sussex Police,Sussex Police,-0.192986,51.130557,On or near Martyrs Avenue,E01031575,Crawley 001C,Burglary,Investigation complete; no suspect identified,
a77d2a08793cfcd6646d752f729b6b9b916bd2e312b4be5a4f03c7bbc290f3fc,2017-03,Sussex Police,Sussex Police,-0.192986,51.130557,On or near Martyrs Avenue,E01031575,Crawley 001C,Burglary,Investigation complete; no suspect identified,
52c6adf1ade6cb3037e544bc4a66f475cd4f3718b38c38042dbebc516c917222,2017-03,Sussex Police,Sussex Police,-0.182604,51.145999,On or near Old Brighton Road South,E01031575,Crawley 001C,Criminal damage and arson,Further investigation is not in the public interest,
1336c34f739cfdf40f53c528aa564fbdcd4d5c2657b6c10f3fcbb687967b3400,2017-03,Sussex Police,Sussex Police,-0.188846,51.131545,On or near Hospital,E01031575,Crawley 001C,Criminal damage and arson,Unable to prosecute suspect,
e2441b5c3fa7059e51594c8d403c082f8ac76e38779cf52a26b968523724c411,2017-03,Sussex Police,Sussex Police,-0.182604,51.145999,On or near Old Brighton Road South,E01031575,Crawley 001C,Criminal damage and arson,Unable to prosecute suspect,
8e31a6cd46842b3e01978c5eb5a8393f0069e232af424ac60551dba669bbd052,2017-03,Sussex Police,Sussex Police,-0.188602,51.128636,On or near Perth Close,E01031575,Crawley 001C,Criminal damage and arson,Investigation complete; no suspect identified,
a9019a37171f7b15e529685278903d1fca4aa2ec3995d67646c72b3f453acc72,2017-03,Sussex Police,Sussex Police,-0.188602,51.128636,On or near Perth Close,E01031575,Crawley 001C,Criminal damage and arson,Court result unavailable,
26385a805d33826959e351ef8f7d113cdb81af149c815e4e5bc63ceba8fbed7a,2017-03,Sussex Police,Sussex Police,-0.190917,51.135606,On or near County Oak Lane,E01031575,Crawley 001C,Criminal damage and arson,Investigation complete; no suspect identified,
08953c978ea609048b580a01d5714c393532f20ddf168e451f5365101f79bce5,2017-03,Sussex Police,Sussex Police,-0.188846,51.131545,On or near Hospital,E01031575,Crawley 001C,Criminal damage and arson,Further investigation is not in the public interest,
6e236a5b6aa37b55a217f5caafba2ed88d2a436c9663d7634ec6da7a578f80ea,2017-03,Sussex Police,Sussex Police,-0.188602,51.128636,On or near Perth Close,E01031575,Crawley 001C,Criminal damage and arson,Investigation complete; no suspect identified,
bb16ea56b7ac3c329e2e87edddcec1525d68662690dd14fffc7d8353a75abc3e,2017-03,Sussex Police,Sussex Police,-0.177591,51.161119,On or near Parking Area,E01031575,Crawley 001C,Criminal damage and arson,Status update unavailable,
476ecea9fbac84bdc041276946775945ef414fd93d4e4bf400a2afc1c0d93770,2017-03,Sussex Police,Sussex Police,-0.175465,51.160609,On or near Parking Area,E01031575,Crawley 001C,Drugs,Offender given a drugs possession warning,
57d875f962f42587b9cd6cf3b143139a2e46bccb57864a3b7244874a1e8e67b7,2017-03,Sussex Police,Sussex Police,-0.163049,51.155990,On or near Parking Area,E01031575,Crawley 001C,Drugs,Offender given a caution,
140573618b54eace7ec50ca835fa2f7930e6c1e77c683a29858622b267b274b4,2017-03,Sussex Police,Sussex Police,-0.174241,51.145257,On or near London Road,E01031575,Crawley 001C,Drugs,Offender given a drugs possession warning,
55e0e6549625d1d0122da919708cfb85ad2e41fbfab500f13e23d073cf769848,2017-03,Sussex Police,Sussex Police,-0.188846,51.131545,On or near Hospital,E01031575,Crawley 001C,Drugs,Further investigation is not in the public interest,
5a75b70d2d2242aabc20dd588ae200c2aa5bdd5d1d4a2239c7f0acabbf01ba61,2017-03,Sussex Police,Sussex Police,-0.163049,51.155990,On or near Parking Area,E01031575,Crawley 001C,Drugs,Offender given a caution,
381a11ae72651004521751231d97fe812d382e95f0c215355f3821af2c08712e,2017-03,Sussex Police,Sussex Police,-0.163049,51.155990,On or near Parking Area,E01031575,Crawley 001C,Other theft,Investigation complete; no suspect identified,
46ee3a214f3ce79fe790c1d22e10e2114bb951083aed76d63dccce64d13fce02,2017-03,Sussex Police,Sussex Police,-0.173025,51.162279,On or near Gatwick Airport Longbridge Way,E01031575,Crawley 001C,Other theft,Investigation complete; no suspect identified,
07062d5e563244a4a5bddee5c51117f56933bfc3a7f91d6c43a34e7fc0c0cd81,2017-03,Sussex Police,Sussex Police,-0.177528,51.161630,On or near Longbridge Gate,E01031575,Crawley 001C,Other theft,Offender given conditional discharge,
83e0be1143b54eda2640f193b28a35e9d91b35f2fcf30b6faa599159c583e263,2017-03,Sussex Police,Sussex Police,-0.182604,51.145999,On or near Old Brighton Road South,E01031575,Crawley 001C,Other theft,Investigation complete; no suspect identified,
4eb01bc23d2db9b64a11a15b26ae769f4656cf4c41db92a0b83de818d4f5fe2b,2017-03,Sussex Police,Sussex Police,-0.162188,51.157146,On or near Leigh Jenkins Way,E01031575,Crawley 001C,Other theft,Unable to prosecute suspect,
71edb230939a861513b81f48fbba81b5f88d7ce2a4907fde243bc3db049a8d3f,2017-03,Sussex Police,Sussex Police,-0.163049,51.155990,On or near Parking Area,E01031575,Crawley 001C,Other theft,Investigation complete; no suspect identified,
b657b57637f629836f8aaa95f72bd696ce63f56165665b7366eac317544d30fb,2017-03,Sussex Police,Sussex Police,-0.177591,51.161119,On or near Parking Area,E01031575,Crawley 001C,Other theft,Further investigation is not in the public interest,
ada1806bb3700ec62a1ec6921b94f13a47ea7aa456521855671ec83f2d634728,2017-03,Sussex Police,Sussex Police,-0.176578,51.161049,On or near Coach Road,E01031575,Crawley 001C,Other theft,Investigation complete; no suspect identified,
779bab59f66165b4b0c07d41984453a01a252118099476f0fc1088e08de23660,2017-03,Sussex Police,Sussex Police,-0.163049,51.155990,On or near Parking Area,E01031575,Crawley 001C,Other theft,Investigation complete; no suspect identified,
80aff07cd34f4af11e762fc6e6f80d4023ffd1522802819a47754af4a58048c6,2017-03,Sussex Police,Sussex Police,-0.163049,51.155990,On or near Parking Area,E01031575,Crawley 001C,Other theft,Investigation complete; no suspect identified,
e5aa5fbe5d87fc1a0713d6ff7b498d5a5bb48a75dae31b5ec0854c8e961a5d13,2017-03,Sussex Police,Sussex Police,-0.177591,51.161119,On or near Parking Area,E01031575,Crawley 001C,Other theft,Status update unavailable,
a960502e1730b2f361263829303dbcf3405cf4a19b19f7dce95567240b783621,2017-03,Sussex Police,Sussex Police,-0.173025,51.162279,On or near Gatwick Airport Longbridge Way,E01031575,Crawley 001C,Other theft,Investigation complete; no suspect identified,
d8e79dce7e20c88f0d06d0183f7d43411ca538432d1cd7c6d9a0e03df6f24314,2017-03,Sussex Police,Sussex Police,-0.163049,51.155990,On or near Parking Area,E01031575,Crawley 001C,Other theft,Local resolution,
f11e33c25e3b43a10f91039148b5ebeb420d2d840be49ec4cc522d1b72bd9083,2017-03,Sussex Police,Sussex Police,-0.163049,51.155990,On or near Parking Area,E01031575,Crawley 001C,Other theft,Investigation complete; no suspect identified,
c4c83a2a201a5051e0951df7ad1a2fb59c09c8ddfd520b0ad36f5f38ab88e3d8,2017-03,Sussex Police,Sussex Police,-0.177591,51.161119,On or near Parking Area,E01031575,Crawley 001C,Other theft,Investigation complete; no suspect identified,
bd32333536e85e77edeeb0dafd68188daf0d26c71487f9bf0e5f2797aad8e0b8,2017-03,Sussex Police,Sussex Police,-0.163049,51.155990,On or near Parking Area,E01031575,Crawley 001C,Other theft,Investigation complete; no suspect identified,
cde10675b0d3b2d6c47b81b504cef1ba858f4a8dac55e696d5da2e4b86f9bdec,2017-03,Sussex Police,Sussex Police,-0.173025,51.162279,On or near Gatwick Airport Longbridge Way,E01031575,Crawley 001C,Other theft,Status update unavailable,
d5a59e64a051234e889ec728248f858c84403af5f739b8ebb9b02a481f0236b1,2017-03,Sussex Police,Sussex Police,-0.163049,51.155990,On or near Parking Area,E01031575,Crawley 001C,Other theft,Investigation complete; no suspect identified,
c20a36f592aef5f78adf6cb6f77d73573b8fc12b5755fab721aebe94ed4abc3c,2017-03,Sussex Police,Sussex Police,-0.162188,51.157146,On or near Leigh Jenkins Way,E01031575,Crawley 001C,Other theft,Status update unavailable,
98169352ea24ceb51cb496b1311a8dcfe6bb3437d34650829f1df43bf667edf9,2017-03,Sussex Police,Sussex Police,-0.163049,51.155990,On or near Parking Area,E01031575,Crawley 001C,Other theft,Investigation complete; no suspect identified,
5f9f7fb198c6e7f0398eccf65a43cdef8635e0e44920f14bd3646e7825736d5f,2017-03,Sussex Police,Sussex Police,-0.177591,51.161119,On or near Parking Area,E01031575,Crawley 001C,Other theft,Unable to prosecute suspect,
9ba55e3fc85bc9cd7a5c63b5d54574185b2804f7f2be0ecab60d0b25a7347353,2017-03,Sussex Police,Sussex Police,-0.162188,51.157146,On or near Leigh Jenkins Way,E01031575,Crawley 001C,Other theft,Local resolution,
4287de914fe91d4857fadd61c9820425e1d48117557bb8be2cd802274ba5e6d1,2017-03,Sussex Police,Sussex Police,-0.177591,51.161119,On or near Parking Area,E01031575,Crawley 001C,Other theft,Investigation complete; no suspect identified,
33fb0e1a500e5cfe411cf273de4ab2125b627d20fa50bea9d44c30f971bd42dd,2017-03,Sussex Police,Sussex Police,-0.163049,51.155990,On or near Parking Area,E01031575,Crawley 001C,Other theft,Investigation complete; no suspect identified,
583c585548efa2d920de6fa4f2e093f07cda4b92f0a6decc58db1e8f1452209b,2017-03,Sussex Police,Sussex Police,-0.163049,51.155990,On or near Parking Area,E01031575,Crawley 001C,Other theft,Investigation complete; no suspect identified,
faa9b8bf512ae50119eca0c3becb4ae199411483f10133da6c7a836489d5656d,2017-03,Sussex Police,Sussex Police,-0.173025,51.162279,On or near Gatwick Airport Longbridge Way,E01031575,Crawley 001C,Other theft,Investigation complete; no suspect identified,
8607bd009a72eba56b487cbbe373c51ac8c201fe2c92050036d17650e0e29f22,2017-03,Sussex Police,Sussex Police,-0.163049,51.155990,On or near Parking Area,E01031575,Crawley 001C,Other theft,Investigation complete; no suspect identified,
c303d5c3c72b163d70b516184a639bc2d0620dfb3f36176525b7410500093d2c,2017-03,Sussex Police,Sussex Police,-0.163049,51.155990,On or near Parking Area,E01031575,Crawley 001C,Other theft,Investigation complete; no suspect identified,
033f266ca0d39c96c9be25489dfc6ba31e18a312b59542973910ebc51f2e532b,2017-03,Sussex Police,Sussex Police,-0.177591,51.161119,On or near Parking Area,E01031575,Crawley 001C,Other theft,Investigation complete; no suspect identified,
f88b45b3f25354e8b9c684a26ffbeb27ace33216b7a84d54cac30333c5332edd,2017-03,Sussex Police,Sussex Police,-0.163049,51.155990,On or near Parking Area,E01031575,Crawley 001C,Other theft,Unable to prosecute suspect,
4e1901e7f1aaf4e8362e42b21333baf93b6572a9fd8dd07ede5f8a1739aa55ab,2017-03,Sussex Police,Sussex Police,-0.163049,51.155990,On or near Parking Area,E01031575,Crawley 001C,Other theft,Further investigation is not in the public interest,
49514c942b98e61c75de5f02cec3b8e4f330d0f8de479b9369241ba3a31837cf,2017-03,Sussex Police,Sussex Police,-0.177591,51.161119,On or near Parking Area,E01031575,Crawley 001C,Other theft,Investigation complete; no suspect identified,
a911552376e2028fc8551f9399bcb976b72b929d19690207144b4d6ba9c2e4ae,2017-03,Sussex Police,Sussex Police,-0.177591,51.161119,On or near Parking Area,E01031575,Crawley 001C,Other theft,Investigation complete; no suspect identified,
1c73ea5746ad7627b2c870be814643b161b1aa22c026ccead59141c8590189f6,2017-03,Sussex Police,Sussex Police,-0.173025,51.162279,On or near Gatwick Airport Longbridge Way,E01031575,Crawley 001C,Other theft,Investigation complete; no suspect identified,
7bd67e23ddfb055fc0d33f7bc63a6360c210bb3dff8903ab7ab3f2d6599df7c7,2017-03,Sussex Police,Sussex Police,-0.172590,51.160627,On or near Racecourse Way,E01031575,Crawley 001C,Other theft,Investigation complete; no suspect identified,
58325713e0573fea4c680bbb30cb2d40289a301291f0644a88f78f7554fa603b,2017-03,Sussex Police,Sussex Police,-0.163049,51.155990,On or near Parking Area,E01031575,Crawley 001C,Other theft,Investigation complete; no suspect identified,
512f1f16112a18ef4df74bd11adfebbd4dddece149ce0ae082859baf26a2bd62,2017-03,Sussex Police,Sussex Police,-0.163049,51.155990,On or near Parking Area,E01031575,Crawley 001C,Other theft,Investigation complete; no suspect identified,
01f7476710c0d8594bc032dd6379ac662038f18509832f27adbb5c346002cee0,2017-03,Sussex Police,Sussex Police,-0.164110,51.158444,On or near Queens Gate,E01031575,Crawley 001C,Other theft,Investigation complete; no suspect identified,
acf8ae988c3834f20467200808bc6285457f3fccaf3cfbc0727fa950b4ad8640,2017-03,Sussex Police,Sussex Police,-0.163049,51.155990,On or near Parking Area,E01031575,Crawley 001C,Other theft,Investigation complete; no suspect identified,
a7b6439b3c1724b8002b50a6b95d3a253c51472956a865067def395ae47f77cb,2017-03,Sussex Police,Sussex Police,-0.163049,51.155990,On or near Parking Area,E01031575,Crawley 001C,Other theft,Investigation complete; no suspect identified,
dfe9ce352d00c0d6f7ad44c1771be3270458bf88b998f708c35ce186c037ce82,2017-03,Sussex Police,Sussex Police,-0.163049,51.155990,On or near Parking Area,E01031575,Crawley 001C,Other theft,Investigation complete; no suspect identified,
8239710aae0cd466bb071fbec3a35daaca62739361b7cfd174292f3d27f0855a,2017-03,Sussex Police,Sussex Police,-0.163049,51.155990,On or near Parking Area,E01031575,Crawley 001C,Other theft,Investigation complete; no suspect identified,
ec35aa75939851072e1640336d1b2d15e79dfecc3824e78117db0dd906352ea6,2017-03,Sussex Police,Sussex Police,-0.188602,51.128636,On or near Perth Close,E01031575,Crawley 001C,Possession of weapons,Status update unavailable,
dc6a777a5df37d79f8e5233d7c3cc8a9e23952333560095bed2a6034a16151e1,2017-03,Sussex Police,Sussex Police,-0.177591,51.161119,On or near Parking Area,E01031575,Crawley 001C,Possession of weapons,Investigation complete; no suspect identified,
00561800cfd1d4bb63cbd26dd2fec066028aa34d25209dbae3cb200f94c14476,2017-03,Sussex Police,Sussex Police,-0.162188,51.157146,On or near Leigh Jenkins Way,E01031575,Crawley 001C,Possession of weapons,Further investigation is not in the public interest,
828f061ac25fb62968633d171bc70c61135b175a95febc56963d57fcb271f55a,2017-03,Sussex Police,Sussex Police,-0.163049,51.155990,On or near Parking Area,E01031575,Crawley 001C,Possession of weapons,Formal action is not in the public interest,
7958e73c8f2c02319e0914c8241469a1573ae58488565ca0f4c5054987f25343,2017-03,Sussex Police,Sussex Police,-0.177591,51.161119,On or near Parking Area,E01031575,Crawley 001C,Possession of weapons,Further investigation is not in the public interest,
355dffcc4ac155ded52f3ae0efc06079fbf32e3ce285d295cbcbac0cfa2570e0,2017-03,Sussex Police,Sussex Police,-0.163049,51.155990,On or near Parking Area,E01031575,Crawley 001C,Public order,Further investigation is not in the public interest,
7f5a1e7ea8162b6e4300f99f73a9eca5d3f6b9902c2c1bc59aa69c92c99cb58e,2017-03,Sussex Police,Sussex Police,-0.188549,51.134382,On or near County Oak Way,E01031575,Crawley 001C,Public order,Unable to prosecute suspect,
5d5e635a704bb0b2fc30617cc8abd8ce1b9a24e3efb3a66085a89cc5a5c1fd49,2017-03,Sussex Police,Sussex Police,-0.163049,51.155990,On or near Parking Area,E01031575,Crawley 001C,Public order,Offender fined,
621f1e7a432339bd6d33e783d622c37f127175d0c4ed4a34956c2dde588f7cfd,2017-03,Sussex Police,Sussex Police,-0.162188,51.157146,On or near Leigh Jenkins Way,E01031575,Crawley 001C,Public order,Offender fined,
ff0c5b0f2e422df3367650e7e8589904eabb33f68fdcb43957e386f81af8edfb,2017-03,Sussex Police,Sussex Police,-0.184041,51.154186,On or near Airport/Airfield,E01031575,Crawley 001C,Public order,Further investigation is not in the public interest,
8e011cdf75464b218c47b513043c7e9713dde7d6be6244191b3da7b59a74d751,2017-03,Sussex Police,Sussex Police,-0.188549,51.134382,On or near County Oak Way,E01031575,Crawley 001C,Public order,Investigation complete; no suspect identified,
695eb961a36f51a38c62d014f90cfde5be67e61636b7b7daf316e485ec8a81ef,2017-03,Sussex Police,Sussex Police,-0.163049,51.155990,On or near Parking Area,E01031575,Crawley 001C,Public order,Unable to prosecute suspect,
770d06f6154d9b1f0bda4735497fd0adf95d98533f46396a13596c646c773439,2017-03,Sussex Police,Sussex Police,-0.162188,51.157146,On or near Leigh Jenkins Way,E01031575,Crawley 001C,Public order,Further investigation is not in the public interest,
e978eb20c246a9ee8156280d3bdcb89b17a43290133bbd7426a573420b08167f,2017-03,Sussex Police,Sussex Police,-0.163049,51.155990,On or near Parking Area,E01031575,Crawley 001C,Public order,Status update unavailable,
f19c78e156ae708d3b4fa542db3c1542d0624e4a5ec67e5d24afc82d817e87fd,2017-03,Sussex Police,Sussex Police,-0.177591,51.161119,On or near Parking Area,E01031575,Crawley 001C,Public order,Further investigation is not in the public interest,
b4858b8341d393ab24ac91f21cdadbb4b6f750a3dfc6667b8a95597c629d298f,2017-03,Sussex Police,Sussex Police,-0.162188,51.157146,On or near Leigh Jenkins Way,E01031575,Crawley 001C,Public order,Status update unavailable,
19b8667eed3417f8615dfb98a15fa164bf12397da646013176ca3abc320d5968,2017-03,Sussex Police,Sussex Police,-0.184041,51.154186,On or near Airport/Airfield,E01031575,Crawley 001C,Public order,Offender given a caution,
57e1819bdd216a3d23e671b0cef54cbb60bec5fe5d18563a27313beb29465e65,2017-03,Sussex Police,Sussex Police,-0.182604,51.145999,On or near Old Brighton Road South,E01031575,Crawley 001C,Public order,Status update unavailable,
109bfb3e1466239ddbe677eeb2267b0845bf6a20e087dc8285bb23486dcfeb84,2017-03,Sussex Police,Sussex Police,-0.188846,51.131545,On or near Hospital,E01031575,Crawley 001C,Public order,Investigation complete; no suspect identified,
9cc337f1cf179c8f5fcd9fa4bb7a5ca5e3afc6192fc664fe4461a67af0619f9b,2017-03,Sussex Police,Sussex Police,-0.188846,51.131545,On or near Hospital,E01031575,Crawley 001C,Shoplifting,Court result unavailable,
e4b148f6716ce6dc7569873a6710fea90720b663b3c4613bf91da266894b903a,2017-03,Sussex Police,Sussex Police,-0.177591,51.161119,On or near Parking Area,E01031575,Crawley 001C,Shoplifting,Offender given penalty notice,
03a07e5025fc4b8312c838c3ffcecf256735c88ec1b9293218e963586a0eaf94,2017-03,Sussex Police,Sussex Police,-0.163049,51.155990,On or near Parking Area,E01031575,Crawley 001C,Shoplifting,Unable to prosecute suspect,
b97df9a5ad51b806a3f72510aacf3f81842c0509b44303063e3843330de90530,2017-03,Sussex Police,Sussex Police,-0.188846,51.131545,On or near Hospital,E01031575,Crawley 001C,Shoplifting,Investigation complete; no suspect identified,
00b75dc0d6f0554fbe048f010fedfdd21a36aa8d390a17b2ad676f8506431454,2017-03,Sussex Police,Sussex Police,-0.188846,51.131545,On or near Hospital,E01031575,Crawley 001C,Shoplifting,Unable to prosecute suspect,
cdced921858998c87370c33d23c6a0087ad332b5946190c5ea801206d545900c,2017-03,Sussex Police,Sussex Police,-0.163049,51.155990,On or near Parking Area,E01031575,Crawley 001C,Shoplifting,Court result unavailable,
004fb756ecdf4f49769ca298cf00140db07a881c1944709886f0a744b1d87674,2017-03,Sussex Police,Sussex Police,-0.177591,51.161119,On or near Parking Area,E01031575,Crawley 001C,Shoplifting,Investigation complete; no suspect identified,
235ccb0faca13a6db836241ca7ff93d6b08b5bab8281009bf59197eff3fd54db,2017-03,Sussex Police,Sussex Police,-0.177591,51.161119,On or near Parking Area,E01031575,Crawley 001C,Shoplifting,Investigation complete; no suspect identified,
bc5b5e02bcca1fa55cd3a080085d92d1fc6a7eb07dc8b456ad2464a5a0da1eb0,2017-03,Sussex Police,Sussex Police,-0.163049,51.155990,On or near Parking Area,E01031575,Crawley 001C,Shoplifting,Status update unavailable,
a275973f83b38b9fc75de40a3d9f37f1654b9a22f6a01a252e708914575047e3,2017-03,Sussex Police,Sussex Police,-0.176661,51.160762,On or near Parking Area,E01031575,Crawley 001C,Shoplifting,Unable to prosecute suspect,
3682c25d08cd415ea0980d4b2b53394183f3b1d55481c73ff3abe603e07ecd6d,2017-03,Sussex Police,Sussex Police,-0.163049,51.155990,On or near Parking Area,E01031575,Crawley 001C,Shoplifting,Investigation complete; no suspect identified,
ff3c2f5e3333827424d193c7e203a6a4ce087fc7018213e18ec8109a1dd02bb5,2017-03,Sussex Police,Sussex Police,-0.163049,51.155990,On or near Parking Area,E01031575,Crawley 001C,Shoplifting,Local resolution,
d6ace98981abe6b3733d0c1d0c5fc2302e881eef40af6e6ac32815f07312b440,2017-03,Sussex Police,Sussex Police,-0.175465,51.160609,On or near Parking Area,E01031575,Crawley 001C,Shoplifting,Further investigation is not in the public interest,
b869b8835e816d94baf5a7eb377c360697066191448f0bc39becb7d4e7eeffea,2017-03,Sussex Police,Sussex Police,-0.163049,51.155990,On or near Parking Area,E01031575,Crawley 001C,Shoplifting,Local resolution,
34ea7b96e8c2ac14cfd902d48615c346b6a707dc55a1907446abbb05a4c3a6ec,2017-03,Sussex Police,Sussex Police,-0.177591,51.161119,On or near Parking Area,E01031575,Crawley 001C,Shoplifting,Unable to prosecute suspect,
4610465f1490ce5b86e7217b1ae178f5b835c794c22006a3d83feac10e68d11c,2017-03,Sussex Police,Sussex Police,-0.163049,51.155990,On or near Parking Area,E01031575,Crawley 001C,Theft from the person,Investigation complete; no suspect identified,
12780a5bf28b6a703a3d9b0a6972fca252e5d7ca6f27e2d93bf896b1cf49ba4c,2017-03,Sussex Police,Sussex Police,-0.163049,51.155990,On or near Parking Area,E01031575,Crawley 001C,Theft from the person,Investigation complete; no suspect identified,
ff392e3ee847ae88195d5b8886a2920e12b095b72c487d842aa9487006ed3bc2,2017-03,Sussex Police,Sussex Police,-0.177591,51.161119,On or near Parking Area,E01031575,Crawley 001C,Theft from the person,Investigation complete; no suspect identified,
6a7b11ab1c798934b10177643a78470c9576abcbb399bad25097eb64985928db,2017-03,Sussex Police,Sussex Police,-0.163049,51.155990,On or near Parking Area,E01031575,Crawley 001C,Vehicle crime,Status update unavailable,
cf835253dd410f39044d192b88d87304de94166ea943df0363a67b58c3ba7b7d,2017-03,Sussex Police,Sussex Police,-0.182604,51.145999,On or near Old Brighton Road South,E01031575,Crawley 001C,Vehicle crime,Investigation complete; no suspect identified,
2afdee470da363337925482a80fa114472d5a441eb45e7efdbdd7d27937e2cda,2017-03,Sussex Police,Sussex Police,-0.163049,51.155990,On or near Parking Area,E01031575,Crawley 001C,Vehicle crime,Investigation complete; no suspect identified,
1b7bfdcbdae45bbd77deaab419be561bd29a84d01eebe54186e16e51e3304e4a,2017-03,Sussex Police,Sussex Police,-0.177591,51.161119,On or near Parking Area,E01031575,Crawley 001C,Vehicle crime,Investigation complete; no suspect identified,
38e1446e2971f7d78dc0c008d5b770182712a41c7467edc8a1e231e23324b985,2017-03,Sussex Police,Sussex Police,-0.177591,51.161119,On or near Parking Area,E01031575,Crawley 001C,Violence and sexual offences,Court result unavailable,
7b9de55bee2ecd371e69fb3d64c6003ab91ec5b1e8c165e14b8c8986b9903844,2017-03,Sussex Police,Sussex Police,-0.182604,51.145999,On or near Old Brighton Road South,E01031575,Crawley 001C,Violence and sexual offences,Further investigation is not in the public interest,
1c3d9c04e11d33b77f66bc2899214287dea217e20e8768603543f38a391331d6,2017-03,Sussex Police,Sussex Police,-0.163049,51.155990,On or near Parking Area,E01031575,Crawley 001C,Violence and sexual offences,Status update unavailable,
0072a212ef38e174ef45be4e9b22f79186356f203fc9239d550d73382723e667,2017-03,Sussex Police,Sussex Police,-0.163049,51.155990,On or near Parking Area,E01031575,Crawley 001C,Violence and sexual offences,Unable to prosecute suspect,
b4994c8c60708a9fb9f545acd52808b4c954bd7cbcc8047e72f71854aa4d0623,2017-03,Sussex Police,Sussex Police,-0.177591,51.161119,On or near Parking Area,E01031575,Crawley 001C,Violence and sexual offences,Unable to prosecute suspect,
fb825750611ef732e5af747ac621d512db4c116fd60cf81946e286825560573c,2017-03,Sussex Police,Sussex Police,-0.189789,51.128619,On or near Brisbane Close,E01031575,Crawley 001C,Violence and sexual offences,Unable to prosecute suspect,
e23297cdb9d928e4bd5642d7326e69a336f3fa6c3681cbd22882e8a96011c396,2017-03,Sussex Police,Sussex Police,-0.162188,51.157146,On or near Leigh Jenkins Way,E01031575,Crawley 001C,Violence and sexual offences,Investigation complete; no suspect identified,
75ecb76e80f335def561d910405228c648989502be8cc2ad42c017cc41c089e6,2017-03,Sussex Police,Sussex Police,-0.182604,51.145999,On or near Old Brighton Road South,E01031575,Crawley 001C,Violence and sexual offences,Status update unavailable,
6abbf272af8e10e2ac79fb590bf319a72eee124f84cb1c3de24217627c9e184a,2017-03,Sussex Police,Sussex Police,-0.182604,51.145999,On or near Old Brighton Road South,E01031575,Crawley 001C,Violence and sexual offences,Unable to prosecute suspect,
ad2ccf0239c70555ac462bddd0d2f136e840a91d4f04ebfc10a093523e2a7d3b,2017-03,Sussex Police,Sussex Police,-0.163049,51.155990,On or near Parking Area,E01031575,Crawley 001C,Violence and sexual offences,Further investigation is not in the public interest,
be53cb327c6e334ad3d49051a9f8f8a4d29e503d2c0d5ee4124314dbe95fe196,2017-03,Sussex Police,Sussex Police,-0.188846,51.131545,On or near Hospital,E01031575,Crawley 001C,Violence and sexual offences,Unable to prosecute suspect,
72c470d903954d9232af9925c03814b745c56326200dfb5ab99ef22cba07ccfb,2017-03,Sussex Police,Sussex Police,-0.189789,51.128619,On or near Brisbane Close,E01031575,Crawley 001C,Violence and sexual offences,Unable to prosecute suspect,
91e46c39de8e81e38cc0bc05f677630835a29be9ec871b3817bd5ec00e0f1276,2017-03,Sussex Police,Sussex Police,-0.182604,51.145999,On or near Old Brighton Road South,E01031575,Crawley 001C,Violence and sexual offences,Unable to prosecute suspect,
b52727262a726edd4e70e836f82c2fc23a276281ef48d41e6f718966f8d9a698,2017-03,Sussex Police,Sussex Police,-0.176578,51.161049,On or near Coach Road,E01031575,Crawley 001C,Violence and sexual offences,Status update unavailable,
2195234162aef06dd6b674183e0333206bdc910f646c7962b8b0b231ae9b7a6e,2017-03,Sussex Police,Sussex Police,-0.182604,51.145999,On or near Old Brighton Road South,E01031575,Crawley 001C,Violence and sexual offences,Investigation complete; no suspect identified,
9468a8683ba39967fe0c914d72ab3f3f741ff3a275074293b9f9348227dc531d,2017-03,Sussex Police,Sussex Police,-0.163049,51.155990,On or near Parking Area,E01031575,Crawley 001C,Violence and sexual offences,Unable to prosecute suspect,
98facce963bbb27fd861045b4fd46335c728121075b638f7fe4e105fffba3340,2017-03,Sussex Police,Sussex Police,-0.163049,51.155990,On or near Parking Area,E01031575,Crawley 001C,Violence and sexual offences,Unable to prosecute suspect,
e6e39608d8e589d5dbced72ba21c86b65889379904148fa53b16c5cc19aaa0e2,2017-03,Sussex Police,Sussex Police,-0.182604,51.145999,On or near Old Brighton Road South,E01031575,Crawley 001C,Violence and sexual offences,Unable to prosecute suspect,
cdf12d82736063566dfdec181a5d869df04992d91e3dabe68bcb15261380c43a,2017-03,Sussex Police,Sussex Police,-0.182604,51.145999,On or near Old Brighton Road South,E01031575,Crawley 001C,Violence and sexual offences,Investigation complete; no suspect identified,
ddec22767b70f20e7990413c219fadb4e243e6601df19eb3a4dd25068025285a,2017-03,Sussex Police,Sussex Police,-0.182604,51.145999,On or near Old Brighton Road South,E01031575,Crawley 001C,Violence and sexual offences,Unable to prosecute suspect,
0c917984dc230e8634f4a7bd157b308d4644d989ca1da61d951d4ca9f320b2aa,2017-03,Sussex Police,Sussex Police,-0.182604,51.145999,On or near Old Brighton Road South,E01031575,Crawley 001C,Violence and sexual offences,Unable to prosecute suspect,
95dfbbd0928a4459e14b4dcf661fb62ad864ed8784cf54ead024bb8dfb91ba70,2017-03,Sussex Police,Sussex Police,-0.162188,51.157146,On or near Leigh Jenkins Way,E01031575,Crawley 001C,Violence and sexual offences,Court result unavailable,
e19a547eb5f3935294981319600da4af8db2f3ddd826d0ee9cf6c7bd63019b2d,2017-03,Sussex Police,Sussex Police,-0.196907,51.130806,On or near Sycamore Close,E01031575,Crawley 001C,Violence and sexual offences,Unable to prosecute suspect,
9a3fdf4cbbf7576244f27d975aa066959358e23069facff64f6e9a63ff83612d,2017-03,Sussex Police,Sussex Police,-0.182604,51.145999,On or near Old Brighton Road South,E01031575,Crawley 001C,Violence and sexual offences,Unable to prosecute suspect,
f6c6f804224123759cd7ee2fa535a59d2a0c0305d6d4bcc9596f092813e5cc60,2017-03,Sussex Police,Sussex Police,-0.178973,51.146715,On or near Conference/Exhibition Centre,E01031575,Crawley 001C,Violence and sexual offences,Unable to prosecute suspect,
928233a014423d0675e0b219db4a83b52e0f67f03fb49b6dc30586ea2d4bec68,2017-03,Sussex Police,Sussex Police,-0.182604,51.145999,On or near Old Brighton Road South,E01031575,Crawley 001C,Violence and sexual offences,Action to be taken by another organisation,
47192668cc9f49b30ae8c6130209d5538a27126e0066c5445f44385964e1fbf9,2017-03,Sussex Police,Sussex Police,-0.186831,51.134823,On or near Betts Way,E01031575,Crawley 001C,Other crime,Investigation complete; no suspect identified,
58cb5398a1269f8d4ed1960e3705b68fea0eac5686b9197a43d06af51fd14f92,2017-03,Sussex Police,Sussex Police,-0.182604,51.145999,On or near Old Brighton Road South,E01031575,Crawley 001C,Other crime,Formal action is not in the public interest,
9dca8d05fe9326ba58f90e4f6e2957269ed445e435792b8cfa29fca38c3dc6fc,2017-03,Sussex Police,Sussex Police,-0.178973,51.146715,On or near Conference/Exhibition Centre,E01031575,Crawley 001C,Other crime,Status update unavailable,
b3b701dad0cace2d146b5b832357a35a2b0cbf74918b0f676d75896e8c8b2fd5,2017-03,Sussex Police,Sussex Police,-0.188846,51.131545,On or near Hospital,E01031575,Crawley 001C,Other crime,Investigation complete; no suspect identified,
6e1d5deb24cd426b8bf8b42f811011786ef5ee01e6932f0d087bd6a51302a0c1,2017-03,Sussex Police,Sussex Police,-0.184041,51.154186,On or near Airport/Airfield,E01031575,Crawley 001C,Other crime,Court result unavailable,
7b24c4cf2720f77b60ff83dd6a11731c91607c0e50d73e2d142e4a37dd03ef32,2017-03,Sussex Police,Sussex Police,-0.188846,51.131545,On or near Hospital,E01031575,Crawley 001C,Other crime,Investigation complete; no suspect identified,
8e97fef13db4f887a364882f4f830f79714e73431b424c54d80703e503dc5f8b,2017-03,Sussex Police,Sussex Police,-0.177591,51.161119,On or near Parking Area,E01031575,Crawley 001C,Other crime,Status update unavailable,
,2017-03,Sussex Police,Sussex Police,-0.196098,51.127718,On or near Briar Close,E01031576,Crawley 001D,Anti-social behaviour,,
,2017-03,Sussex Police,Sussex Police,-0.196098,51.127718,On or near Briar Close,E01031576,Crawley 001D,Anti-social behaviour,,
,2017-03,Sussex Police,Sussex Police,-0.197594,51.128218,On or near Supermarket,E01031576,Crawley 001D,Anti-social behaviour,,
,2017-03,Sussex Police,Sussex Police,-0.195011,51.128115,On or near Hawthorn Close,E01031576,Crawley 001D,Anti-social behaviour,,
,2017-03,Sussex Police,Sussex Police,-0.193906,51.127495,On or near Hazel Close,E01031576,Crawley 001D,Anti-social behaviour,,
8a8757bcb03e60c4680682a96afed3718aa3ef8b8ec91a609657cd8f1a863198,2017-03,Sussex Police,Sussex Police,-0.197594,51.128218,On or near Supermarket,E01031576,Crawley 001D,Public order,Status update unavailable,
60e1dee7b4e34e06f96b7532fdfba21ebf323fec95b57ad18e152d73be4f20e7,2017-03,Sussex Police,Sussex Police,-0.197594,51.128218,On or near Supermarket,E01031576,Crawley 001D,Shoplifting,Unable to prosecute suspect,
6fd7e2f64ce86b51b1aa7ee1130484dd18162e79bb188e8bdba5e728a8cbf6c0,2017-03,Sussex Police,Sussex Police,-0.197594,51.128218,On or near Supermarket,E01031576,Crawley 001D,Shoplifting,Investigation complete; no suspect identified,
444c450d17f6d14e1217dfd32c2f19d6c2a61a272e04ac8e20ea43a6e922e218,2017-03,Sussex Police,Sussex Police,-0.195147,51.129034,On or near Medlar Close,E01031576,Crawley 001D,Violence and sexual offences,Unable to prosecute suspect,
,2017-03,Sussex Police,Sussex Police,-0.190881,51.125920,On or near Falcon Close,E01031577,Crawley 001E,Anti-social behaviour,,
,2017-03,Sussex Police,Sussex Police,-0.190877,51.128204,On or near Friends Close,E01031577,Crawley 001E,Anti-social behaviour,,
ea879b14df1d81f72e451e0e240e5f42fff4949ba680e5be621a130dd4d2c79c,2017-03,Sussex Police,Sussex Police,-0.190881,51.125920,On or near Falcon Close,E01031577,Crawley 001E,Bicycle theft,Investigation complete; no suspect identified,
7fa7bbaed24a5ad336aa885ef93c1072903f68e97440f2807933feff90bb009c,2017-03,Sussex Police,Sussex Police,-0.192952,51.126680,On or near Langley Drive,E01031577,Crawley 001E,Public order,Unable to prosecute suspect,
411c83947bd3bc07d7aae41a26844cb8aeb03dc9b92ec6bb0e44419df2634ccb,2017-03,Sussex Police,Sussex Police,-0.191541,51.129869,On or near Beckett Lane,E01031577,Crawley 001E,Violence and sexual offences,Unable to prosecute suspect,
e3f2f78a33ecf80633fd414e3c4f3297c9bc8d1ebc993f1096eb649e48d2625a,2017-03,Sussex Police,Sussex Police,-0.188050,51.126307,On or near Turnpike Place,E01031577,Crawley 001E,Other crime,Investigation complete; no suspect identified,
,2017-03,Sussex Police,Sussex Police,-0.143170,51.129318,On or near Halifax Close,E01031586,Crawley 002A,Anti-social behaviour,,
44e96fe627916a6e35eeed63fe357c5c7c43654153a5a5e755c814da2194bf7e,2017-03,Sussex Police,Sussex Police,-0.144340,51.131494,On or near Horndean Close,E01031586,Crawley 002A,Criminal damage and arson,Investigation complete; no suspect identified,
5785251c8ac7ebf764117d6bc2df7798a74e914e40430777a9f55c7abce73dab,2017-03,Sussex Police,Sussex Police,-0.143309,51.127278,On or near Binney Court,E01031586,Crawley 002A,Vehicle crime,Investigation complete; no suspect identified,
a82d70cf305b774d1ca4dd1be3bff8e6097ffe7373d1a9ffc5513e51397c3236,2017-03,Sussex Police,Sussex Police,-0.146892,51.128100,On or near Mannings Close,E01031586,Crawley 002A,Vehicle crime,Investigation complete; no suspect identified,
83e9eb8279d79c664cef01b251cc5faaa1d7435051f09847660c79f64c80d3ed,2017-03,Sussex Police,Sussex Police,-0.143309,51.127278,On or near Binney Court,E01031586,Crawley 002A,Other crime,Investigation complete; no suspect identified,
,2017-03,Sussex Police,Sussex Police,-0.159760,51.156721,On or near Upper Forecourt,E01031587,Crawley 002B,Anti-social behaviour,,
,2017-03,Sussex Police,Sussex Police,-0.151148,51.140317,On or near Steers Lane,E01031587,Crawley 002B,Anti-social behaviour,,
,2017-03,Sussex Police,Sussex Police,-0.159265,51.156578,On or near Coach Road,E01031587,Crawley 002B,Anti-social behaviour,,
,2017-03,Sussex Police,Sussex Police,-0.148886,51.138635,On or near Forge Wood,E01031587,Crawley 002B,Anti-social behaviour,,
,2017-03,Sussex Police,Sussex Police,-0.147756,51.141495,On or near Balcombe Road,E01031587,Crawley 002B,Anti-social behaviour,,
,2017-03,Sussex Police,Sussex Police,-0.159760,51.156721,On or near Upper Forecourt,E01031587,Crawley 002B,Anti-social behaviour,,
,2017-03,Sussex Police,Sussex Police,-0.159760,51.156721,On or near Upper Forecourt,E01031587,Crawley 002B,Anti-social behaviour,,
,2017-03,Sussex Police,Sussex Police,-0.159760,51.156721,On or near Upper Forecourt,E01031587,Crawley 002B,Anti-social behaviour,,
ca5b076f05e3dbc575af0e1b0d4dfe081d45430ccd4cc7a0a16383d4b9b0d7b1,2017-03,Sussex Police,Sussex Police,-0.151148,51.140317,On or near Steers Lane,E01031587,Crawley 002B,Criminal damage and arson,Status update unavailable,
5f72bc375ab8931d40453ce43230e5e157ba223f4b87a404fd7a25c15559f19d,2017-03,Sussex Police,Sussex Police,-0.138713,51.154490,On or near Peeks Brook Lane,E01031587,Crawley 002B,Criminal damage and arson,Further investigation is not in the public interest,
dde2d1b799173090489946eb2cafde8ad02fc4cfd947b542ad8b35e5ba299fe6,2017-03,Sussex Police,Sussex Police,-0.151148,51.140317,On or near Steers Lane,E01031587,Crawley 002B,Criminal damage and arson,Investigation complete; no suspect identified,
61fd75b16fb01b20e50ada1b15ab66bba7ca581de9676c9b94a9d67424b005bf,2017-03,Sussex Police,Sussex Police,-0.152210,51.158130,On or near Buckingham Gate,E01031587,Crawley 002B,Other theft,Unable to prosecute suspect,
8765c413425386b3a939c7467bbe348a3adcb06ad2ab45d4c3e864ae6962587d,2017-03,Sussex Police,Sussex Police,-0.155567,51.158579,On or near Petrol Station,E01031587,Crawley 002B,Other theft,Investigation complete; no suspect identified,
38dce45aac32cddd96486a9de97e892d659c656d13bab7fcb2fc5631c5ecfd11,2017-03,Sussex Police,Sussex Police,-0.155567,51.158579,On or near Petrol Station,E01031587,Crawley 002B,Other theft,Unable to prosecute suspect,
f897ce531a79047f6f85f0b9bb1936a64d81b60e19dfd3d47f1a67a3cf22d14d,2017-03,Sussex Police,Sussex Police,-0.155567,51.158579,On or near Petrol Station,E01031587,Crawley 002B,Other theft,Status update unavailable,
84dfba21f0f120b660b942b8b46b157691ee7ab237c47c0824b7ca8d41444331,2017-03,Sussex Police,Sussex Police,-0.159265,51.156578,On or near Coach Road,E01031587,Crawley 002B,Other theft,Investigation complete; no suspect identified,
e35485610641b19b419fa5dd1db282c5283623626ebe5519c9caf905c26b1fdd,2017-03,Sussex Police,Sussex Police,-0.155567,51.158579,On or near Petrol Station,E01031587,Crawley 002B,Other theft,Unable to prosecute suspect,
466dbdee56cddf54e36ef0e3bf4e4fcb9b20949c56733045ead1e4c94b1c43b1,2017-03,Sussex Police,Sussex Police,-0.138713,51.154490,On or near Peeks Brook Lane,E01031587,Crawley 002B,Public order,Investigation complete; no suspect identified,
c01be75449e4ba5c8525044be91a35c92ec3963f693a9107e35f0e34728846ac,2017-03,Sussex Police,Sussex Police,-0.159760,51.156721,On or near Upper Forecourt,E01031587,Crawley 002B,Shoplifting,Status update unavailable,
2544708529bb576f8170507b844da34c5b403cd28f50cb01acc5f0f0552cd7e0,2017-03,Sussex Police,Sussex Police,-0.159760,51.156721,On or near Upper Forecourt,E01031587,Crawley 002B,Shoplifting,Further investigation is not in the public interest,
23f55acca33d1ba28e3b1c4a69788760a549e3c6b277ec0108a5a989e3f6b09f,2017-03,Sussex Police,Sussex Police,-0.159265,51.156578,On or near Coach Road,E01031587,Crawley 002B,Vehicle crime,Unable to prosecute suspect,
bd92f26d042632c838577c6177fe997cfbfcb9e235e3af218fb5c65beee6553d,2017-03,Sussex Police,Sussex Police,-0.159265,51.156578,On or near Coach Road,E01031587,Crawley 002B,Vehicle crime,Unable to prosecute suspect,
e1adb0e5c3cb2d0e48bd0d190752ea98442db3d803870e2b43b4496b751be17f,2017-03,Sussex Police,Sussex Police,-0.152210,51.158130,On or near Buckingham Gate,E01031587,Crawley 002B,Vehicle crime,Unable to prosecute suspect,
7eaf1c6e7886fae4268dc3e193dfeff11dc04ee37f4f697cdcc4c0a1224607ff,2017-03,Sussex Police,Sussex Police,-0.159265,51.156578,On or near Coach Road,E01031587,Crawley 002B,Vehicle crime,Further investigation is not in the public interest,
76655c7a459a798c27626a04788c41b4141cc0ecb05e1ddcc2d974e4f9e8bd30,2017-03,Sussex Police,Sussex Police,-0.138713,51.154490,On or near Peeks Brook Lane,E01031587,Crawley 002B,Violence and sexual offences,Further investigation is not in the public interest,
7e903c2a574e155e7b64cc8022c581e079d14dc3e7f0f28e46d41cc664e88764,2017-03,Sussex Police,Sussex Police,-0.159265,51.156578,On or near Coach Road,E01031587,Crawley 002B,Violence and sexual offences,Further investigation is not in the public interest,
d56a4ac1d769f137c3c46809d6b750b258bc3e0db692dee68a8e065367e29d15,2017-03,Sussex Police,Sussex Police,-0.144070,51.156050,On or near Donkey Lane,E01031587,Crawley 002B,Violence and sexual offences,Unable to prosecute suspect,
8ebd15e388915412a70cda3bca6d2a9b884e1cc633c0be683d780db2803f5f89,2017-03,Sussex Police,Sussex Police,-0.153394,51.128472,On or near Selwyn Close,E01031587,Crawley 002B,Violence and sexual offences,Further investigation is not in the public interest,
e3a62c119d1e84f00426808e899a0393aa63f627ac753744ae9b76b5a898f02d,2017-03,Sussex Police,Sussex Police,-0.150019,51.132807,On or near Crawley Avenue,E01031587,Crawley 002B,Violence and sexual offences,Unable to prosecute suspect,
5b73326c7bc0b82ee717fd8959de62b36bd26c6f17b678d79de15754de8555af,2017-03,Sussex Police,Sussex Police,-0.156476,51.128962,On or near Sports/Recreation Area,E01031587,Crawley 002B,Violence and sexual offences,Status update unavailable,
,2017-03,Sussex Police,Sussex Police,-0.144834,51.125936,On or near Payne Close,E01031588,Crawley 002C,Anti-social behaviour,,
,2017-03,Sussex Police,Sussex Police,-0.145766,51.124808,On or near Walton Heath,E01031588,Crawley 002C,Anti-social behaviour,,
e68f5487f53e86acf6e454a30b8b96a9547b6f057e68c0aa93f4451329f663d7,2017-03,Sussex Police,Sussex Police,-0.151915,51.126839,On or near Trinity Close,E01031588,Crawley 002C,Burglary,Investigation complete; no suspect identified,
9c7c74aab5dcfddea4c4d57cceaf43daa2394773982a645f325f76a5655f0b2d,2017-03,Sussex Police,Sussex Police,-0.147051,51.126978,On or near Blindley Road,E01031588,Crawley 002C,Burglary,Investigation complete; no suspect identified,
02b4c7fd04645303957b25b5cd6af3526f408a5538ff99e730ae80d51f7bef25,2017-03,Sussex Police,Sussex Police,-0.150021,51.124903,On or near Milton Mount Avenue,E01031588,Crawley 002C,Drugs,Offender given a drugs possession warning,
e00cf7e6880dc4d673f6d02e2a0e6e8b601af7ff77e30abc211d5e957a4a65db,2017-03,Sussex Police,Sussex Police,-0.146833,51.124573,On or near Blackheath,E01031588,Crawley 002C,Other theft,Investigation complete; no suspect identified,
5e3b399b0b62d6c0cf8adf2ea22f7ed2e4ba52f2ca91bd1df90138bb157c89b7,2017-03,Sussex Police,Sussex Police,-0.147051,51.126978,On or near Blindley Road,E01031588,Crawley 002C,Violence and sexual offences,Offender given community sentence,
f03e280354772c17a9a1cf32b3335b7e0b48abdf260e53f4964bc8be1477038d,2017-03,Sussex Police,Sussex Police,-0.147051,51.126978,On or near Blindley Road,E01031588,Crawley 002C,Violence and sexual offences,Offender given a caution,
6003d662cbb361f13fd9c0535aae1bf357de553635eba8902a032f6eeec9c948,2017-03,Sussex Police,Sussex Police,-0.145763,51.122029,On or near The Cackstones,E01031590,Crawley 002D,Criminal damage and arson,Investigation complete; no suspect identified,
ea435406aa0a55c667707976d0cdc8b30ae226133ba86315f30ae9c128be97fd,2017-03,Sussex Police,Sussex Police,-0.153544,51.120390,On or near Barnwood,E01031590,Crawley 002D,Criminal damage and arson,Unable to prosecute suspect,
809476e0df8af69cdd7edcc4dd101ebff0ae8a621575c2505c6fd2f00a70e9e5,2017-03,Sussex Police,Sussex Police,-0.144201,51.122139,On or near The Grooms,E01031590,Crawley 002D,Public order,Offender fined,
e6849c961b618b5c5e9a98c884e126f2a17072aae9c0d17600773e50f0e95390,2017-03,Sussex Police,Sussex Police,-0.144201,51.122139,On or near The Grooms,E01031590,Crawley 002D,Public order,Formal action is not in the public interest,
495e48380ab85c11200b942bd6246a362557ee94255ab1c59650001a08ae7105,2017-03,Sussex Police,Sussex Police,-0.152979,51.118816,On or near Moat Walk,E01031590,Crawley 002D,Robbery,Investigation complete; no suspect identified,
c840982a3799e3cd2b4ecc228ba72eef6f739471039a74ecfc1d46dba0e53872,2017-03,Sussex Police,Sussex Police,-0.145776,51.123828,On or near Copthorne Road,E01031590,Crawley 002D,Violence and sexual offences,Investigation complete; no suspect identified,
,2017-03,Sussex Police,Sussex Police,-0.148101,51.118217,On or near Balcombe Road,E01031593,Crawley 002E,Anti-social behaviour,,
2ae9a767b3b7425f3255247c0c51aad8c777bbc523d24ea940c20da4d9f33d5f,2017-03,Sussex Police,Sussex Police,-0.147258,51.118932,On or near Owletts,E01031593,Crawley 002E,Other theft,Investigation complete; no suspect identified,
d9567b32715141793a72becd10d25c031884ec9b813ec6d8c36cdb8c4cc8d0ea,2017-03,Sussex Police,Sussex Police,-0.213370,51.127156,On or near Ifield Green,E01031570,Crawley 003A,Public order,Unable to prosecute suspect,
c0104590804ee16e8960794b124076d13a9a6bc3252a775c9f22632dac12f0a2,2017-03,Sussex Police,Sussex Police,-0.204301,51.124796,On or near Climping Road,E01031570,Crawley 003A,Violence and sexual offences,Status update unavailable,
4f8e35a11e9c6ea77ce64ab73bbbbf75c09fe67eaf210fbe7b66786641401bfa,2017-03,Sussex Police,Sussex Police,-0.212823,51.129477,On or near River Mead,E01031570,Crawley 003A,Violence and sexual offences,Unable to prosecute suspect,
,2017-03,Sussex Police,Sussex Police,-0.215168,51.123523,On or near Loxwood Walk,E01031571,Crawley 003B,Anti-social behaviour,,
,2017-03,Sussex Police,Sussex Police,-0.215168,51.123523,On or near Loxwood Walk,E01031571,Crawley 003B,Anti-social behaviour,,
,2017-03,Sussex Police,Sussex Police,-0.215168,51.123523,On or near Loxwood Walk,E01031571,Crawley 003B,Anti-social behaviour,,
,2017-03,Sussex Police,Sussex Police,-0.214944,51.123016,On or near Lavington Close,E01031571,Crawley 003B,Anti-social behaviour,,
,2017-03,Sussex Police,Sussex Police,-0.214944,51.123016,On or near Lavington Close,E01031571,Crawley 003B,Anti-social behaviour,,
d15395093d2526071ca45962e0d8745b353271dda57d8ea81d2361a555c3a2a3,2017-03,Sussex Police,Sussex Police,-0.215256,51.124568,On or near Sports/Recreation Area,E01031571,Crawley 003B,Burglary,Investigation complete; no suspect identified,
230aa5556c0909d6c8b90830308384dcaa16b1731bb2d624155a790137d34e55,2017-03,Sussex Police,Sussex Police,-0.213814,51.122324,On or near Linchmere Place,E01031571,Crawley 003B,Burglary,Investigation complete; no suspect identified,
d57af83ead807c361df614332a0290866aa9714f73846ec4229d87475f2c7486,2017-03,Sussex Police,Sussex Police,-0.213814,51.122324,On or near Linchmere Place,E01031571,Crawley 003B,Drugs,Offender given a drugs possession warning,
d0e477f610eeb5be16ae9dc696ed5b713c753ba77615db1bf147af5b3c0fa957,2017-03,Sussex Police,Sussex Police,-0.213814,51.122324,On or near Linchmere Place,E01031571,Crawley 003B,Drugs,Offender fined,
cb9892e0488163718328c7b146735d7ae28ea3b7c17fa8dfe096023ec7c7bc44,2017-03,Sussex Police,Sussex Police,-0.215783,51.122381,On or near Parham Road,E01031571,Crawley 003B,Public order,Unable to prosecute suspect,
1556e8ffa0ff28a71c6e8a91def0f26f81efe88a0c899512c5722339ef9728cc,2017-03,Sussex Police,Sussex Police,-0.215168,51.123523,On or near Loxwood Walk,E01031571,Crawley 003B,Public order,Further investigation is not in the public interest,
689f162d5c2a3b8fe1aab40e280fccb949c02437f2e1629140954c136c8ac03a,2017-03,Sussex Police,Sussex Police,-0.215648,51.121804,On or near Patching Close,E01031571,Crawley 003B,Public order,Unable to prosecute suspect,
94903d322b3cf462ccac43d7d762291f46b8481711e66736c856818ecfe23378,2017-03,Sussex Police,Sussex Police,-0.212828,51.122318,On or near Supermarket,E01031571,Crawley 003B,Violence and sexual offences,Unable to prosecute suspect,
42ee629867baecb88c7f820d05cb78aa3f2bdc732b4e25119bec8be02815ded1,2017-03,Sussex Police,Sussex Police,-0.214944,51.123016,On or near Lavington Close,E01031571,Crawley 003B,Violence and sexual offences,Unable to prosecute suspect,
811d1cb8553f2a5a3391d5d63f5c6167cc0f5af9d2cd385553b0f61f8589222a,2017-03,Sussex Police,Sussex Police,-0.215783,51.122381,On or near Parham Road,E01031571,Crawley 003B,Violence and sexual offences,Unable to prosecute suspect,
0310fbb1621f69a032968d37774c3e9a9a6be1c4de725d982fc8a41a6c86de9d,2017-03,Sussex Police,Sussex Police,-0.213814,51.122324,On or near Linchmere Place,E01031571,Crawley 003B,Violence and sexual offences,Unable to prosecute suspect,
ad143aea6c2e2893d6fe4e15a7fc13a150fa6b2d9aa1eb5c16eefbdc49f3fe80,2017-03,Sussex Police,Sussex Police,-0.215168,51.123523,On or near Loxwood Walk,E01031571,Crawley 003B,Violence and sexual offences,Unable to prosecute suspect,
,2017-03,Sussex Police,Sussex Police,-0.208269,51.124182,On or near Framfield Close,E01031572,Crawley 003C,Anti-social behaviour,,
,2017-03,Sussex Police,Sussex Police,-0.212712,51.121255,On or near Lady Margaret Road,E01031572,Crawley 003C,Anti-social behaviour,,
,2017-03,Sussex Police,Sussex Police,-0.209880,51.119836,On or near Sports/Recreation Area,E01031572,Crawley 003C,Anti-social behaviour,,
,2017-03,Sussex Police,Sussex Police,-0.209338,51.124621,On or near Warren Drive,E01031572,Crawley 003C,Anti-social behaviour,,
,2017-03,Sussex Police,Sussex Police,-0.208314,51.121539,On or near Midhurst Close,E01031572,Crawley 003C,Anti-social behaviour,,
,2017-03,Sussex Police,Sussex Police,-0.212712,51.121255,On or near Lady Margaret Road,E01031572,Crawley 003C,Anti-social behaviour,,
,2017-03,Sussex Police,Sussex Police,-0.209668,51.121254,On or near Nuthurst Close,E01031572,Crawley 003C,Anti-social behaviour,,
0f97b0563347e41bbbf7e1e821e6690f91cf3741853e7494de1f05aa96b31ce8,2017-03,Sussex Police,Sussex Police,-0.209338,51.124621,On or near Warren Drive,E01031572,Crawley 003C,Criminal damage and arson,Investigation complete; no suspect identified,
8ea721c332da1274124314896505e05db58de079ab9e8c758b7423ce4fdc78e2,2017-03,Sussex Police,Sussex Police,-0.206598,51.123041,On or near Ferring Close,E01031572,Crawley 003C,Criminal damage and arson,Investigation complete; no suspect identified,
ade086e5685ac6972239c8a59e75883ca8cf5ae831f07f02a15024bf025c948f,2017-03,Sussex Police,Sussex Police,-0.207042,51.125233,On or near Duncton Close,E01031572,Crawley 003C,Other theft,Investigation complete; no suspect identified,
a566ca56c6adf6586896ce2c1df565cbac4647220a9b63e3bbde3d8425ce5be0,2017-03,Sussex Police,Sussex Police,-0.206598,51.123041,On or near Ferring Close,E01031572,Crawley 003C,Public order,Status update unavailable,
374bd50a5759e2db856aa0df2d31d945c9ad60ff89cbcc12702ff078855e3fae,2017-03,Sussex Police,Sussex Police,-0.208314,51.121539,On or near Midhurst Close,E01031572,Crawley 003C,Public order,Status update unavailable,
b8dc90c50df7663fa206a9c4153ce393e21696ed2266adc09e04b449789d1adf,2017-03,Sussex Police,Sussex Police,-0.201723,51.123452,On or near Ardingly Close,E01031572,Crawley 003C,Violence and sexual offences,Status update unavailable,
eaea2385221392e2bd38ba3582cde1faaae18d8670787d674c1b22a3f66cd76f,2017-03,Sussex Police,Sussex Police,-0.208269,51.124182,On or near Framfield Close,E01031572,Crawley 003C,Violence and sexual offences,Unable to prosecute suspect,
,2017-03,Sussex Police,Sussex Police,-0.199321,51.114314,On or near Albany Road,E01031609,Crawley 003D,Anti-social behaviour,,
,2017-03,Sussex Police,Sussex Police,-0.199395,51.114981,On or near Leopold Road,E01031609,Crawley 003D,Anti-social behaviour,,
,2017-03,Sussex Police,Sussex Police,-0.203691,51.119148,On or near Moorcroft Close,E01031609,Crawley 003D,Anti-social behaviour,,
,2017-03,Sussex Police,Sussex Police,-0.207584,51.117867,On or near Pennine Close,E01031609,Crawley 003D,Anti-social behaviour,,
bd87e2378da66b2a460d4bdb096c86d0f2e32e524e7c207fb835af8f0e9fc12b,2017-03,Sussex Police,Sussex Police,-0.199395,51.114981,On or near Leopold Road,E01031609,Crawley 003D,Criminal damage and arson,Investigation complete; no suspect identified,
d1ff95b1ab6c690eb08abb659a9a5f7b81a92ae51edd2bd4124e7e0efaea6ab2,2017-03,Sussex Police,Sussex Police,-0.199395,51.114981,On or near Leopold Road,E01031609,Crawley 003D,Criminal damage and arson,Investigation complete; no suspect identified,
9acf06e74d6eb0571c3c18d5e0fd3758ea1f4cc1c7c9ebfe525d57dca6c2d404,2017-03,Sussex Police,Sussex Police,-0.205305,51.119541,On or near Dingle Close,E01031609,Crawley 003D,Criminal damage and arson,Investigation complete; no suspect identified,
f3cb0216e41c61e899b13eb33143fa6a5da565efa117b188f1c535f2960c4369,2017-03,Sussex Police,Sussex Police,-0.204450,51.116884,On or near Snell Hatch,E01031609,Crawley 003D,Other theft,Investigation complete; no suspect identified,
51ce7ae362bec0c9b4b79e64439e0a4bf80d64fa8b9b4916c818fadd949d6d4d,2017-03,Sussex Police,Sussex Police,-0.204450,51.116884,On or near Snell Hatch,E01031609,Crawley 003D,Other theft,Unable to prosecute suspect,
bfb273bc19abb6b423d88162d334fc06a23349154ebb1d232b84c18fb38295d2,2017-03,Sussex Police,Sussex Police,-0.199395,51.114981,On or near Leopold Road,E01031609,Crawley 003D,Public order,Unable to prosecute suspect,
a3699e7adc40d657ba88172627100283bd0e3ed760ef8737016375f69453d71d,2017-03,Sussex Police,Sussex Police,-0.200357,51.117792,On or near Ewhurst Close,E01031609,Crawley 003D,Vehicle crime,Unable to prosecute suspect,
53bedb4b86b7e68fe070e65a101fe207440a8149a1f738bb374aa07002297fc4,2017-03,Sussex Police,Sussex Police,-0.199321,51.114314,On or near Albany Road,E01031609,Crawley 003D,Violence and sexual offences,Investigation complete; no suspect identified,
12fa5d6be11e7331144bca5e799c0ca5244969adbecb19df447a072e4416ed85,2017-03,Sussex Police,Sussex Police,-0.199321,51.114314,On or near Albany Road,E01031609,Crawley 003D,Violence and sexual offences,Investigation complete; no suspect identified,
34328ce2e8f745b0d9fce11ae8c4e9b1411cc37a4f3d116fd3fb3f093a768eec,2017-03,Sussex Police,Sussex Police,-0.201463,51.117279,On or near Ginhams Road,E01031609,Crawley 003D,Violence and sexual offences,Unable to prosecute suspect,
8d76fc86b1a1588df51d8c72c6b121fc0276b736d20e9a75c896682c2c33b9be,2017-03,Sussex Police,Sussex Police,-0.199395,51.114981,On or near Leopold Road,E01031609,Crawley 003D,Violence and sexual offences,Court result unavailable,
,2017-03,Sussex Police,Sussex Police,-0.188373,51.120260,On or near London Road,E01031610,Crawley 003E,Anti-social behaviour,,
,2017-03,Sussex Police,Sussex Police,-0.188373,51.120260,On or near London Road,E01031610,Crawley 003E,Anti-social behaviour,,
,2017-03,Sussex Police,Sussex Police,-0.192111,51.117117,On or near Sunnymead,E01031610,Crawley 003E,Anti-social behaviour,,
,2017-03,Sussex Police,Sussex Police,-0.202084,51.118583,On or near Butts Close,E01031610,Crawley 003E,Anti-social behaviour,,
,2017-03,Sussex Police,Sussex Police,-0.191688,51.119151,On or near Town Mead,E01031610,Crawley 003E,Anti-social behaviour,,
,2017-03,Sussex Police,Sussex Police,-0.191688,51.119151,On or near Town Mead,E01031610,Crawley 003E,Anti-social behaviour,,
,2017-03,Sussex Police,Sussex Police,-0.192111,51.117117,On or near Sunnymead,E01031610,Crawley 003E,Anti-social behaviour,,
b42d2a0b20fb7397e0686711bb802229627ec9de9362305b8aef8959d7d2d425,2017-03,Sussex Police,Sussex Police,-0.189277,51.123089,On or near St Georges Court,E01031610,Crawley 003E,Burglary,Investigation complete; no suspect identified,
b1765dd659557dc9193a6d49c3eb11c71b875016b1b443efb0f75bb14d801b44,2017-03,Sussex Police,Sussex Police,-0.194207,51.120521,On or near Little Crabtree,E01031610,Crawley 003E,Criminal damage and arson,Unable to prosecute suspect,
bf19892f359921627b4dbfa4586033845118f7989c113a2421e035234b952b67,2017-03,Sussex Police,Sussex Police,-0.188373,51.120260,On or near London Road,E01031610,Crawley 003E,Criminal damage and arson,Investigation complete; no suspect identified,
b08b228d11843b6e1c1bb50d74d6fff26158c0239958e49096c33af046f3b704,2017-03,Sussex Police,Sussex Police,-0.194207,51.120521,On or near Little Crabtree,E01031610,Crawley 003E,Drugs,Offender given a caution,
43cd1b4efd857e7302d2aa70e17f7bcaf3be13c923be39a89f4843360d07d59d,2017-03,Sussex Police,Sussex Police,-0.191688,51.119151,On or near Town Mead,E01031610,Crawley 003E,Drugs,Offender given penalty notice,
9bcddf70696666c6b1a81df7d2c4fb3eb2dd42cd72dd4fb184f8b7930f8ed9cf,2017-03,Sussex Police,Sussex Police,-0.194428,51.118879,On or near Town Barn Road,E01031610,Crawley 003E,Drugs,Offender given a drugs possession warning,
3321df71639ba7815c7015abf9e409d10c176a50b220b24c683f83c79d166c00,2017-03,Sussex Police,Sussex Police,-0.195908,51.119765,On or near Crabtree Road,E01031610,Crawley 003E,Other theft,Status update unavailable,
8fe674c6295f86536d18616963129c550927f0a1f22f2393cf9441db66698848,2017-03,Sussex Police,Sussex Police,-0.191688,51.119151,On or near Town Mead,E01031610,Crawley 003E,Vehicle crime,Investigation complete; no suspect identified,
5d1e8f5c70e3b42c6e4f451d815723d36587e134aac89d9712bec8bcca2cf72c,2017-03,Sussex Police,Sussex Police,-0.192111,51.117117,On or near Sunnymead,E01031610,Crawley 003E,Violence and sexual offences,Status update unavailable,
d471fa82562a5f07ecbe07d7fb08c6275b246239c79c5a8d2f922a6012e9b297,2017-03,Sussex Police,Sussex Police,-0.192111,51.117117,On or near Sunnymead,E01031610,Crawley 003E,Violence and sexual offences,Unable to prosecute suspect,
c5b4d86cdf6f8545225c1c2c4210b0fc2e927f8e8097f0a50429651911800805,2017-03,Sussex Police,Sussex Police,-0.194207,51.120521,On or near Little Crabtree,E01031610,Crawley 003E,Violence and sexual offences,Unable to prosecute suspect,
7a5c7f7ab47062d1f77a57bbfdf615727b8f1d8425ea779e9ab0eda4f5f3f1b1,2017-03,Sussex Police,Sussex Police,-0.202084,51.118583,On or near Butts Close,E01031610,Crawley 003E,Violence and sexual offences,Further investigation is not in the public interest,
a78ab3abd3a5b28b9eb5fb5333909c7f7077450a8d42c739b07944137c33995b,2017-03,Sussex Police,Sussex Police,-0.194207,51.120521,On or near Little Crabtree,E01031610,Crawley 003E,Violence and sexual offences,Defendant found not guilty,
46ce4efb3a79c46f8b5fb1f3a9e813123f65561d04c5a779df3cdf9c58a41d1c,2017-03,Sussex Police,Sussex Police,-0.195908,51.119765,On or near Crabtree Road,E01031610,Crawley 003E,Violence and sexual offences,Unable to prosecute suspect,
b691f48de5a1038beb8268480f910760113604b319becd8deb53945314d756c5,2017-03,Sussex Police,Sussex Police,-0.188373,51.120260,On or near London Road,E01031610,Crawley 003E,Violence and sexual offences,Unable to prosecute suspect,
9abcbaf7c6cc84deda8a11ec4bd960dd8a2de8bccf5b546703318be54db3d5fd,2017-03,Sussex Police,Sussex Police,-0.201572,51.120356,On or near Furzefield,E01031610,Crawley 003E,Violence and sexual offences,Unable to prosecute suspect,
2d27b9e2939c0416c67655380ca8e1b84a407edf8171646c4e79a6b56a5e6f4e,2017-03,Sussex Police,Sussex Police,-0.195908,51.119765,On or near Crabtree Road,E01031610,Crawley 003E,Violence and sexual offences,Unable to prosecute suspect,
,2017-03,Sussex Police,Sussex Police,-0.172504,51.128781,On or near Link 10,E01031583,Crawley 004A,Anti-social behaviour,,
,2017-03,Sussex Police,Sussex Police,-0.181216,51.125653,On or near North Mead,E01031583,Crawley 004A,Anti-social behaviour,,
,2017-03,Sussex Police,Sussex Police,-0.168245,51.136728,On or near Priestley Way,E01031583,Crawley 004A,Anti-social behaviour,,
,2017-03,Sussex Police,Sussex Police,-0.187476,51.126002,On or near London Road,E01031583,Crawley 004A,Anti-social behaviour,,
c0554354defc1d1f41db4ed18f0f0048a20e0d7f5d6c3de1acd9833a9a5129e3,2017-03,Sussex Police,Sussex Police,-0.166232,51.140635,On or near Whittle Way,E01031583,Crawley 004A,Burglary,Investigation complete; no suspect identified,
b3dad8d0ef1413d9a97ebd4181132ada2ce49f9c7daaa6b9622c97e36c1f0f1a,2017-03,Sussex Police,Sussex Police,-0.186473,51.127911,On or near Tushmore Crescent,E01031583,Crawley 004A,Burglary,Investigation complete; no suspect identified,
2d2159c4f9d94e6f3556d8adbd6465d5bddd2616299b304b75311884ea1f3838,2017-03,Sussex Police,Sussex Police,-0.171925,51.126785,On or near Woolborough Lane,E01031583,Crawley 004A,Burglary,Investigation complete; no suspect identified,
1adbf3ec86830f6f71985fa6b65f3683a2369f0c31a73bb5d44a1f4346351bda,2017-03,Sussex Police,Sussex Police,-0.167509,51.138353,On or near Parking Area,E01031583,Crawley 004A,Criminal damage and arson,Investigation complete; no suspect identified,
c30a6df668b6c9fec5dace801a666c48a273a5a011e7ab97d2c90757c98e602a,2017-03,Sussex Police,Sussex Police,-0.172504,51.128781,On or near Link 10,E01031583,Crawley 004A,Criminal damage and arson,Investigation complete; no suspect identified,
f392f890b56b065f57015f38417f9658c56c0683cd2c9916b70281003f6f6e73,2017-03,Sussex Police,Sussex Police,-0.174108,51.132673,On or near Newton Road,E01031583,Crawley 004A,Criminal damage and arson,Investigation complete; no suspect identified,
e7b1358e01c43614a491e09536c1e2bba4bacaf6e307e963f131aebb0c51d55b,2017-03,Sussex Police,Sussex Police,-0.172504,51.128781,On or near Link 10,E01031583,Crawley 004A,Drugs,Offender given a caution,
8743f78b0906bd4a70335af2457bdf135e897326a3f718842718dbc79c0c8c81,2017-03,Sussex Police,Sussex Police,-0.178500,51.129666,On or near Manor Royal,E01031583,Crawley 004A,Drugs,Offender given a drugs possession warning,
09fa3158e4d49968011b9d8add25c76d778822084ed685edbf0127f894f71b75,2017-03,Sussex Police,Sussex Police,-0.178272,51.132208,On or near Faraday Road,E01031583,Crawley 004A,Other theft,Investigation complete; no suspect identified,
5e73ec84fe7f970959c2fc211fe2a20dde41205600ca15dcce2046a8040cd366,2017-03,Sussex Police,Sussex Police,-0.181737,51.128035,On or near Crompton Way,E01031583,Crawley 004A,Other theft,Investigation complete; no suspect identified,
57a910fba42918b3bbf798d49253900d5ffc6307d1b5e6e1aafe5d1282025df7,2017-03,Sussex Police,Sussex Police,-0.183145,51.124927,On or near Bramber Close,E01031583,Crawley 004A,Other theft,Further investigation is not in the public interest,
8b47da6dee517409f3fbaedfec9889fab201e9b6d1b164effe7e3efcfd97450c,2017-03,Sussex Police,Sussex Police,-0.168763,51.135908,On or near Petrol Station,E01031583,Crawley 004A,Public order,Investigation complete; no suspect identified,
4ce7ece40a21526268a247f8a59dc48dfe0bc5000d97b424dc1e6feeaf66e677,2017-03,Sussex Police,Sussex Police,-0.171925,51.126785,On or near Woolborough Lane,E01031583,Crawley 004A,Public order,Further investigation is not in the public interest,
950c9ce4d34081e9a8794ba3e0577f2d736495ec3f28bb4598453355f8b5c501,2017-03,Sussex Police,Sussex Police,-0.171925,51.126785,On or near Woolborough Lane,E01031583,Crawley 004A,Public order,Further investigation is not in the public interest,
d3edb29cd0b5fcb0752b44f4981862de512a586b87991aee8b99be53f7ca6b42,2017-03,Sussex Police,Sussex Police,-0.168245,51.136728,On or near Priestley Way,E01031583,Crawley 004A,Vehicle crime,Further investigation is not in the public interest,
bca6c03b18c7f886dd85e331f8c2234132c7772948539c1f916cc00056241969,2017-03,Sussex Police,Sussex Police,-0.181216,51.125653,On or near North Mead,E01031583,Crawley 004A,Violence and sexual offences,Investigation complete; no suspect identified,
,2017-03,Sussex Police,Sussex Police,-0.176301,51.123085,On or near Sports/Recreation Area,E01031584,Crawley 004B,Anti-social behaviour,,
,2017-03,Sussex Police,Sussex Police,-0.182566,51.120386,On or near Boundary Road,E01031584,Crawley 004B,Anti-social behaviour,,
,2017-03,Sussex Police,Sussex Police,-0.176761,51.123740,On or near Parking Area,E01031584,Crawley 004B,Anti-social behaviour,,
,2017-03,Sussex Police,Sussex Police,-0.177660,51.120885,On or near Shaws Road,E01031584,Crawley 004B,Anti-social behaviour,,
73f98ca350d4254e88642dce40e0f3b74e6123936baf9caf28d70b97521628c8,2017-03,Sussex Police,Sussex Police,-0.181489,51.121259,On or near The Parade,E01031584,Crawley 004B,Bicycle theft,Investigation complete; no suspect identified,
e83619d305b968ed5317aecf259b86e39f2e426f1f665f477247b0d8cf5b0622,2017-03,Sussex Police,Sussex Police,-0.176065,51.125087,On or near Magpie Walk,E01031584,Crawley 004B,Burglary,Investigation complete; no suspect identified,
10d9f3c212b4fbd97ac6f0a1c145c0e3bdafdf64cdf1c09dcb0a0a24c102784b,2017-03,Sussex Police,Sussex Police,-0.178306,51.123719,On or near Newark Road,E01031584,Crawley 004B,Burglary,Investigation complete; no suspect identified,
e11f909226813afb8fc455540c241ac9cd2aa994d70ce050a850fd53d59d677c,2017-03,Sussex Police,Sussex Police,-0.178645,51.122348,On or near Woodfield Road,E01031584,Crawley 004B,Criminal damage and arson,Investigation complete; no suspect identified,
c06a703b931768d25f1cf638eea7de3d55e34693ec9dfe9bf14d644c84a4b38f,2017-03,Sussex Police,Sussex Police,-0.180673,51.121283,On or near Northgate Place,E01031584,Crawley 004B,Other theft,Investigation complete; no suspect identified,
487fdb39619851addc5a9583177919b9f37fb1de8caa7d7306f994a2a7cec987,2017-03,Sussex Police,Sussex Police,-0.179554,51.122857,On or near Caffins Close,E01031584,Crawley 004B,Public order,Unable to prosecute suspect,
31e177357bb70f4102eaa9a63bbd249901037acb5db65340a324afca912e6d5b,2017-03,Sussex Police,Sussex Police,-0.176065,51.125087,On or near Magpie Walk,E01031584,Crawley 004B,Vehicle crime,Unable to prosecute suspect,
bf12ddd2cba929a288e36ae506e50f02055b2cad18b831ba2ae1156ac0a5cf82,2017-03,Sussex Police,Sussex Police,-0.173646,51.122666,On or near Northgate Avenue,E01031584,Crawley 004B,Violence and sexual offences,Unable to prosecute suspect,
27bc1592f6c7e3e160f4d0f26dadf89e2bf9995a9e3876b5aefaf06577c89a75,2017-03,Sussex Police,Sussex Police,-0.176301,51.123085,On or near Sports/Recreation Area,E01031584,Crawley 004B,Violence and sexual offences,Further investigation is not in the public interest,
a67ecda1aab8f094f9600d90d6fefd2c997502f7b4d9e53281f80b6c0a63f6ad,2017-03,Sussex Police,Sussex Police,-0.181489,51.121259,On or near The Parade,E01031584,Crawley 004B,Other crime,Investigation complete; no suspect identified,
,2017-03,Sussex Police,Sussex Police,-0.185235,51.113170,On or near Shopping Area,E01031585,Crawley 004C,Anti-social behaviour,,
,2017-03,Sussex Police,Sussex Police,-0.185262,51.118683,On or near Kilnmead,E01031585,Crawley 004C,Anti-social behaviour,,
,2017-03,Sussex Police,Sussex Police,-0.188200,51.115185,On or near The Broadway,E01031585,Crawley 004C,Anti-social behaviour,,
,2017-03,Sussex Police,Sussex Police,-0.189993,51.116086,On or near High Street,E01031585,Crawley 004C,Anti-social behaviour,,
,2017-03,Sussex Police,Sussex Police,-0.190481,51.112757,On or near Brighton Road,E01031585,Crawley 004C,Anti-social behaviour,,
,2017-03,Sussex Police,Sussex Police,-0.190481,51.112757,On or near Brighton Road,E01031585,Crawley 004C,Anti-social behaviour,,
,2017-03,Sussex Police,Sussex Police,-0.189993,51.116086,On or near High Street,E01031585,Crawley 004C,Anti-social behaviour,,
,2017-03,Sussex Police,Sussex Police,-0.188200,51.115185,On or near The Broadway,E01031585,Crawley 004C,Anti-social behaviour,,
,2017-03,Sussex Police,Sussex Police,-0.186910,51.116389,On or near Parking Area,E01031585,Crawley 004C,Anti-social behaviour,,
,2017-03,Sussex Police,Sussex Police,-0.190437,51.113502,On or near Haslett Avenue West,E01031585,Crawley 004C,Anti-social behaviour,,
,2017-03,Sussex Police,Sussex Police,-0.189162,51.116163,On or near Bank Lane,E01031585,Crawley 004C,Anti-social behaviour,,
,2017-03,Sussex Police,Sussex Police,-0.189162,51.116163,On or near Bank Lane,E01031585,Crawley 004C,Anti-social behaviour,,
,2017-03,Sussex Police,Sussex Police,-0.188507,51.115721,On or near Shopping Area,E01031585,Crawley 004C,Anti-social behaviour,,
,2017-03,Sussex Police,Sussex Police,-0.189993,51.116086,On or near High Street,E01031585,Crawley 004C,Anti-social behaviour,,
,2017-03,Sussex Police,Sussex Police,-0.187290,51.114695,On or near Parking Area,E01031585,Crawley 004C,Anti-social behaviour,,
,2017-03,Sussex Police,Sussex Police,-0.187290,51.114695,On or near Parking Area,E01031585,Crawley 004C,Anti-social behaviour,,
,2017-03,Sussex Police,Sussex Police,-0.189993,51.116086,On or near High Street,E01031585,Crawley 004C,Anti-social behaviour,,
,2017-03,Sussex Police,Sussex Police,-0.188507,51.115721,On or near Shopping Area,E01031585,Crawley 004C,Anti-social behaviour,,
,2017-03,Sussex Police,Sussex Police,-0.186910,51.116389,On or near Parking Area,E01031585,Crawley 004C,Anti-social behaviour,,
,2017-03,Sussex Police,Sussex Police,-0.186910,51.116389,On or near Parking Area,E01031585,Crawley 004C,Anti-social behaviour,,
,2017-03,Sussex Police,Sussex Police,-0.187290,51.114695,On or near Parking Area,E01031585,Crawley 004C,Anti-social behaviour,,
,2017-03,Sussex Police,Sussex Police,-0.187290,51.114695,On or near Parking Area,E01031585,Crawley 004C,Anti-social behaviour,,
,2017-03,Sussex Police,Sussex Police,-0.186785,51.112628,On or near Station Way,E01031585,Crawley 004C,Anti-social behaviour,,
,2017-03,Sussex Police,Sussex Police,-0.186910,51.116389,On or near Parking Area,E01031585,Crawley 004C,Anti-social behaviour,,
,2017-03,Sussex Police,Sussex Police,-0.187290,51.114695,On or near Parking Area,E01031585,Crawley 004C,Anti-social behaviour,,
,2017-03,Sussex Police,Sussex Police,-0.183915,51.115506,On or near Queensway,E01031585,Crawley 004C,Anti-social behaviour,,
,2017-03,Sussex Police,Sussex Police,-0.183736,51.118623,On or near Kilnmead Close,E01031585,Crawley 004C,Anti-social behaviour,,
,2017-03,Sussex Police,Sussex Police,-0.183736,51.118623,On or near Kilnmead Close,E01031585,Crawley 004C,Anti-social behaviour,,
,2017-03,Sussex Police,Sussex Police,-0.190481,51.112757,On or near Brighton Road,E01031585,Crawley 004C,Anti-social behaviour,,
,2017-03,Sussex Police,Sussex Police,-0.188203,51.120932,On or near Beech Tree Close,E01031585,Crawley 004C,Anti-social behaviour,,
,2017-03,Sussex Police,Sussex Police,-0.188203,51.120932,On or near Beech Tree Close,E01031585,Crawley 004C,Anti-social behaviour,,
,2017-03,Sussex Police,Sussex Police,-0.189957,51.115563,On or near High Street,E01031585,Crawley 004C,Anti-social behaviour,,
,2017-03,Sussex Police,Sussex Police,-0.185685,51.114823,On or near Parking Area,E01031585,Crawley 004C,Anti-social behaviour,,
,2017-03,Sussex Police,Sussex Police,-0.189162,51.116163,On or near Bank Lane,E01031585,Crawley 004C,Anti-social behaviour,,
,2017-03,Sussex Police,Sussex Police,-0.185253,51.113449,On or near Crawley County Mall,E01031585,Crawley 004C,Anti-social behaviour,,
,2017-03,Sussex Police,Sussex Police,-0.189162,51.116163,On or near Bank Lane,E01031585,Crawley 004C,Anti-social behaviour,,
,2017-03,Sussex Police,Sussex Police,-0.188507,51.115721,On or near Shopping Area,E01031585,Crawley 004C,Anti-social behaviour,,
,2017-03,Sussex Police,Sussex Police,-0.185235,51.113170,On or near Shopping Area,E01031585,Crawley 004C,Anti-social behaviour,,
,2017-03,Sussex Police,Sussex Police,-0.187290,51.114695,On or near Parking Area,E01031585,Crawley 004C,Anti-social behaviour,,
,2017-03,Sussex Police,Sussex Police,-0.189162,51.116163,On or near Bank Lane,E01031585,Crawley 004C,Anti-social behaviour,,
1c8cf798b1e0b4c24308743ab42b0fc3c9394ef1b79e48d83fcc102f7d5ddcfe,2017-03,Sussex Police,Sussex Police,-0.185129,51.115893,On or near Shopping Area,E01031585,Crawley 004C,Bicycle theft,Investigation complete; no suspect identified,
3bad15dd57f636b038e6358f4a1eea830a6cb2c8777dedf9a303f379a5f6dfdd,2017-03,Sussex Police,Sussex Police,-0.189162,51.116163,On or near Bank Lane,E01031585,Crawley 004C,Bicycle theft,Investigation complete; no suspect identified,
f2e5b09727a8829be89acc108e749af838de817bcf493831037858e2b6e818ef,2017-03,Sussex Police,Sussex Police,-0.183177,51.120854,On or near Covert Close,E01031585,Crawley 004C,Burglary,Investigation complete; no suspect identified,
1b40cafb2f0d9c80849b089ad768b1f2950666c7d00625dfa9b90facb35c4c8f,2017-03,Sussex Police,Sussex Police,-0.188507,51.115721,On or near Shopping Area,E01031585,Crawley 004C,Burglary,Awaiting court outcome,
6b1dcee42f21a07652597cf9d14878732324b27981b399a37679f1bfd24a4fb8,2017-03,Sussex Police,Sussex Police,-0.188200,51.115185,On or near The Broadway,E01031585,Crawley 004C,Burglary,Investigation complete; no suspect identified,
085e9e43fafd74f45a9aded42e90aab4be59bee618ddc7d817759a593cfba174,2017-03,Sussex Police,Sussex Police,-0.188200,51.115185,On or near The Broadway,E01031585,Crawley 004C,Burglary,Awaiting court outcome,
3a0105a900719eba507219407ef7270cecaf45fca2ecfd040d4d8df7c8543ae8,2017-03,Sussex Police,Sussex Police,-0.188200,51.115185,On or near The Broadway,E01031585,Crawley 004C,Burglary,Awaiting court outcome,
a31784c6e34826e55118b3c58c54403244ef8d182f568f2ab4ec7be096a61843,2017-03,Sussex Police,Sussex Police,-0.187290,51.114695,On or near Parking Area,E01031585,Crawley 004C,Burglary,Investigation complete; no suspect identified,
8573caca75a90e9dce9a2a456e2126e839ecd896f3c40222082999655bf12366,2017-03,Sussex Police,Sussex Police,-0.188507,51.115721,On or near Shopping Area,E01031585,Crawley 004C,Criminal damage and arson,Investigation complete; no suspect identified,
4134cd7cff2292c8f0fd980a69e1a59db6558e57a12d50b3ae9184e83c64cbaa,2017-03,Sussex Police,Sussex Police,-0.188203,51.120932,On or near Beech Tree Close,E01031585,Crawley 004C,Criminal damage and arson,Offender given community sentence,
ee6c3d58c9f0de67ba2de5cd921dbc1a1a03425d47d07a7b75357f799a5b1089,2017-03,Sussex Police,Sussex Police,-0.183915,51.115506,On or near Queensway,E01031585,Crawley 004C,Criminal damage and arson,Investigation complete; no suspect identified,
28fafd41d9e86cda0c01446f963673ce6602e77266ed2088748c2498017c7949,2017-03,Sussex Police,Sussex Police,-0.190437,51.113502,On or near Haslett Avenue West,E01031585,Crawley 004C,Criminal damage and arson,Unable to prosecute suspect,
0d2a278538e4c6ba499847db39376e9520d7635c5694d991e7dac97eda28a2a5,2017-03,Sussex Police,Sussex Police,-0.189993,51.116086,On or near High Street,E01031585,Crawley 004C,Criminal damage and arson,Further investigation is not in the public interest,
5a5e0e3588d5302d92bddd4c4a14378c75eaa4444b563f5f73c8a965eaaace48,2017-03,Sussex Police,Sussex Police,-0.183736,51.118623,On or near Kilnmead Close,E01031585,Crawley 004C,Criminal damage and arson,Investigation complete; no suspect identified,
110120feea149746bc9f089a54be904f541f0504ea89366891f480f692ae2bb8,2017-03,Sussex Police,Sussex Police,-0.183736,51.118623,On or near Kilnmead Close,E01031585,Crawley 004C,Criminal damage and arson,Unable to prosecute suspect,
192996a89e83a4493143ec5f2c021493b71c40b01d3d3cdd3e01d9231fe2b67b,2017-03,Sussex Police,Sussex Police,-0.185235,51.113170,On or near Shopping Area,E01031585,Crawley 004C,Drugs,Offender fined,
81d96b1d988228741eeef07a9e168cc9aa5eaa2c7028988abd6f935a2fc17e2f,2017-03,Sussex Police,Sussex Police,-0.185253,51.113449,On or near Crawley County Mall,E01031585,Crawley 004C,Drugs,Offender given a caution,
c786e23ba50e641554afa20c3dfc820dc63b8bdee1dbfc0c34ab52fcc314a9e3,2017-03,Sussex Police,Sussex Police,-0.189162,51.116163,On or near Bank Lane,E01031585,Crawley 004C,Drugs,Offender given a caution,
439583b8056ed55ad5e05035352ec889b38d8059ae68bf033f95efa5904d5cc2,2017-03,Sussex Police,Sussex Police,-0.183472,51.114051,On or near Parking Area,E01031585,Crawley 004C,Drugs,Unable to prosecute suspect,
9447e7f5cca3e0c364e8f5cf65b41845c18cc0d67d453845192c692fbb744c5d,2017-03,Sussex Police,Sussex Police,-0.181084,51.117368,On or near Police Station,E01031585,Crawley 004C,Drugs,Court result unavailable,
c9bcf50806eaf40e1eeff07e7181456649e574753c67f6720cd98fb5a90a8013,2017-03,Sussex Police,Sussex Police,-0.187477,51.117962,On or near Northgate Road,E01031585,Crawley 004C,Drugs,Further investigation is not in the public interest,
e28fea6e27eabd3108f715957c633b4f4a75531efe83d2a75fa3b62a1dfb61ab,2017-03,Sussex Police,Sussex Police,-0.186910,51.116389,On or near Parking Area,E01031585,Crawley 004C,Other theft,Investigation complete; no suspect identified,
3f1cceccbf42d4ac6f79aa8d3db1253a6ea6b1797dce64d5bdd32338bcde7eab,2017-03,Sussex Police,Sussex Police,-0.188507,51.115721,On or near Shopping Area,E01031585,Crawley 004C,Other theft,Investigation complete; no suspect identified,
5066c9468f5645523adb6e1fe6a9101b9d9b1a18b86a288e915f5af3996128b3,2017-03,Sussex Police,Sussex Police,-0.186903,51.113277,On or near Bus/Coach Station,E01031585,Crawley 004C,Other theft,Investigation complete; no suspect identified,
a57bd7ed31910964e0c614c6215da942cc54e7db00921cfe6cecbc08f14be78b,2017-03,Sussex Police,Sussex Police,-0.186910,51.116389,On or near Parking Area,E01031585,Crawley 004C,Other theft,Investigation complete; no suspect identified,
4b1b0178465102f09348db18307e431acb1bc92a221cc271edccb115be1c45a4,2017-03,Sussex Police,Sussex Police,-0.190437,51.113502,On or near Haslett Avenue West,E01031585,Crawley 004C,Other theft,Court result unavailable,
23023238ba09cf3484cdf274734f44dd99cc7bbe90ef3c20c041cff056169562,2017-03,Sussex Police,Sussex Police,-0.189957,51.115563,On or near High Street,E01031585,Crawley 004C,Other theft,Investigation complete; no suspect identified,
f26fe759b5265c89db9900f78784086e82b833e7baac6e4bb9b38e338c1ffb9f,2017-03,Sussex Police,Sussex Police,-0.185235,51.113170,On or near Shopping Area,E01031585,Crawley 004C,Other theft,Investigation complete; no suspect identified,
f69e9c68567a35465ce6c2addb5b30d76fec513356d49a3daf9cb375d28f461c,2017-03,Sussex Police,Sussex Police,-0.185279,51.113503,On or near Shopping Area,E01031585,Crawley 004C,Other theft,Investigation complete; no suspect identified,
97cc49f27ee7f2f0b3d1af65efd70531d52adc861fb3a8dea0065cc13bc8f217,2017-03,Sussex Police,Sussex Police,-0.189993,51.116086,On or near High Street,E01031585,Crawley 004C,Other theft,Investigation complete; no suspect identified,
af2cbf8fa534ef08496f16321b4b0ece4d103b069b6f8bbd8e8208770fa8a4d7,2017-03,Sussex Police,Sussex Police,-0.189993,51.116086,On or near High Street,E01031585,Crawley 004C,Other theft,Offender given a caution,
3cc594702d8c3b6124d5270b9cc416843656586c22dc3f58d5a14fdc73a06fd7,2017-03,Sussex Police,Sussex Police,-0.185602,51.115127,On or near Parkside,E01031585,Crawley 004C,Other theft,Investigation complete; no suspect identified,
ed52d6d50b8521bd426ed7d9b80396080816e6a1cb9db8191efd1f51672e9d9b,2017-03,Sussex Police,Sussex Police,-0.188507,51.115721,On or near Shopping Area,E01031585,Crawley 004C,Other theft,Investigation complete; no suspect identified,
9283a88bba04acd14fd56433a32cf47b877972c277b329dabfe6fa2a3db60a60,2017-03,Sussex Police,Sussex Police,-0.188203,51.120932,On or near Beech Tree Close,E01031585,Crawley 004C,Other theft,Investigation complete; no suspect identified,
56fc27586f728c49151bfc76b00b9bf53e6c4cf2bdae4c2d3497e9fca06cc6cf,2017-03,Sussex Police,Sussex Police,-0.189162,51.116163,On or near Bank Lane,E01031585,Crawley 004C,Other theft,Investigation complete; no suspect identified,
c7fb9d6e362b1fcb741bf2bb5ffe8e5cab9540884efea5a4a287e3095bedc14c,2017-03,Sussex Police,Sussex Police,-0.189162,51.116163,On or near Bank Lane,E01031585,Crawley 004C,Other theft,Investigation complete; no suspect identified,
51dfff28df94be115cedb29d32b7d08e898fadd4940429cd9d9f1840c4930b22,2017-03,Sussex Police,Sussex Police,-0.189162,51.116163,On or near Bank Lane,E01031585,Crawley 004C,Other theft,Investigation complete; no suspect identified,
13030cdc84b3aa7a43f8b9eb03d0fef01d48c58ec939ad72cfb9ac232b18b478,2017-03,Sussex Police,Sussex Police,-0.185253,51.113449,On or near Crawley County Mall,E01031585,Crawley 004C,Possession of weapons,Offender given a caution,
98a07b1f759b0a959de1da96a089ed7f3fc5411511c142d74c0f12ec6ff9c2bd,2017-03,Sussex Police,Sussex Police,-0.183553,51.113450,On or near Shopping Area,E01031585,Crawley 004C,Possession of weapons,Court result unavailable,
ed252d6bab793c2a75e7d4d6bb5eeedd48ff8207636d966568e8e0d2aca412ad,2017-03,Sussex Police,Sussex Police,-0.187477,51.117962,On or near Northgate Road,E01031585,Crawley 004C,Public order,Unable to prosecute suspect,
6bbc90d4096619c2a7375d691cbb4feb5e0b5db986aa0019efb871c73bff6ca8,2017-03,Sussex Police,Sussex Police,-0.188507,51.115721,On or near Shopping Area,E01031585,Crawley 004C,Public order,Investigation complete; no suspect identified,
154b971f1398414c7b484b023bbfc86ce1661f4311c7adc5ad43d91d0a04f2cd,2017-03,Sussex Police,Sussex Police,-0.189993,51.116086,On or near High Street,E01031585,Crawley 004C,Public order,Status update unavailable,
7c92aca7455adc7b193aa0a6544ef9a437efd8ebe2094d1d6624807ed06c7ed9,2017-03,Sussex Police,Sussex Police,-0.190481,51.112757,On or near Brighton Road,E01031585,Crawley 004C,Public order,Unable to prosecute suspect,
7af6cfe3fc6a52d61755466a6d9ababb7cebcfa6eb2c7fc22fcb521260239d13,2017-03,Sussex Police,Sussex Police,-0.190481,51.112757,On or near Brighton Road,E01031585,Crawley 004C,Public order,Unable to prosecute suspect,
c452e5c8828a306a495755ce0ba9ef39cd1dbcb39ad1b7b53d690d304933cbaa,2017-03,Sussex Police,Sussex Police,-0.189957,51.115563,On or near High Street,E01031585,Crawley 004C,Public order,Unable to prosecute suspect,
a08651eeacf85c2355a4b8fea7126129d628ba15f0a5756dba5f0277b3880876,2017-03,Sussex Police,Sussex Police,-0.189993,51.116086,On or near High Street,E01031585,Crawley 004C,Public order,Investigation complete; no suspect identified,
56460c9cf5a61753720fa034d07a07468bba190ceb9c6372c71c41d9f69301e6,2017-03,Sussex Police,Sussex Police,-0.189993,51.116086,On or near High Street,E01031585,Crawley 004C,Public order,Unable to prosecute suspect,
7aebb15e42cd0908d55c01b24edadce7122cd8e2ddf4599a8531f4ae73d21ac2,2017-03,Sussex Police,Sussex Police,-0.181084,51.117368,On or near Police Station,E01031585,Crawley 004C,Public order,Unable to prosecute suspect,
113c249eaee86e282796b00f9969095a5cf067b392e2a5870d544ecd3ac7fbdf,2017-03,Sussex Police,Sussex Police,-0.189993,51.116086,On or near High Street,E01031585,Crawley 004C,Public order,Further investigation is not in the public interest,
36c0d4d460302bb7eca15acc18eb9d581adfaf5500981b3be468d2079e0ad2c9,2017-03,Sussex Police,Sussex Police,-0.185602,51.115127,On or near Parkside,E01031585,Crawley 004C,Public order,Investigation complete; no suspect identified,
0d6002ef6f8a6a837c1cf4c4db081eafa2a4faaa71895f449918d4d17e52230d,2017-03,Sussex Police,Sussex Police,-0.189162,51.116163,On or near Bank Lane,E01031585,Crawley 004C,Public order,Unable to prosecute suspect,
bc1df4968ac80317ebe6b13f7c5f19cef098b8f8a08b88c6ea81039f8d5f9908,2017-03,Sussex Police,Sussex Police,-0.185129,51.115893,On or near Shopping Area,E01031585,Crawley 004C,Public order,Investigation complete; no suspect identified,
62b2b8431c854edbeaf87974aeb665a71f8b932ad7ae346f0abf874117b08167,2017-03,Sussex Police,Sussex Police,-0.188200,51.115185,On or near The Broadway,E01031585,Crawley 004C,Public order,Investigation complete; no suspect identified,
5d95ed4f23281b114f47919f9df9edec8a3816736452b4d4db054c4ddf3a95c4,2017-03,Sussex Police,Sussex Police,-0.186910,51.116389,On or near Parking Area,E01031585,Crawley 004C,Public order,Investigation complete; no suspect identified,
3e1b2f79d172d12c2ad6b0b00b32fc2d80f7ec6e695e219c7ecca06f38282bb3,2017-03,Sussex Police,Sussex Police,-0.179272,51.118050,On or near Gales Drive,E01031585,Crawley 004C,Robbery,Defendant found not guilty,
1aeee9973d1a56bb9a9d55a97feca18dea4ae9b9d836df38112a18892b677edd,2017-03,Sussex Police,Sussex Police,-0.187290,51.114695,On or near Parking Area,E01031585,Crawley 004C,Robbery,Unable to prosecute suspect,
accbbb0ba131b6b640da7ecd517fbbda93f024b41fa9fe574fa76ad6b3b25e18,2017-03,Sussex Police,Sussex Police,-0.186887,51.113304,On or near Friary Way,E01031585,Crawley 004C,Shoplifting,Offender given community sentence,
1d5c57d7870e699b72734e038b20b160c5435b1d92e9cba516e85c140a8e8644,2017-03,Sussex Police,Sussex Police,-0.183915,51.115506,On or near Queensway,E01031585,Crawley 004C,Shoplifting,Further investigation is not in the public interest,
dbc86885e4884bcfce8349aabac8b928f2b87cde150dd0360968fdbc5c83b26c,2017-03,Sussex Police,Sussex Police,-0.183553,51.113450,On or near Shopping Area,E01031585,Crawley 004C,Shoplifting,Offender given suspended prison sentence,
dc386cb3845f9ee6b40056cfba0744193f3d95c27cbb9857433ccb4d854d4ccc,2017-03,Sussex Police,Sussex Police,-0.188507,51.115721,On or near Shopping Area,E01031585,Crawley 004C,Shoplifting,Status update unavailable,
4cdff3ef82be5afbed65226774eb7147730c65d02251f55cd0d095533b5cda65,2017-03,Sussex Police,Sussex Police,-0.184148,51.113567,On or near Parking Area,E01031585,Crawley 004C,Shoplifting,Offender given a caution,
1fd3aa7495027570681231b31a5ec9bfb4e270098aab0eb7936b9371eb11d994,2017-03,Sussex Police,Sussex Police,-0.185685,51.114823,On or near Parking Area,E01031585,Crawley 004C,Shoplifting,Awaiting court outcome,
20615207d4410c66ad165b83c50f90f552c0197131cff27bc53226a0ceb1895e,2017-03,Sussex Police,Sussex Police,-0.185685,51.114823,On or near Parking Area,E01031585,Crawley 004C,Shoplifting,Unable to prosecute suspect,
098cfdec84119101910febaac9e6106f121e71f2ff9ac1831e4d9602db3cd8c8,2017-03,Sussex Police,Sussex Police,-0.189993,51.116086,On or near High Street,E01031585,Crawley 004C,Shoplifting,Status update unavailable,
75af0b9093ff3da33aa22e7a1afd0dad43a4f35dfb8c3e4ebc9ce53e434dd7ce,2017-03,Sussex Police,Sussex Police,-0.187290,51.114695,On or near Parking Area,E01031585,Crawley 004C,Shoplifting,Investigation complete; no suspect identified,
395cd70d939cd710d01ffbea11894803cee59ee1c73f1103a6a0b19209e71c18,2017-03,Sussex Police,Sussex Police,-0.183915,51.115506,On or near Queensway,E01031585,Crawley 004C,Shoplifting,Suspect charged as part of another case,
da501dfdd51677b5b3e7abfe79284a9dc1a90e916c82c696d13aee062344486b,2017-03,Sussex Police,Sussex Police,-0.185129,51.115893,On or near Shopping Area,E01031585,Crawley 004C,Shoplifting,Court case unable to proceed,
54840f7759982b892ee88ed24a97e99e05b7c838fe14c605ee9409f4804f6fa7,2017-03,Sussex Police,Sussex Police,-0.187290,51.114695,On or near Parking Area,E01031585,Crawley 004C,Shoplifting,Investigation complete; no suspect identified,
379379fb282db33151cbcd729041ab0d8b82bd602962b8a80bcdaf6dcecbec2d,2017-03,Sussex Police,Sussex Police,-0.183915,51.115506,On or near Queensway,E01031585,Crawley 004C,Shoplifting,Offender sent to prison,
e0a352c82ebb2622c383056677a6615387176cefb8af4b36ce7e64aaeb38857a,2017-03,Sussex Police,Sussex Police,-0.189993,51.116086,On or near High Street,E01031585,Crawley 004C,Shoplifting,Unable to prosecute suspect,
7c932ebf75d5ae6b564840d19e73d5c29e14c33e78933ed5ff95b65b350ac1b4,2017-03,Sussex Police,Sussex Police,-0.189993,51.116086,On or near High Street,E01031585,Crawley 004C,Shoplifting,Investigation complete; no suspect identified,
e989023629dfbfcb0245a267451eca3a2814c57c443c7ffd110a6652ff0da2a8,2017-03,Sussex Police,Sussex Police,-0.189993,51.116086,On or near High Street,E01031585,Crawley 004C,Shoplifting,Status update unavailable,
63c30324c9dd9142b2ff8ec5394aaab07cc601eae34f9b8a72e09b19619c0824,2017-03,Sussex Police,Sussex Police,-0.185685,51.114823,On or near Parking Area,E01031585,Crawley 004C,Shoplifting,Further investigation is not in the public interest,
1bdd371c974be0e9ac3a1f985fc186a6654d7e91143abbffb36bc26d80e160be,2017-03,Sussex Police,Sussex Police,-0.183553,51.113450,On or near Shopping Area,E01031585,Crawley 004C,Shoplifting,Court result unavailable,
1c1c0554e1be86587e1546ca96a9c0fbcf93061ee6e48535879f065a4ee4c652,2017-03,Sussex Police,Sussex Police,-0.185685,51.114823,On or near Parking Area,E01031585,Crawley 004C,Shoplifting,Investigation complete; no suspect identified,
b8878ffff629f1b96df930d34ec2150a6c6ae1f426b09528877c6b9328b2f788,2017-03,Sussex Police,Sussex Police,-0.185129,51.115893,On or near Shopping Area,E01031585,Crawley 004C,Shoplifting,Court result unavailable,
546e52069fe3808b7342649ef8737d90059a5a4a343a76f49c60bccdbf95a929,2017-03,Sussex Police,Sussex Police,-0.185279,51.113503,On or near Shopping Area,E01031585,Crawley 004C,Shoplifting,Awaiting court outcome,
5124d475efe8e847e3f5a81b0b1564c120c5bb871cc4de5db2646f946d7bf34c,2017-03,Sussex Police,Sussex Police,-0.184148,51.113567,On or near Parking Area,E01031585,Crawley 004C,Shoplifting,Offender given a caution,
a2cf1f16506cffa03ca93818403ea2cc54e91a5930cf6d39a11702633c8979e1,2017-03,Sussex Police,Sussex Police,-0.183915,51.115506,On or near Queensway,E01031585,Crawley 004C,Shoplifting,Offender sent to prison,
26d2f26526dc9e185b953c7945496a7df8301907a3cefd9153093014a2da6b42,2017-03,Sussex Police,Sussex Police,-0.185685,51.114823,On or near Parking Area,E01031585,Crawley 004C,Shoplifting,Investigation complete; no suspect identified,
5d62c32f19fc35bb1b5a76d846ce18add8f561c1d155e4f706586d533b4a35f1,2017-03,Sussex Police,Sussex Police,-0.187772,51.121744,On or near Marlow Court,E01031585,Crawley 004C,Shoplifting,Investigation complete; no suspect identified,
165be8f1776bc7e659e7f632627d16282f7706783c5d3daf9a755e74b9847c6e,2017-03,Sussex Police,Sussex Police,-0.189099,51.114840,On or near Cross Keys,E01031585,Crawley 004C,Shoplifting,Unable to prosecute suspect,
459815d5e67ae4f062d17dc03a1da70c674d737959e285204a2383e3e9312669,2017-03,Sussex Police,Sussex Police,-0.189993,51.116086,On or near High Street,E01031585,Crawley 004C,Shoplifting,Court result unavailable,
64c22efc9104ae411bc2d0ecc9438100e95f10a5a35304913ee3599b57004b7c,2017-03,Sussex Police,Sussex Police,-0.184148,51.113567,On or near Parking Area,E01031585,Crawley 004C,Shoplifting,Offender given penalty notice,
a68caba6aad5b50656c2bb3eb07c06d83acbe4487923f6fe31cf757f0b7036cf,2017-03,Sussex Police,Sussex Police,-0.183915,51.115506,On or near Queensway,E01031585,Crawley 004C,Shoplifting,Unable to prosecute suspect,
ec7e27ba756904316ea3ffdda964e72462bfdde5ab4b899b5f5532feeaed0920,2017-03,Sussex Police,Sussex Police,-0.188507,51.115721,On or near Shopping Area,E01031585,Crawley 004C,Shoplifting,Investigation complete; no suspect identified,
b571fd95ee772987ecff3b89ac540a94fa629a36f7c0f6cdf80802373fe02e6f,2017-03,Sussex Police,Sussex Police,-0.185279,51.113503,On or near Shopping Area,E01031585,Crawley 004C,Shoplifting,Court result unavailable,
79108bb2b7a7762663e72936bbd2304b133ccf70f228b782b41d95b6d6487a03,2017-03,Sussex Police,Sussex Police,-0.185129,51.115893,On or near Shopping Area,E01031585,Crawley 004C,Shoplifting,Investigation complete; no suspect identified,
a902c17273c7ff194355564d22b8efcdd0b8ebec03e9f86daef1e4021a2776d6,2017-03,Sussex Police,Sussex Police,-0.185279,51.113503,On or near Shopping Area,E01031585,Crawley 004C,Shoplifting,Offender given a caution,
16eff411496779bd9bd8bb62dac8dd1912a4190de0bd140452ea284ed5fcb346,2017-03,Sussex Police,Sussex Police,-0.186910,51.116389,On or near Parking Area,E01031585,Crawley 004C,Shoplifting,Local resolution,
c88c2b95eee9b13f52d63edf5935d3dcb0e9fb55163c49338d4a60c040a5819c,2017-03,Sussex Police,Sussex Police,-0.185685,51.114823,On or near Parking Area,E01031585,Crawley 004C,Shoplifting,Investigation complete; no suspect identified,
7c811f482fd806b27f4cdd93dcacca8936555c69e8a6485640147a48304ece50,2017-03,Sussex Police,Sussex Police,-0.185279,51.113503,On or near Shopping Area,E01031585,Crawley 004C,Shoplifting,Offender given a caution,
de94ee664c87c55c18a2bf5b5f6b28164a334818cfa0282d7b3e4b1d35c8f4c2,2017-03,Sussex Police,Sussex Police,-0.185685,51.114823,On or near Parking Area,E01031585,Crawley 004C,Shoplifting,Investigation complete; no suspect identified,
9175db4ae0273cf4bbd028515e3ba220b39bbac03fd9a9528a6b9eb8de6d9b00,2017-03,Sussex Police,Sussex Police,-0.186910,51.116389,On or near Parking Area,E01031585,Crawley 004C,Shoplifting,Investigation complete; no suspect identified,
d4c1c060a146581fe512758f19d1cb7219e66fac0d5bb87a5c55103f4b662ce6,2017-03,Sussex Police,Sussex Police,-0.185685,51.114823,On or near Parking Area,E01031585,Crawley 004C,Shoplifting,Investigation complete; no suspect identified,
4338ff50b7ec7d0c3f4f918a64f86cbfc95c06e47bc199aa765adf7cc4d45c0a,2017-03,Sussex Police,Sussex Police,-0.185129,51.115893,On or near Shopping Area,E01031585,Crawley 004C,Shoplifting,Local resolution,
5d7bf6f0ed0152be24f6f4ae1fe8cdeabc7b381982020b7da8fbe92286cdfc3e,2017-03,Sussex Police,Sussex Police,-0.185685,51.114823,On or near Parking Area,E01031585,Crawley 004C,Shoplifting,Unable to prosecute suspect,
c0a02d2f570e1545e395bc0edcd85e067cdaff6c27a19514dda06f40e33f0241,2017-03,Sussex Police,Sussex Police,-0.185685,51.114823,On or near Parking Area,E01031585,Crawley 004C,Shoplifting,Investigation complete; no suspect identified,
7bc803dc945df49a3fcf0e6c10950cee274a23a5c5b90343c959d0ff6df9b7c0,2017-03,Sussex Police,Sussex Police,-0.185685,51.114823,On or near Parking Area,E01031585,Crawley 004C,Shoplifting,Offender given a caution,
1f86878ab1969eca1e7aaf0341760d59599ed5d33caa7ed15ec272d6f70de028,2017-03,Sussex Police,Sussex Police,-0.186910,51.116389,On or near Parking Area,E01031585,Crawley 004C,Shoplifting,Further investigation is not in the public interest,
1c184667baa4a6b83bceff719a60795081feb320fc95a5c5d673fb179600ba41,2017-03,Sussex Police,Sussex Police,-0.185129,51.115893,On or near Shopping Area,E01031585,Crawley 004C,Shoplifting,Further investigation is not in the public interest,
9a93a156a1bcbc9ae33d39d9b4149e8f20c07facb3c16174753c8be32426fdd7,2017-03,Sussex Police,Sussex Police,-0.187290,51.114695,On or near Parking Area,E01031585,Crawley 004C,Shoplifting,Formal action is not in the public interest,
331fb7a70b320d0d2c203d8b4acf635474ddcb845e0f47ebcdd67ad94bddcf42,2017-03,Sussex Police,Sussex Police,-0.185685,51.114823,On or near Parking Area,E01031585,Crawley 004C,Shoplifting,Investigation complete; no suspect identified,
4cbfd799245732468941621a033123c83ce575b2258b26c679050b7da9b2b91d,2017-03,Sussex Police,Sussex Police,-0.188507,51.115721,On or near Shopping Area,E01031585,Crawley 004C,Shoplifting,Investigation complete; no suspect identified,
e952d28643cae6772ca678e8b57c922d698fdc1a890e56c4cf0401ef584ce138,2017-03,Sussex Police,Sussex Police,-0.187290,51.114695,On or near Parking Area,E01031585,Crawley 004C,Shoplifting,Investigation complete; no suspect identified,
6671c0b1d7be5a2ddf54eb03689fe76e9b9466a506f1e2635d73a98d59e120b0,2017-03,Sussex Police,Sussex Police,-0.185685,51.114823,On or near Parking Area,E01031585,Crawley 004C,Shoplifting,Investigation complete; no suspect identified,
5aa669b60445b7cef8257feb9a2b7aac875f2943d564954a308add03f61bf324,2017-03,Sussex Police,Sussex Police,-0.187290,51.114695,On or near Parking Area,E01031585,Crawley 004C,Shoplifting,Investigation complete; no suspect identified,
ecf496babdfedf07569a94b19c29f3b1a717cbd1c3a2dd47a1bcb787d9c3c10d,2017-03,Sussex Police,Sussex Police,-0.187290,51.114695,On or near Parking Area,E01031585,Crawley 004C,Shoplifting,Further investigation is not in the public interest,
ad0a780c7fe121516a782594a27af380d5b98244c85a08c6a215bee851ff4cbf,2017-03,Sussex Police,Sussex Police,-0.185253,51.113449,On or near Crawley County Mall,E01031585,Crawley 004C,Theft from the person,Investigation complete; no suspect identified,
44b3ec7fc8e2cfd06bcb25a6a74e10e29e6039f6f5fb3a690cb432823c64c045,2017-03,Sussex Police,Sussex Police,-0.185685,51.114823,On or near Parking Area,E01031585,Crawley 004C,Theft from the person,Investigation complete; no suspect identified,
e507cc726e06c46611afa86c45a553ae33784a6f1602105005a75ff84b75c5f6,2017-03,Sussex Police,Sussex Police,-0.185235,51.113170,On or near Shopping Area,E01031585,Crawley 004C,Theft from the person,Investigation complete; no suspect identified,
52fcbb25c31f8cc9b7b734620ffff6c50eb286c572a5033b4e3290405522a36c,2017-03,Sussex Police,Sussex Police,-0.187290,51.114695,On or near Parking Area,E01031585,Crawley 004C,Theft from the person,Investigation complete; no suspect identified,
1f23a099f61eb3f1d7c0dae22fc47ec55716b96bd493eab10fd6334682f7697d,2017-03,Sussex Police,Sussex Police,-0.189993,51.116086,On or near High Street,E01031585,Crawley 004C,Vehicle crime,Investigation complete; no suspect identified,
21a2b9ab7504ba2c90b378c1aaf834c76bb1593dbc14dee691344f8d34d6733c,2017-03,Sussex Police,Sussex Police,-0.185129,51.115893,On or near Shopping Area,E01031585,Crawley 004C,Vehicle crime,Investigation complete; no suspect identified,
8183c2fb8b2a1655fa515ffc13bd567f985c41679becc649bfaa2be5529039ff,2017-03,Sussex Police,Sussex Police,-0.189993,51.116086,On or near High Street,E01031585,Crawley 004C,Violence and sexual offences,Investigation complete; no suspect identified,
e5a5f752c82504127336782bb8ebc7545ee3992957c3010cfbeb49cec4275188,2017-03,Sussex Police,Sussex Police,-0.189162,51.116163,On or near Bank Lane,E01031585,Crawley 004C,Violence and sexual offences,Unable to prosecute suspect,
64b1c0d49bc4c7a51455b20512ca94a5fcb9f6a0bac5f40634758a7eadda62df,2017-03,Sussex Police,Sussex Police,-0.181084,51.117368,On or near Police Station,E01031585,Crawley 004C,Violence and sexual offences,Offender ordered to pay compensation,
4a63d933ae3b359b1932edde9373311d174af670edf9cd1a655980a7cb0bfcaa,2017-03,Sussex Police,Sussex Police,-0.185235,51.113170,On or near Shopping Area,E01031585,Crawley 004C,Violence and sexual offences,Unable to prosecute suspect,
847e34303ed143838200536cc0d67272ec9ae41dc50cd336e6e789296268c160,2017-03,Sussex Police,Sussex Police,-0.187290,51.114695,On or near Parking Area,E01031585,Crawley 004C,Violence and sexual offences,Status update unavailable,
002a50d4b0bd8a0c60e3c61947b6c6ad9c3c17a8a2ec7c0a13ba7a4a71f017e3,2017-03,Sussex Police,Sussex Police,-0.189957,51.115563,On or near High Street,E01031585,Crawley 004C,Violence and sexual offences,Unable to prosecute suspect,
26f501894365fd2bd0ff4f3a5be6991381554ab205dd388452318f93f09a7dc9,2017-03,Sussex Police,Sussex Police,-0.188200,51.115185,On or near The Broadway,E01031585,Crawley 004C,Violence and sexual offences,Defendant found not guilty,
33aea6d7b3965bd243b267b42e756762ce57e03ce504e7bb08626050065ab3fc,2017-03,Sussex Police,Sussex Police,-0.188507,51.115721,On or near Shopping Area,E01031585,Crawley 004C,Violence and sexual offences,Investigation complete; no suspect identified,
ba74e5431887e223096e7c9c8d3da1ee24891899ce6d760765c62dd31efbc1b5,2017-03,Sussex Police,Sussex Police,-0.190437,51.113502,On or near Haslett Avenue West,E01031585,Crawley 004C,Violence and sexual offences,Unable to prosecute suspect,
0df6aca6bd2b9e11072bccace72eed541dc468988ccfdc3c823094cee2dfea1f,2017-03,Sussex Police,Sussex Police,-0.190481,51.112757,On or near Brighton Road,E01031585,Crawley 004C,Violence and sexual offences,Unable to prosecute suspect,
eafec8f544f0a00c4e6928383583099ac7662e0ec160a69f8a7686ec6904c6f5,2017-03,Sussex Police,Sussex Police,-0.187477,51.117962,On or near Northgate Road,E01031585,Crawley 004C,Violence and sexual offences,Unable to prosecute suspect,
c0ad05b97ac890498c222dce9955eb934748e9178a0dce7db46abb08758dac4c,2017-03,Sussex Police,Sussex Police,-0.185129,51.115893,On or near Shopping Area,E01031585,Crawley 004C,Violence and sexual offences,Further investigation is not in the public interest,
303c891470e3ef9091b261ed15ae9c3efd2c24b8a9ffc4621cf8a1ff162a8c9f,2017-03,Sussex Police,Sussex Police,-0.183915,51.115506,On or near Queensway,E01031585,Crawley 004C,Violence and sexual offences,Offender fined,
0a7bbecce5beaa41b5c19515f6af5caaecb26c90d343ca60ab0a88b4b7cb125d,2017-03,Sussex Police,Sussex Police,-0.189957,51.115563,On or near High Street,E01031585,Crawley 004C,Violence and sexual offences,Unable to prosecute suspect,
b48706d78681d446f129721ccb963efac01ac29d1f07f9baeea82ab9dc478efb,2017-03,Sussex Police,Sussex Police,-0.188200,51.115185,On or near The Broadway,E01031585,Crawley 004C,Violence and sexual offences,Unable to prosecute suspect,
c599792df5380e5b7afe3a6d2cfd60361a915bd77bde17b623c4d9cb5e10da3a,2017-03,Sussex Police,Sussex Police,-0.183915,51.115506,On or near Queensway,E01031585,Crawley 004C,Violence and sexual offences,Investigation complete; no suspect identified,
f9894718132d784fccd91a47dcb0bad81b682a14c8cf598a42422ffbc16d5084,2017-03,Sussex Police,Sussex Police,-0.183915,51.115506,On or near Queensway,E01031585,Crawley 004C,Violence and sexual offences,Offender fined,
b606c64b83f27b6c1ed917151ef9ebed539b5e86099dd1d814b6b12b09c74f3f,2017-03,Sussex Police,Sussex Police,-0.189099,51.114840,On or near Cross Keys,E01031585,Crawley 004C,Violence and sexual offences,Unable to prosecute suspect,
44a6376fa5bc37e88e784d44282f986a322c94877f70b3af2c32c29ebcc612d0,2017-03,Sussex Police,Sussex Police,-0.183915,51.115506,On or near Queensway,E01031585,Crawley 004C,Violence and sexual offences,Further investigation is not in the public interest,
907926c5a7c3573a0a37709dc971c8676afc953dfd2bbce359499c0fd32ac4c8,2017-03,Sussex Police,Sussex Police,-0.188507,51.115721,On or near Shopping Area,E01031585,Crawley 004C,Violence and sexual offences,Unable to prosecute suspect,
bb12f87aa452f477346cdf65a5f7776ac3d75fa59279c49edb2e65cc70c1dfcb,2017-03,Sussex Police,Sussex Police,-0.181084,51.117368,On or near Police Station,E01031585,Crawley 004C,Violence and sexual offences,Offender given a caution,
a6c7747ae04e88c48ce8d47f3c34211585b8cc6c37c9903145671b1b56f6e72e,2017-03,Sussex Police,Sussex Police,-0.187477,51.117962,On or near Northgate Road,E01031585,Crawley 004C,Violence and sexual offences,Status update unavailable,
54cbc2f973f5eb7ee71feec41658586aa9a93cee1187fdf1c42e705c6136c05a,2017-03,Sussex Police,Sussex Police,-0.189162,51.116163,On or near Bank Lane,E01031585,Crawley 004C,Violence and sexual offences,Offender otherwise dealt with,
ff13d2b65db5a28ed1959e658a1558f17f04e009cec6d33947c65f0966e2c7cd,2017-03,Sussex Police,Sussex Police,-0.189693,51.113545,On or near Haslett Avenue West,E01031585,Crawley 004C,Violence and sexual offences,Unable to prosecute suspect,
365eba801cf3be1b0aafd6d05aea7619f85fe50a10ec1b8729662a36158005e7,2017-03,Sussex Police,Sussex Police,-0.183553,51.113450,On or near Shopping Area,E01031585,Crawley 004C,Violence and sexual offences,Investigation complete; no suspect identified,
a9196e1358bf2b4cfae00243b4e89fd594e1222eb0274d836eaa3db5cbd1a8dd,2017-03,Sussex Police,Sussex Police,-0.189162,51.116163,On or near Bank Lane,E01031585,Crawley 004C,Violence and sexual offences,Offender given suspended prison sentence,
5e3974d35b4727e41c8bf59338c1ab76e8a0286e957de4f3433949e32f020276,2017-03,Sussex Police,Sussex Police,-0.185279,51.113503,On or near Shopping Area,E01031585,Crawley 004C,Violence and sexual offences,Investigation complete; no suspect identified,
b915121506784a613f1c9344ae80f2c227ab6116360b056d2c370ea0cb5f141c,2017-03,Sussex Police,Sussex Police,-0.184148,51.113567,On or near Parking Area,E01031585,Crawley 004C,Violence and sexual offences,Unable to prosecute suspect,
01d7c9e1b4bd6e74215dc7cb799f42aef0f481b2099cd1c31748e43c54dc2796,2017-03,Sussex Police,Sussex Police,-0.189162,51.116163,On or near Bank Lane,E01031585,Crawley 004C,Violence and sexual offences,Offender ordered to pay compensation,
f4bf1e6259afc165dfc7fa77d81f1c34e43363ce1d896d7ffbc296225c225b59,2017-03,Sussex Police,Sussex Police,-0.186910,51.116389,On or near Parking Area,E01031585,Crawley 004C,Violence and sexual offences,Unable to prosecute suspect,
e695c7945a3ad47f8d81eb4718ba691a0859e8da4895f8fe9ba604ce10bbb263,2017-03,Sussex Police,Sussex Police,-0.185685,51.114823,On or near Parking Area,E01031585,Crawley 004C,Violence and sexual offences,Investigation complete; no suspect identified,
3a91f2b9aa99065673a57baf29da4d8f1645197b166caadef4fe7ee04c399280,2017-03,Sussex Police,Sussex Police,-0.186887,51.113304,On or near Friary Way,E01031585,Crawley 004C,Violence and sexual offences,Unable to prosecute suspect,
2d8b365363f96aa6cbd1c1067c1a5b7671d70e7faf05a80e629e4f93d08d274a,2017-03,Sussex Police,Sussex Police,-0.185253,51.113449,On or near Crawley County Mall,E01031585,Crawley 004C,Violence and sexual offences,Investigation complete; no suspect identified,
84c2ad09bcc168ecdd84bab633054088bc38cd00f86c4e2def751f1fd2fe1b58,2017-03,Sussex Police,Sussex Police,-0.189162,51.116163,On or near Bank Lane,E01031585,Crawley 004C,Violence and sexual offences,Status update unavailable,
6934bd60d6bd90f09ccdd36807b6010e7d6d12ae85e21be09644c1fa47e7a7cd,2017-03,Sussex Police,Sussex Police,-0.186785,51.112628,On or near Station Way,E01031585,Crawley 004C,Violence and sexual offences,Unable to prosecute suspect,
e85ed6504b62bdc592635dad458d19827c7d535fbe8d8853174e755e46531d6f,2017-03,Sussex Police,Sussex Police,-0.179909,51.118924,On or near Railey Road,E01031585,Crawley 004C,Violence and sexual offences,Unable to prosecute suspect,
c402b1233bbbddb373a29fd7d6dfaa0a9de70debdd17e2a54d8c8d3d99dd5070,2017-03,Sussex Police,Sussex Police,-0.187290,51.114695,On or near Parking Area,E01031585,Crawley 004C,Violence and sexual offences,Offender fined,
2a16c49409af28a95c4f1e251e559115661cf7dc5bd77659b18c544301d7d3f1,2017-03,Sussex Police,Sussex Police,-0.189099,51.114840,On or near Cross Keys,E01031585,Crawley 004C,Violence and sexual offences,Status update unavailable,
4f0e78d393188c1c8609e8a31444818e2e7ce7e1ef24cae3bcbd37d1407b589e,2017-03,Sussex Police,Sussex Police,-0.190481,51.112757,On or near Brighton Road,E01031585,Crawley 004C,Violence and sexual offences,Unable to prosecute suspect,
ef2db639a8481b508fb381467c59a0a0ce1a8d7e5fffb81d0f3c5e3ce69d559b,2017-03,Sussex Police,Sussex Police,-0.183553,51.113450,On or near Shopping Area,E01031585,Crawley 004C,Violence and sexual offences,Unable to prosecute suspect,
6e54e81f750e2cff96698278f0dc13b3e53e2e725f539c41cae69b679df2f5da,2017-03,Sussex Police,Sussex Police,-0.187477,51.117962,On or near Northgate Road,E01031585,Crawley 004C,Violence and sexual offences,Investigation complete; no suspect identified,
467633a811d4c289bf46ff117f193395db1cf0f387fdd4782e845e9848715df1,2017-03,Sussex Police,Sussex Police,-0.183553,51.113450,On or near Shopping Area,E01031585,Crawley 004C,Violence and sexual offences,Unable to prosecute suspect,
3cf65ed66fc261fbc821a217a31fd424c8f2e9777bb6f550d6e6b4e7eb90d00a,2017-03,Sussex Police,Sussex Police,-0.189993,51.116086,On or near High Street,E01031585,Crawley 004C,Violence and sexual offences,Investigation complete; no suspect identified,
f40a960367136d8ed5e3a83cdeed5d12cc8999e83c8156f35303895c1a346c99,2017-03,Sussex Police,Sussex Police,-0.190481,51.112757,On or near Brighton Road,E01031585,Crawley 004C,Violence and sexual offences,Unable to prosecute suspect,
5489a576d07ea2cd529c17deba2a6f12a3d4146be31454a432a19bbfe410a1d6,2017-03,Sussex Police,Sussex Police,-0.186910,51.116389,On or near Parking Area,E01031585,Crawley 004C,Violence and sexual offences,Unable to prosecute suspect,
3fdc9b1f7d16168472f8cad381f098a4b31b208612ee6e7eb1c1631ee840066b,2017-03,Sussex Police,Sussex Police,-0.189957,51.115563,On or near High Street,E01031585,Crawley 004C,Violence and sexual offences,Unable to prosecute suspect,
a5e91e5bceee7e917669e57d7e9683cd55d1a1b4a9cc2b5c9e2c7b7464361d20,2017-03,Sussex Police,Sussex Police,-0.181084,51.117368,On or near Police Station,E01031585,Crawley 004C,Violence and sexual offences,Offender given a caution,
,2017-03,Sussex Police,Sussex Police,-0.175138,51.121062,On or near Northgate Avenue,E01031601,Crawley 004D,Anti-social behaviour,,
,2017-03,Sussex Police,Sussex Police,-0.172450,51.118924,On or near Farm Close,E01031601,Crawley 004D,Anti-social behaviour,,
,2017-03,Sussex Police,Sussex Police,-0.175138,51.121062,On or near Northgate Avenue,E01031601,Crawley 004D,Anti-social behaviour,,
ea7073330bb5d7715b1d71a0fe98110990538cd0368c50f30fc6324c81f7dcb2,2017-03,Sussex Police,Sussex Police,-0.172632,51.117938,On or near Gales Place,E01031601,Crawley 004D,Drugs,Further investigation is not in the public interest,
83f0eabcb08610a627aa9916f1d43c3593afea8ebea44933f0dc7754f18eedbd,2017-03,Sussex Police,Sussex Police,-0.172632,51.117938,On or near Gales Place,E01031601,Crawley 004D,Other theft,Investigation complete; no suspect identified,
9161907057b17d91f38de9c73fe0bb38445b95ba790ac71ea0544d6b19623639,2017-03,Sussex Police,Sussex Police,-0.172632,51.117938,On or near Gales Place,E01031601,Crawley 004D,Other theft,Investigation complete; no suspect identified,
796deab3cd52b91a0bf4c7dd4dafbb6e4cba9887044166b543ca0f1a9a69e413,2017-03,Sussex Police,Sussex Police,-0.172632,51.117938,On or near Gales Place,E01031601,Crawley 004D,Other theft,Investigation complete; no suspect identified,
85d59b7a9507ae6916f8ee88531b0ea9f7bed2d25f56f0af304dccf63fcf7836,2017-03,Sussex Police,Sussex Police,-0.171732,51.119749,On or near Scallows Close,E01031601,Crawley 004D,Vehicle crime,Investigation complete; no suspect identified,
1d34f731dc60fb9027145699d4d26bfa11a1a89a920ea30d2d2faf7579b54b82,2017-03,Sussex Police,Sussex Police,-0.171353,51.123179,On or near Grange Close,E01031601,Crawley 004D,Violence and sexual offences,Further investigation is not in the public interest,
ef983acf02e57dadd3e2452ba568d7927719c058c5caf5b95ee1a3a1e1d356fc,2017-03,Sussex Police,Sussex Police,-0.172632,51.117938,On or near Gales Place,E01031601,Crawley 004D,Violence and sexual offences,Status update unavailable,
623ad62dde049dfcb4260e3ca81451d3aaf7c25a01301d6ac2dd282da4c4b759,2017-03,Sussex Police,Sussex Police,-0.175138,51.121062,On or near Northgate Avenue,E01031601,Crawley 004D,Other crime,Further investigation is not in the public interest,
,2017-03,Sussex Police,Sussex Police,-0.182749,51.114265,On or near College Road,E01032835,Crawley 004F,Anti-social behaviour,,
,2017-03,Sussex Police,Sussex Police,-0.178792,51.116082,On or near Priors Walk,E01032835,Crawley 004F,Anti-social behaviour,,
,2017-03,Sussex Police,Sussex Police,-0.178792,51.116082,On or near Priors Walk,E01032835,Crawley 004F,Anti-social behaviour,,
50cbeb5f714f9903d6ad1704c5b8ab1ade5d31d1ed0341bdf9d51f8e528c27bb,2017-03,Sussex Police,Sussex Police,-0.174911,51.112677,On or near Sports/Recreation Area,E01032835,Crawley 004F,Drugs,Awaiting court outcome,
81fb174cbe6b7a5a65de792f04b6eb312f8c57102e4d8f9c3b2ad41857ff5b24,2017-03,Sussex Police,Sussex Police,-0.182749,51.114265,On or near College Road,E01032835,Crawley 004F,Other theft,Investigation complete; no suspect identified,
6dd40ff8947439eb5d75959711f137bb6aeb0eda78cc92841363eb0d52ba7eb8,2017-03,Sussex Police,Sussex Police,-0.178757,51.113330,On or near Spindle Way,E01032835,Crawley 004F,Public order,Unable to prosecute suspect,
07d8656a9a9fc25c4a47eb6977b90669cd9f58cb24f74d36a152086aa824c5a3,2017-03,Sussex Police,Sussex Police,-0.176300,51.113328,On or near Commonwealth Drive,E01032835,Crawley 004F,Public order,Unable to prosecute suspect,
47e9a3858fde20443f374a20ff64c94d5e1d7646f97e619defaaede8aca394d7,2017-03,Sussex Police,Sussex Police,-0.178757,51.113330,On or near Spindle Way,E01032835,Crawley 004F,Shoplifting,Offender given suspended prison sentence,
c29f5d6835ace3aef9792333693bd1457ccad99703c0886823fc006ecac9cf8b,2017-03,Sussex Police,Sussex Police,-0.182749,51.114265,On or near College Road,E01032835,Crawley 004F,Violence and sexual offences,Local resolution,
ec16d80e423ba0235732249d7924cca3a75f09fe4ea6776956fa41971f3bd80f,2017-03,Sussex Police,Sussex Police,-0.174911,51.112677,On or near Sports/Recreation Area,E01032835,Crawley 004F,Violence and sexual offences,Local resolution,
67907959bccb000d1f4df2f6342136965ceb9a48f6de17ac298a4b92581bc613,2017-03,Sussex Police,Sussex Police,-0.174911,51.112677,On or near Sports/Recreation Area,E01032835,Crawley 004F,Violence and sexual offences,Awaiting court outcome,
75f1ed58b30f7f0d45e3fa39d51d27beaa51760c965ee1b5936880f6fe5f05cb,2017-03,Sussex Police,Sussex Police,-0.176300,51.113328,On or near Commonwealth Drive,E01032835,Crawley 004F,Violence and sexual offences,Investigation complete; no suspect identified,
,2017-03,Sussex Police,Sussex Police,-0.170792,51.113152,On or near Beverley Mews,E01032836,Crawley 004G,Anti-social behaviour,,
,2017-03,Sussex Police,Sussex Police,-0.170792,51.113152,On or near Beverley Mews,E01032836,Crawley 004G,Anti-social behaviour,,
,2017-03,Sussex Police,Sussex Police,-0.172018,51.113944,On or near Hawth Avenue,E01032836,Crawley 004G,Anti-social behaviour,,
,2017-03,Sussex Police,Sussex Police,-0.170792,51.113152,On or near Beverley Mews,E01032836,Crawley 004G,Anti-social behaviour,,
,2017-03,Sussex Police,Sussex Police,-0.164867,51.114840,On or near Stephenson Way,E01032836,Crawley 004G,Anti-social behaviour,,
,2017-03,Sussex Police,Sussex Police,-0.170792,51.113152,On or near Beverley Mews,E01032836,Crawley 004G,Anti-social behaviour,,
,2017-03,Sussex Police,Sussex Police,-0.170792,51.113152,On or near Beverley Mews,E01032836,Crawley 004G,Anti-social behaviour,,
,2017-03,Sussex Police,Sussex Police,-0.168018,51.116094,On or near Parking Area,E01032836,Crawley 004G,Anti-social behaviour,,
,2017-03,Sussex Police,Sussex Police,-0.170792,51.113152,On or near Beverley Mews,E01032836,Crawley 004G,Anti-social behaviour,,
,2017-03,Sussex Police,Sussex Police,-0.170221,51.113862,On or near A2220,E01032836,Crawley 004G,Anti-social behaviour,,
,2017-03,Sussex Police,Sussex Police,-0.170792,51.113152,On or near Beverley Mews,E01032836,Crawley 004G,Anti-social behaviour,,
,2017-03,Sussex Police,Sussex Police,-0.170792,51.113152,On or near Beverley Mews,E01032836,Crawley 004G,Anti-social behaviour,,
aab7668e40e03f40cb30ce3cdfec5bd63e18f34f4d6221117404323129c580cf,2017-03,Sussex Police,Sussex Police,-0.182600,51.116600,On or near A2004,E01032836,Crawley 004G,Bicycle theft,Investigation complete; no suspect identified,
0be29678b296acb51ffa41f7f3de52468d65d725e3ea7b66224a45c63999d287,2017-03,Sussex Police,Sussex Police,-0.168018,51.116094,On or near Parking Area,E01032836,Crawley 004G,Criminal damage and arson,Unable to prosecute suspect,
d9ecb2d45d5103678ccccf8f4c580be1d1f5ad2f9dca25af170c074c5ddc4909,2017-03,Sussex Police,Sussex Police,-0.168018,51.116094,On or near Parking Area,E01032836,Crawley 004G,Criminal damage and arson,Further investigation is not in the public interest,
452acb3db9c7d7e9c0da1d18ed6a1f772c05b9549bb8c11e5d561e0ec346e8a0,2017-03,Sussex Police,Sussex Police,-0.168018,51.116094,On or near Parking Area,E01032836,Crawley 004G,Criminal damage and arson,Unable to prosecute suspect,
99a2fa57cf65a40c835be94945096a793a0c85aac77abb787d476379abfde499,2017-03,Sussex Police,Sussex Police,-0.182600,51.116600,On or near A2004,E01032836,Crawley 004G,Other theft,Investigation complete; no suspect identified,
bd1afa09a9af3a3c2893453856069102cf516bafaf3b09132cec1b0134a0501a,2017-03,Sussex Police,Sussex Police,-0.172063,51.116067,On or near Artel Croft,E01032836,Crawley 004G,Other theft,Investigation complete; no suspect identified,
7663fe0790712717b66ffb168b64917968b4e5b858cdfe44c27ba114c488fe5d,2017-03,Sussex Police,Sussex Police,-0.182600,51.116600,On or near A2004,E01032836,Crawley 004G,Possession of weapons,Local resolution,
11fc911168b9916e4742e8f19e5bf72028070685597932e71b1964be5fcabbe4,2017-03,Sussex Police,Sussex Police,-0.172018,51.113944,On or near Hawth Avenue,E01032836,Crawley 004G,Public order,Investigation complete; no suspect identified,
4a98ea7c85868d31e176d3965df7ae44dd73b8c5618c15909a71236d383d2e1a,2017-03,Sussex Police,Sussex Police,-0.164867,51.114840,On or near Stephenson Way,E01032836,Crawley 004G,Public order,Investigation complete; no suspect identified,
7e49136b4b5863e5b9b2352cebe67def051c03296b54d4b7013bd432eb90ffb7,2017-03,Sussex Police,Sussex Police,-0.182600,51.116600,On or near A2004,E01032836,Crawley 004G,Violence and sexual offences,Unable to prosecute suspect,
b91ccbb7db2d6162e288b74278fbc5b48027937af39a24c7199e649eaf6f8540,2017-03,Sussex Police,Sussex Police,-0.168018,51.116094,On or near Parking Area,E01032836,Crawley 004G,Violence and sexual offences,Unable to prosecute suspect,
f71c363c65574d28f74a1d7003dd98810d45fa3d4a0e0643f7d907530eab13ea,2017-03,Sussex Police,Sussex Police,-0.178030,51.114749,On or near Rowan Close,E01032836,Crawley 004G,Violence and sexual offences,Formal action is not in the public interest,
eae2504770cd59ab8b00ed951fb950c13e55fa52958899793329fcf40d3667c4,2017-03,Sussex Police,Sussex Police,-0.172063,51.116067,On or near Artel Croft,E01032836,Crawley 004G,Violence and sexual offences,Unable to prosecute suspect,
9cb10197379d92fe915a094d6169efe63f6844479f4a63846c1ce3334c6ca3f0,2017-03,Sussex Police,Sussex Police,-0.168018,51.116094,On or near Parking Area,E01032836,Crawley 004G,Violence and sexual offences,Unable to prosecute suspect,
b0f71c22471b0d12a1eda7882e1af0f2831a8ab71aa30aa449707c1369e9d4ac,2017-03,Sussex Police,Sussex Police,-0.168018,51.116094,On or near Parking Area,E01032836,Crawley 004G,Violence and sexual offences,Offender given a caution,
bc6757eb85ee797e9a35152c710c84147fa1b4f23ca6c5cd89e66ca82668eef2,2017-03,Sussex Police,Sussex Police,-0.178030,51.114749,On or near Rowan Close,E01032836,Crawley 004G,Other crime,Investigation complete; no suspect identified,
,2017-03,Sussex Police,Sussex Police,-0.156157,51.124397,On or near Marvell Close,E01031589,Crawley 005A,Anti-social behaviour,,
,2017-03,Sussex Police,Sussex Police,-0.156304,51.121782,On or near Browning Close,E01031589,Crawley 005A,Anti-social behaviour,,
9d38e18b6457ead83b841653c99bae13676d0a5505cde93919ff8242c1c1bba7,2017-03,Sussex Police,Sussex Police,-0.159383,51.121984,On or near St Mary'S Drive,E01031589,Crawley 005A,Criminal damage and arson,Investigation complete; no suspect identified,
ceb8c56fbc7ffadc16bdee9f9aab925c27c082d23c2d0013ae6cb7a7fd477416,2017-03,Sussex Police,Sussex Police,-0.156588,51.119664,On or near Worth Park Avenue,E01031589,Crawley 005A,Other theft,Unable to prosecute suspect,
5e6372f811f2bdf615036692a41785b2e14b5c71a47e7ac26625c45072d86ef3,2017-03,Sussex Police,Sussex Police,-0.158668,51.121640,On or near Byron Close,E01031589,Crawley 005A,Vehicle crime,Investigation complete; no suspect identified,
df0fce37a595c8136211e298f433464208847c1197e8b70f94a5dbe9a822bfa6,2017-03,Sussex Police,Sussex Police,-0.156922,51.122062,On or near Park Way,E01031589,Crawley 005A,Vehicle crime,Investigation complete; no suspect identified,
543ab23ea9d2d64414bf7310dd39d5aca39b626cd938ea841f32f0007df7ca7d,2017-03,Sussex Police,Sussex Police,-0.158415,51.124397,On or near Donne Close,E01031589,Crawley 005A,Violence and sexual offences,Unable to prosecute suspect,
,2017-03,Sussex Police,Sussex Police,-0.160299,51.116171,On or near Billinton Drive,E01031591,Crawley 005B,Anti-social behaviour,,
,2017-03,Sussex Police,Sussex Police,-0.148333,51.116009,On or near Hillcrest Close,E01031591,Crawley 005B,Anti-social behaviour,,
,2017-03,Sussex Police,Sussex Police,-0.153160,51.116778,On or near Worth Road,E01031591,Crawley 005B,Anti-social behaviour,,
,2017-03,Sussex Police,Sussex Police,-0.153160,51.116778,On or near Worth Road,E01031591,Crawley 005B,Anti-social behaviour,,
,2017-03,Sussex Police,Sussex Police,-0.153748,51.117785,On or near Supermarket,E01031591,Crawley 005B,Anti-social behaviour,,
,2017-03,Sussex Police,Sussex Police,-0.153333,51.117446,On or near Pound Hill Place,E01031591,Crawley 005B,Anti-social behaviour,,
,2017-03,Sussex Police,Sussex Police,-0.153160,51.116778,On or near Worth Road,E01031591,Crawley 005B,Anti-social behaviour,,
08ff25e9d3de17e39bcb91176bda021d9429eb88a9eb11a3412254a99608514a,2017-03,Sussex Police,Sussex Police,-0.155996,51.117317,On or near Clive Way,E01031591,Crawley 005B,Criminal damage and arson,Unable to prosecute suspect,
4783f72536ae86ef5c0156dd6027559f1bd5e8375c1a07714815266aac45d2d2,2017-03,Sussex Police,Sussex Police,-0.150729,51.116820,On or near The Rise,E01031591,Crawley 005B,Drugs,Offender given a drugs possession warning,
768d5c62eb76f14acd1b8bf939ae9433f8f3c960ba4e195bbfbe270abfe8f2b8,2017-03,Sussex Police,Sussex Police,-0.153160,51.116778,On or near Worth Road,E01031591,Crawley 005B,Other theft,Investigation complete; no suspect identified,
d23888f3db5f2bffdecb903387ba07b1cf6425dce8caae6f9703883b9ec53410,2017-03,Sussex Police,Sussex Police,-0.153333,51.117446,On or near Pound Hill Place,E01031591,Crawley 005B,Public order,Further investigation is not in the public interest,
2989aae46b054e61924cbbe12170bd311a57594151addf69dcbb5c8fd4657fe6,2017-03,Sussex Police,Sussex Police,-0.148333,51.116009,On or near Hillcrest Close,E01031591,Crawley 005B,Violence and sexual offences,Offender fined,
fe9ea5128a3763ab649c83194acd24733f337eccbf22738886f362fc6172bfa7,2017-03,Sussex Police,Sussex Police,-0.155996,51.117317,On or near Clive Way,E01031591,Crawley 005B,Violence and sexual offences,Unable to prosecute suspect,
051d3a1797248b90e316ebaad68a78a0b9e44cd26c43a513fbfa72e2e0aeca11,2017-03,Sussex Police,Sussex Police,-0.150729,51.116820,On or near The Rise,E01031591,Crawley 005B,Violence and sexual offences,Investigation complete; no suspect identified,
bd4b729be4c68506c0df373057fe39e2132c14c699adf923ca9a831cad40a7db,2017-03,Sussex Police,Sussex Police,-0.153748,51.117785,On or near Supermarket,E01031591,Crawley 005B,Violence and sexual offences,Unable to prosecute suspect,
,2017-03,Sussex Police,Sussex Police,-0.151403,51.114969,On or near Burleys Road,E01031594,Crawley 005C,Anti-social behaviour,,
,2017-03,Sussex Police,Sussex Police,-0.151403,51.114969,On or near Burleys Road,E01031594,Crawley 005C,Anti-social behaviour,,
,2017-03,Sussex Police,Sussex Police,-0.155655,51.112968,On or near Pevensey Close,E01031594,Crawley 005C,Anti-social behaviour,,
d95655905b9edeb71b7856dd060adda2e07b9095a19ec2e3044ba6599053b7c0,2017-03,Sussex Police,Sussex Police,-0.151403,51.114969,On or near Burleys Road,E01031594,Crawley 005C,Criminal damage and arson,Unable to prosecute suspect,
d134e397163b55ae68821d875b47bcaf9c2ca6efb4550725019796631108b2c1,2017-03,Sussex Police,Sussex Police,-0.157569,51.114761,On or near Hastings Road,E01031594,Crawley 005C,Violence and sexual offences,Unable to prosecute suspect,
5e0166d4f3eb7896ef983600ff279779902c199d98933e18127705dd753e2554,2017-03,Sussex Police,Sussex Police,-0.157569,51.114761,On or near Hastings Road,E01031594,Crawley 005C,Violence and sexual offences,Offender given a caution,
19d96a4e87ef6bb716d629f53bd3b4d99942c6503e4f5d636c7bbd11b13b856a,2017-03,Sussex Police,Sussex Police,-0.151825,51.114427,On or near Sedgewick Close,E01031594,Crawley 005C,Violence and sexual offences,Unable to prosecute suspect,
,2017-03,Sussex Police,Sussex Police,-0.162365,51.118128,On or near Haslett Avenue East,E01031600,Crawley 005D,Anti-social behaviour,,
,2017-03,Sussex Police,Sussex Police,-0.162365,51.118128,On or near Haslett Avenue East,E01031600,Crawley 005D,Anti-social behaviour,,
,2017-03,Sussex Police,Sussex Police,-0.165462,51.118221,On or near New Street,E01031600,Crawley 005D,Anti-social behaviour,,
9ac0598cb60aaee56cfa475e4dbb1c485207d5ad1ec3e5ad737e495d84d0b689,2017-03,Sussex Police,Sussex Police,-0.165433,51.121845,On or near Coppice Walk,E01031600,Crawley 005D,Burglary,Investigation complete; no suspect identified,
ea595296ed75cec19836676bb28a1c5cd7d783e0e37b50116d8dd69c4ced9061,2017-03,Sussex Police,Sussex Police,-0.162365,51.118128,On or near Haslett Avenue East,E01031600,Crawley 005D,Criminal damage and arson,Investigation complete; no suspect identified,
6730053c55f2185880a6a817dab7b851c86a016b040ace066654aa8cb3651d82,2017-03,Sussex Police,Sussex Police,-0.162365,51.118128,On or near Haslett Avenue East,E01031600,Crawley 005D,Other theft,Status update unavailable,
95dffb8d3e00f4189fa73995c7bb5cabcaa41f409788eee579f5ae05ba05a0f0,2017-03,Sussex Police,Sussex Police,-0.162490,51.116421,On or near Parking Area,E01031600,Crawley 005D,Possession of weapons,Status update unavailable,
fa50e8000ecffd3b9c0ec531d55d4f444e9f441b7600946d90f2d6ca3885ec05,2017-03,Sussex Police,Sussex Police,-0.166543,51.117267,On or near Wassand Close,E01031600,Crawley 005D,Public order,Investigation complete; no suspect identified,
8ecd6f9a07b68f8ce995c7438094607cbcd131f6987d881ec682205e2efbbae6,2017-03,Sussex Police,Sussex Police,-0.165462,51.118221,On or near New Street,E01031600,Crawley 005D,Public order,Unable to prosecute suspect,
42f7a3ed7e3d18059cc6034f3f480849b8303657063eeb2ca38368976a28c069,2017-03,Sussex Police,Sussex Police,-0.166543,51.117267,On or near Wassand Close,E01031600,Crawley 005D,Public order,Investigation complete; no suspect identified,
531d56078207bf215b75a6371938c2d0cc0eb3b0576f7eac1ab43fcbcb472f0f,2017-03,Sussex Police,Sussex Police,-0.166543,51.117267,On or near Wassand Close,E01031600,Crawley 005D,Public order,Investigation complete; no suspect identified,
988978ad5a5da7cb1a77b53bf48f3559bf51aac46b407f6011da17d25c2fe294,2017-03,Sussex Police,Sussex Police,-0.162365,51.118128,On or near Haslett Avenue East,E01031600,Crawley 005D,Shoplifting,Investigation complete; no suspect identified,
9822360022832d2feb02d55eab81325dacccb455eb4c77a50f2195934af0f6cd,2017-03,Sussex Police,Sussex Police,-0.162365,51.118128,On or near Haslett Avenue East,E01031600,Crawley 005D,Shoplifting,Investigation complete; no suspect identified,
680d4c13a7f5a6a738d3521418679d2214d36dc6b2b95af6c8a8e6b03b8fab08,2017-03,Sussex Police,Sussex Police,-0.165181,51.119179,On or near Hazelwick Road,E01031600,Crawley 005D,Vehicle crime,Investigation complete; no suspect identified,
71360a89c88d8babe5561f34e23353d601e9ab1e75ee4fc6d48ded63955a511a,2017-03,Sussex Police,Sussex Police,-0.165181,51.119179,On or near Hazelwick Road,E01031600,Crawley 005D,Vehicle crime,Investigation complete; no suspect identified,
1838fb24b9cd103342c3434c09e89e4e2176bc75711077f4b0f7eb3431cf2541,2017-03,Sussex Police,Sussex Police,-0.162365,51.118128,On or near Haslett Avenue East,E01031600,Crawley 005D,Violence and sexual offences,Unable to prosecute suspect,
46522c8990dd33355723ceafd1856bd89b9f6456cf82309b27cad185b8255282,2017-03,Sussex Police,Sussex Police,-0.169703,51.119367,On or near Scallows Road,E01031600,Crawley 005D,Violence and sexual offences,Offender given community sentence,
2fc3a210eb13eb157fc92c936be11901048fb9244f078be7631f7c269398d9a0,2017-03,Sussex Police,Sussex Police,-0.165181,51.119179,On or near Hazelwick Road,E01031600,Crawley 005D,Violence and sexual offences,Defendant found not guilty,
e5240cfa6c4a7d808f96efa2654f16f3619fea1a906189dead827d700de5464a,2017-03,Sussex Police,Sussex Police,-0.162365,51.118128,On or near Haslett Avenue East,E01031600,Crawley 005D,Violence and sexual offences,Investigation complete; no suspect identified,
2a38a9601e9cfe19ae1eaab94a5f34ac4e3acbafead4a81992216dcdcb916ed2,2017-03,Sussex Police,Sussex Police,-0.166543,51.117267,On or near Wassand Close,E01031600,Crawley 005D,Violence and sexual offences,Offender given community sentence,
c1c8743c903b09f9e8e82b31a847129fbeb6416cd24e15419478f07400589f1a,2017-03,Sussex Police,Sussex Police,-0.162490,51.116421,On or near Parking Area,E01031600,Crawley 005D,Violence and sexual offences,Status update unavailable,
,2017-03,Sussex Police,Sussex Police,-0.162498,51.123786,On or near Bycroft Way,E01031603,Crawley 005E,Anti-social behaviour,,
a00a0cc3d27f765ead502476684f167ec9e74c890243bb07eedfbf08deb96496,2017-03,Sussex Police,Sussex Police,-0.169015,51.124500,On or near Woodend Close,E01031603,Crawley 005E,Criminal damage and arson,Investigation complete; no suspect identified,
639a27c6d1480b7f4575701b10ca45b08f994ef4175f565d5e70386a1707a09f,2017-03,Sussex Police,Sussex Police,-0.166976,51.127634,On or near Tinsley Close,E01031603,Crawley 005E,Criminal damage and arson,Status update unavailable,
0b9fbce4fd8dce44e1adbf15384ecd7685db5bea0b6981d61f5293c599f62751,2017-03,Sussex Police,Sussex Police,-0.162498,51.123786,On or near Bycroft Way,E01031603,Crawley 005E,Other theft,Investigation complete; no suspect identified,
cec3754b7fbaf0bffed51abc8b7c5c8bdfcf88d95271f83d9a2e59403a8a9fdc,2017-03,Sussex Police,Sussex Police,-0.166976,51.127634,On or near Tinsley Close,E01031603,Crawley 005E,Public order,Court result unavailable,
9875405c1b546e1dc5bf10eba11edf9c0b56c90b8fc04c568046162100409de2,2017-03,Sussex Police,Sussex Police,-0.167066,51.125342,On or near Hazelwick Mews,E01031603,Crawley 005E,Theft from the person,Investigation complete; no suspect identified,
af978c7186d561a28af2886598ef4164a4d4f03aed665d5ee807fa8bae808c75,2017-03,Sussex Police,Sussex Police,-0.169015,51.124500,On or near Woodend Close,E01031603,Crawley 005E,Violence and sexual offences,Unable to prosecute suspect,
713a93223e206472f00fcc3c0496cfcb1aa3d8e10d3e493605b9aabe9c47b632,2017-03,Sussex Police,Sussex Police,-0.169015,51.124500,On or near Woodend Close,E01031603,Crawley 005E,Violence and sexual offences,Unable to prosecute suspect,
1e14d39b262d0780d3481f7852a3d70cc03c62c3ad283f3afa3b3d78d092b3a8,2017-03,Sussex Police,Sussex Police,-0.161752,51.137894,On or near Bus/Coach Station,E01031603,Crawley 005E,Violence and sexual offences,Further investigation is not in the public interest,
c914adac4a170900de7f31829491be6ef65cfd6b50f4e469cd2db76287db050b,2017-03,Sussex Police,Sussex Police,-0.161752,51.137894,On or near Bus/Coach Station,E01031603,Crawley 005E,Violence and sexual offences,Local resolution,
937b3782d4e7b02072d3e492d2a70fc6959eaa6c73879e0c9e7e023a5bd9b48d,2017-03,Sussex Police,Sussex Police,-0.161752,51.137894,On or near Bus/Coach Station,E01031603,Crawley 005E,Violence and sexual offences,Status update unavailable,
9dff2a09b3f6cdb79a4e0b9b4f54bd73506790a3253d7f2c27c8e51b41682044,2017-03,Sussex Police,Sussex Police,-0.167066,51.125342,On or near Hazelwick Mews,E01031603,Crawley 005E,Violence and sexual offences,Unable to prosecute suspect,
9cf3041de6bb7aa711693f052518b3fe341b3db63dd8f759c0bcc11b989b0467,2017-03,Sussex Police,Sussex Police,-0.166976,51.127634,On or near Tinsley Close,E01031603,Crawley 005E,Violence and sexual offences,Status update unavailable,
65526835fc0328032269266fc1051dc92f442cc3fd4f5c46030ebe73226d9da4,2017-03,Sussex Police,Sussex Police,-0.161752,51.137894,On or near Bus/Coach Station,E01031603,Crawley 005E,Violence and sexual offences,Status update unavailable,
,2017-03,Sussex Police,Sussex Police,-0.212634,51.114383,On or near Nurserylands,E01031564,Crawley 006A,Anti-social behaviour,,
,2017-03,Sussex Police,Sussex Police,-0.215161,51.113316,On or near Windyridge,E01031564,Crawley 006A,Anti-social behaviour,,
2bfdc3ac9eb093476e0c9b61a2df3b19d6c8574aca8b75b2eceeac13177c4323,2017-03,Sussex Police,Sussex Police,-0.209034,51.111783,On or near Loveletts,E01031564,Crawley 006A,Burglary,Investigation complete; no suspect identified,
d1c551c1e7c47342e12e30aade0ff2cfc70215339f530731c4ae05e1b5b103b7,2017-03,Sussex Police,Sussex Police,-0.209034,51.111783,On or near Loveletts,E01031564,Crawley 006A,Burglary,Investigation complete; no suspect identified,
daa4b56406f1fc0786e6dbf92f8764c983ebe7dfa35eed113236ae3eac799385,2017-03,Sussex Police,Sussex Police,-0.209034,51.111783,On or near Loveletts,E01031564,Crawley 006A,Public order,Further investigation is not in the public interest,
e6b7bec570787a7216b5dc52bf4016d4b9eb426a2e2d54a93173ebcf7c970921,2017-03,Sussex Police,Sussex Police,-0.209034,51.111783,On or near Loveletts,E01031564,Crawley 006A,Public order,Further investigation is not in the public interest,
aabec7c3a1a9c4f1fa31ccd0a07ec1e908634e6efeee32d01a3ab7857ff4b525,2017-03,Sussex Police,Sussex Police,-0.211466,51.114294,On or near Overdene Drive,E01031564,Crawley 006A,Vehicle crime,Investigation complete; no suspect identified,
,2017-03,Sussex Police,Sussex Police,-0.216780,51.110607,On or near Parking Area,E01031565,Crawley 006B,Anti-social behaviour,,
,2017-03,Sussex Police,Sussex Police,-0.216780,51.110607,On or near Parking Area,E01031565,Crawley 006B,Anti-social behaviour,,
,2017-03,Sussex Police,Sussex Police,-0.219339,51.110169,On or near Lavant Close,E01031565,Crawley 006B,Anti-social behaviour,,
,2017-03,Sussex Police,Sussex Police,-0.219935,51.110655,On or near Medway Road,E01031565,Crawley 006B,Anti-social behaviour,,
,2017-03,Sussex Police,Sussex Police,-0.221155,51.109010,On or near Trent Close,E01031565,Crawley 006B,Anti-social behaviour,,
8baf8f589ecce489ef0777bf372175096e998975867be17c7d62bcf9d192dfd1,2017-03,Sussex Police,Sussex Police,-0.220890,51.112567,On or near Cherwell Walk,E01031565,Crawley 006B,Burglary,Investigation complete; no suspect identified,
520038cb09f5dc00e52ce72776bb2c40babf337f6ff906100bc57b4088a28dca,2017-03,Sussex Police,Sussex Police,-0.219935,51.110655,On or near Medway Road,E01031565,Crawley 006B,Criminal damage and arson,Investigation complete; no suspect identified,
e6d13d8c303dcacba4d22857ef9e4e52af6a04a424453b42c22eb59f40916089,2017-03,Sussex Police,Sussex Police,-0.217119,51.112563,On or near Avon Walk,E01031565,Crawley 006B,Drugs,Offender given a drugs possession warning,
c201b85aa6a20a917683bdc6862bb233f13ff2f2993acb9322d757861b7341f8,2017-03,Sussex Police,Sussex Police,-0.214933,51.109589,On or near Kidborough Road,E01031565,Crawley 006B,Public order,Unable to prosecute suspect,
10d8284e51f63e5a3111ef40524a7ce4133e122fd4279f7e42e1952e119ec8cc,2017-03,Sussex Police,Sussex Police,-0.221453,51.110570,On or near Rother Crescent,E01031565,Crawley 006B,Violence and sexual offences,Further investigation is not in the public interest,
23d26e25f2ea69bbbb93f8d05a5a98ed90258f6b9ed6b37c1022c260a521a81a,2017-03,Sussex Police,Sussex Police,-0.216780,51.110607,On or near Parking Area,E01031565,Crawley 006B,Violence and sexual offences,Offender fined,
cc457d1a2308a2b3a8c7b980642c0d525d6a1861a34e9f2e25c129e50bf782d5,2017-03,Sussex Police,Sussex Police,-0.220914,51.111218,On or near Kennet Close,E01031565,Crawley 006B,Violence and sexual offences,Unable to prosecute suspect,
576799a722f51b9b4d948f3726651e0558a4d9ad053a17ddf0baa7e99e76c656,2017-03,Sussex Police,Sussex Police,-0.221453,51.110570,On or near Rother Crescent,E01031565,Crawley 006B,Violence and sexual offences,Unable to prosecute suspect,
75c367622802e75ba4c13980de14165e917c3a54f1b1557eacc4d2ac1f343348,2017-03,Sussex Police,Sussex Police,-0.219083,51.107926,On or near Eden Road,E01031565,Crawley 006B,Violence and sexual offences,Defendant found not guilty,
,2017-03,Sussex Police,Sussex Police,-0.215796,51.110924,On or near Capel Lane,E01031566,Crawley 006C,Anti-social behaviour,,
,2017-03,Sussex Police,Sussex Police,-0.215796,51.110924,On or near Capel Lane,E01031566,Crawley 006C,Anti-social behaviour,,
,2017-03,Sussex Police,Sussex Police,-0.211388,51.110030,On or near Dormans,E01031566,Crawley 006C,Anti-social behaviour,,
6b089b7a86185b087da76527c9b51d88f4c1aa6d2606487091b7808a7b731011,2017-03,Sussex Police,Sussex Police,-0.207263,51.109184,On or near Chatfields,E01031566,Crawley 006C,Bicycle theft,Investigation complete; no suspect identified,
303df9dd7f49a86be8fde0f95d6b523f76d7bc7fa9e2dc9d6339adc6897ac486,2017-03,Sussex Police,Sussex Police,-0.207263,51.109184,On or near Chatfields,E01031566,Crawley 006C,Criminal damage and arson,Investigation complete; no suspect identified,
88c76eb4ddc36e1909a633f10636bac244bdec5a0887dbd815badb1ae962612b,2017-03,Sussex Police,Sussex Police,-0.210224,51.104265,On or near Bewbush Drive,E01031566,Crawley 006C,Other theft,Investigation complete; no suspect identified,
2e447b9a1a469ccbe9c43a66acf30a5a514eee747a80c8fa4160a6f84a30681a,2017-03,Sussex Police,Sussex Police,-0.210224,51.104265,On or near Bewbush Drive,E01031566,Crawley 006C,Possession of weapons,Further investigation is not in the public interest,
ee062e37056d13bec5cab4d9c32abcbb73627193e93adb9ba725e06efaa02f96,2017-03,Sussex Police,Sussex Police,-0.210780,51.108366,On or near Wenlock Close,E01031566,Crawley 006C,Robbery,Unable to prosecute suspect,
5ab76343f71cc9a62f641d49429848ba014eb31c125feff57795a74043293e39,2017-03,Sussex Police,Sussex Police,-0.215796,51.110924,On or near Capel Lane,E01031566,Crawley 006C,Shoplifting,Investigation complete; no suspect identified,
2bfc7328cbbd0157bc1a3d2d89d8bbd07231b1e3f84d908c508fb75c00ce4508,2017-03,Sussex Police,Sussex Police,-0.215796,51.110924,On or near Capel Lane,E01031566,Crawley 006C,Shoplifting,Formal action is not in the public interest,
542f39457789ab63c0fb36bb94c7c6c070a56ef3e5a3d1ec9a9f5d0605e18934,2017-03,Sussex Police,Sussex Police,-0.210224,51.104265,On or near Bewbush Drive,E01031566,Crawley 006C,Violence and sexual offences,Further investigation is not in the public interest,
,2017-03,Sussex Police,Sussex Police,-0.217891,51.124059,On or near Ifield Street,E01031567,Crawley 006D,Anti-social behaviour,,
456950f95f5ab718fcf6a2ac9fa7cb0a983a7f9f19aa47035a5a0e9faafe745d,2017-03,Sussex Police,Sussex Police,-0.208631,51.118513,On or near Sports/Recreation Area,E01031567,Crawley 006D,Drugs,Local resolution,
58a63600614dabfe86afeeb9190d904abc851f9c750aa0e1595b8c67e1d8c83c,2017-03,Sussex Police,Sussex Police,-0.214404,51.117756,On or near Shipley Road,E01031567,Crawley 006D,Other theft,Status update unavailable,
30f2ce11224136696c7e03ac8a053f95b6e8c8fc28555a3b0705ce2cc597e201,2017-03,Sussex Police,Sussex Police,-0.217038,51.116141,On or near Treyford Close,E01031567,Crawley 006D,Public order,Investigation complete; no suspect identified,
43daacb3db0ec816400b455150a89ddeb77b8bc7d9a8f4313d26a3adddc74a73,2017-03,Sussex Police,Sussex Police,-0.208631,51.118513,On or near Sports/Recreation Area,E01031567,Crawley 006D,Violence and sexual offences,Unable to prosecute suspect,
,2017-03,Sussex Police,Sussex Police,-0.226078,51.113275,On or near Hyde Drive,E01031568,Crawley 006E,Anti-social behaviour,,
37af0ff99f6dc51d0b580f6668cf1ce190f738a2c71d197c8d67c58fdadca9c6,2017-03,Sussex Police,Sussex Police,-0.230231,51.111899,On or near Parking Area,E01031568,Crawley 006E,Shoplifting,Investigation complete; no suspect identified,
641f2727a80a68abd7c76a5c0a0bde0df7146b19a7e4b5919a25f9d5f567b7cb,2017-03,Sussex Police,Sussex Police,-0.230231,51.111899,On or near Parking Area,E01031568,Crawley 006E,Shoplifting,Investigation complete; no suspect identified,
6db517e76bceff16e8f2937fbf10d0a654fe259d8f56b0ee3463cc28c5537889,2017-03,Sussex Police,Sussex Police,-0.227701,51.113039,On or near Gorling Close,E01031568,Crawley 006E,Violence and sexual offences,Unable to prosecute suspect,
e0ed22ce53b799c9386fe3d5c4dd8a2901a3ee63c176ddaab55af48eef981686,2017-03,Sussex Police,Sussex Police,-0.226475,51.112607,On or near Beaumont Close,E01031568,Crawley 006E,Violence and sexual offences,Status update unavailable,
,2017-03,Sussex Police,Sussex Police,-0.196803,51.105957,On or near Sports/Recreation Area,E01031596,Crawley 007A,Anti-social behaviour,,
,2017-03,Sussex Police,Sussex Police,-0.190517,51.102307,On or near Southgate Avenue,E01031596,Crawley 007A,Anti-social behaviour,,
,2017-03,Sussex Police,Sussex Police,-0.197493,51.105833,On or near Hambleton Hill,E01031596,Crawley 007A,Anti-social behaviour,,
,2017-03,Sussex Police,Sussex Police,-0.197493,51.105833,On or near Hambleton Hill,E01031596,Crawley 007A,Anti-social behaviour,,
c0673c08c06c929c5b96dfb5c3af7bd38c4dd00ed111eb3bb605751965717a65,2017-03,Sussex Police,Sussex Police,-0.194648,51.102974,On or near Wensleydale,E01031596,Crawley 007A,Criminal damage and arson,Investigation complete; no suspect identified,
950d522997a1da35cd06057676fcb65d93d43f2282ea9d4fb4ab00c3a33fdb20,2017-03,Sussex Police,Sussex Police,-0.193151,51.103634,On or near Saltdean Close,E01031596,Crawley 007A,Criminal damage and arson,Further investigation is not in the public interest,
5b41efabe570850b4c4a93ae1f9a119620451fb3494919887cf3bdf2985ee533,2017-03,Sussex Police,Sussex Police,-0.198538,51.105057,On or near Supermarket,E01031596,Crawley 007A,Shoplifting,Status update unavailable,
71050b926f6c791b1d17fa36101aec3fe113cae2ea2ebae05127ce0fd34121bf,2017-03,Sussex Police,Sussex Police,-0.197493,51.105833,On or near Hambleton Hill,E01031596,Crawley 007A,Violence and sexual offences,Investigation complete; no suspect identified,
9fbf02eb4adcd616459792f995f50b1d17c221ce391e20ae8da4a6952e7f569c,2017-03,Sussex Police,Sussex Police,-0.192162,51.104815,On or near Hunter Road,E01031596,Crawley 007A,Violence and sexual offences,Unable to prosecute suspect,
97f55bd09acaeb7ff9f29ac5fb979258a6ff305e480d60846f9b9586d2e0c10f,2017-03,Sussex Police,Sussex Police,-0.196803,51.105957,On or near Sports/Recreation Area,E01031596,Crawley 007A,Violence and sexual offences,Status update unavailable,
f05294a9b27f7300419bad1d2b4e32969511f6d513d76083a3144a593b887ba8,2017-03,Sussex Police,Sussex Police,-0.193151,51.103634,On or near Saltdean Close,E01031596,Crawley 007A,Violence and sexual offences,Further investigation is not in the public interest,
c6a51bc8c85ffc05ce41cf87320d4b8d3d631978912f0e83af0c825082974be5,2017-03,Sussex Police,Sussex Police,-0.193151,51.103634,On or near Saltdean Close,E01031596,Crawley 007A,Violence and sexual offences,Further investigation is not in the public interest,
90f0f076ebc6970204e3e51659ebe4854452b58ad03e3fe7215125be91fe4fec,2017-03,Sussex Police,Sussex Police,-0.197493,51.105833,On or near Hambleton Hill,E01031596,Crawley 007A,Violence and sexual offences,Defendant found not guilty,
9804e16409301b0f92aa88b00a0c6d76db6a6be98726bed4730d63271aab0f1d,2017-03,Sussex Police,Sussex Police,-0.196803,51.105957,On or near Sports/Recreation Area,E01031596,Crawley 007A,Violence and sexual offences,Investigation complete; no suspect identified,
bc3a20e845f078721b2f2764c495c5e79ac55c13fb1612967dc3a57b4b08e4da,2017-03,Sussex Police,Sussex Police,-0.198560,51.105219,On or near Downland Place,E01031596,Crawley 007A,Other crime,Unable to prosecute suspect,
,2017-03,Sussex Police,Sussex Police,-0.192164,51.106955,On or near Brighton Road,E01031597,Crawley 007B,Anti-social behaviour,,
151acef9482fd63fefbb49e5015bb1b1f77be61f4668a018c26fb4b157ebde6c,2017-03,Sussex Police,Sussex Police,-0.200925,51.105750,On or near Grisedale Close,E01031597,Crawley 007B,Criminal damage and arson,Investigation complete; no suspect identified,
70e92726b23d98ce0fc2dbbb778243adc1a4f58bb958e386d4294c5b9f0c29a7,2017-03,Sussex Police,Sussex Police,-0.201109,51.106886,On or near Bedale Close,E01031597,Crawley 007B,Criminal damage and arson,Offender ordered to pay compensation,
a3e908a748853b5d9d654a522b5d20cbfcf458b5a3c91b3328f8dfa12b4fd179,2017-03,Sussex Police,Sussex Police,-0.199817,51.108899,On or near Biggin Close,E01031597,Crawley 007B,Other theft,Investigation complete; no suspect identified,
f13ba6511a33821b178a5a59f1bdd62b8fbb4b867d3868e5b2bc9889833956da,2017-03,Sussex Police,Sussex Police,-0.195600,51.108591,On or near Goffs Park Road,E01031597,Crawley 007B,Public order,Investigation complete; no suspect identified,
ea92bc7d25de395d57256fcffcfa4946531651bcabaca0e3a4ae861f5315a420,2017-03,Sussex Police,Sussex Police,-0.198990,51.104453,On or near Darleydale,E01031597,Crawley 007B,Vehicle crime,Status update unavailable,
ca0904b140bfb73c05bab4fda364fcf2104b0bdc67609160d137b61d50592889,2017-03,Sussex Police,Sussex Police,-0.195600,51.108591,On or near Goffs Park Road,E01031597,Crawley 007B,Vehicle crime,Investigation complete; no suspect identified,
9ce1dbfbddadc656d13541a20e3ce90f58497c03992b87ec461e84a26e1b505b,2017-03,Sussex Police,Sussex Police,-0.195600,51.108591,On or near Goffs Park Road,E01031597,Crawley 007B,Vehicle crime,Status update unavailable,
4c9820d2798870404fc6091b1e121cbe7e4c6ae417be9e9fcaa7ec3698e294b8,2017-03,Sussex Police,Sussex Police,-0.198716,51.109664,On or near Hill Place,E01031597,Crawley 007B,Violence and sexual offences,Local resolution,
,2017-03,Sussex Police,Sussex Police,-0.193898,51.109023,On or near Keymer Road,E01031598,Crawley 007C,Anti-social behaviour,,
,2017-03,Sussex Police,Sussex Police,-0.192805,51.111048,On or near Lyndhurst Close,E01031598,Crawley 007C,Anti-social behaviour,,
2d1ddf3d14cb930dfb95d861aa5128e37c7c7a5036742a614ede6507cd03471a,2017-03,Sussex Police,Sussex Police,-0.192805,51.111048,On or near Lyndhurst Close,E01031598,Crawley 007C,Criminal damage and arson,Investigation complete; no suspect identified,
b54aa772fd7ec3509575a72bfdab26b8d5d8d42666ae75eb6fd8324c6adf5b64,2017-03,Sussex Police,Sussex Police,-0.202598,51.109382,On or near Old Horsham Road,E01031598,Crawley 007C,Other theft,Investigation complete; no suspect identified,
4c3b6e293bac05f9d79f20f6e19021bb2dd95e0b01f6ea660f9f6a36998c7e84,2017-03,Sussex Police,Sussex Police,-0.202598,51.109382,On or near Old Horsham Road,E01031598,Crawley 007C,Robbery,Investigation complete; no suspect identified,
2390d6ed802d44758f85e67f5b72ae367524a412f5fa95149e2b7cb848f52e9d,2017-03,Sussex Police,Sussex Police,-0.197161,51.109595,On or near Malvern Road,E01031598,Crawley 007C,Vehicle crime,Investigation complete; no suspect identified,
c4c3a9757acadda0e33d8aaee342319a9dd78aab52cd7d2c638abf477345d21f,2017-03,Sussex Police,Sussex Police,-0.195217,51.112560,On or near Oak Road,E01031598,Crawley 007C,Violence and sexual offences,Further investigation is not in the public interest,
ce39a67b6a080691257201d638a819af97eeeb2b5dfe514bd83f11ea78f92f1b,2017-03,Sussex Police,Sussex Police,-0.195702,51.111839,On or near Autumn Close,E01031598,Crawley 007C,Violence and sexual offences,Unable to prosecute suspect,
f04d41b1742de4ba14edef3b121216130b74d5d7f31047528ea6832f80c7440d,2017-03,Sussex Police,Sussex Police,-0.193803,51.112925,On or near Springfield Road,E01031598,Crawley 007C,Violence and sexual offences,Local resolution,
89c826866b4c1412e61e1aa5261e07333c5627eb40bd44560c2336e1061d0480,2017-03,Sussex Police,Sussex Police,-0.192767,51.110166,On or near Argyll Court,E01031598,Crawley 007C,Violence and sexual offences,Unable to prosecute suspect,
e0b666105c351055a46ee6131ed7d13a42cd59f988075bc390bf8615e515523a,2017-03,Sussex Police,Sussex Police,-0.195702,51.111839,On or near Autumn Close,E01031598,Crawley 007C,Violence and sexual offences,Status update unavailable,
5277e42e0c9475100c495f6d33548acc69d7e67237a07b8b73fb7e6fa45f65c7,2017-03,Sussex Police,Sussex Police,-0.195217,51.112560,On or near Oak Road,E01031598,Crawley 007C,Violence and sexual offences,Unable to prosecute suspect,
ee7b7593c845b76d9f64324aea364a42a6b63d2a3b787860e65fe2664be2a5d7,2017-03,Sussex Police,Sussex Police,-0.193538,51.109081,On or near Falmer Close,E01031598,Crawley 007C,Violence and sexual offences,Court case unable to proceed,
,2017-03,Sussex Police,Sussex Police,-0.193428,51.111903,On or near West Street,E01031599,Crawley 007D,Anti-social behaviour,,
0dbdba06aaff8a2a819ccf5149b0bdd758c38b87d370c95981b13b51ed3fb4de,2017-03,Sussex Police,Sussex Police,-0.188850,51.110618,On or near Barley Close,E01031599,Crawley 007D,Burglary,Unable to prosecute suspect,
726ed5ce08d1fb4ae9c0847788b04ccc355d85118760969f9e319ecaad691928,2017-03,Sussex Police,Sussex Police,-0.188632,51.111793,On or near East Park,E01031599,Crawley 007D,Burglary,Investigation complete; no suspect identified,
0453feebc85886ba216d10b5fd312c43151a352a1051446f48f30e2ef0e83671,2017-03,Sussex Police,Sussex Police,-0.188850,51.110618,On or near Barley Close,E01031599,Crawley 007D,Criminal damage and arson,Investigation complete; no suspect identified,
0f679f39bcb2e12acb87f9a33a536e06b817c8fd80afc08a33ce722c54662024,2017-03,Sussex Police,Sussex Police,-0.188850,51.110618,On or near Barley Close,E01031599,Crawley 007D,Other theft,Investigation complete; no suspect identified,
4d460202db78fe64cad19312d4275e9c8cedefb888b8f47edbefb0c6db7aa3e1,2017-03,Sussex Police,Sussex Police,-0.193428,51.111903,On or near West Street,E01031599,Crawley 007D,Vehicle crime,Investigation complete; no suspect identified,
c21e3c59599f2aba69946885f5234b37206ce1ce528fb078c95c3e0f05a01e41,2017-03,Sussex Police,Sussex Police,-0.186800,51.110793,On or near Clitherow Gardens,E01031599,Crawley 007D,Vehicle crime,Investigation complete; no suspect identified,
25831176fccbc866990fb69370f06670f91abad09e842312cd2f443195dd34d1,2017-03,Sussex Police,Sussex Police,-0.183910,51.110541,On or near Holmcroft,E01031599,Crawley 007D,Violence and sexual offences,Unable to prosecute suspect,
499e9b2aa6645100463a6da47f31cfcafa83670cd476b77da9cbd78bba2b1eec,2017-03,Sussex Police,Sussex Police,-0.193428,51.111903,On or near West Street,E01031599,Crawley 007D,Violence and sexual offences,Unable to prosecute suspect,
d976475cfca7e72d3ae1ccee317b88426cf2a635e7771682f6b86036a93a9a7f,2017-03,Sussex Police,Sussex Police,-0.188850,51.110618,On or near Barley Close,E01031599,Crawley 007D,Violence and sexual offences,Unable to prosecute suspect,
9aaddc111d00b11d458a75427e32e72c104a225e7eeb9c8c807566e9ff0b60bc,2017-03,Sussex Police,Sussex Police,-0.188850,51.110618,On or near Barley Close,E01031599,Crawley 007D,Violence and sexual offences,Status update unavailable,
,2017-03,Sussex Police,Sussex Police,-0.195193,51.115743,On or near St Peter'S Road,E01031608,Crawley 007E,Anti-social behaviour,,
,2017-03,Sussex Police,Sussex Police,-0.197575,51.116598,On or near Hospital,E01031608,Crawley 007E,Anti-social behaviour,,
,2017-03,Sussex Police,Sussex Police,-0.191538,51.116056,On or near Pegler Way,E01031608,Crawley 007E,Anti-social behaviour,,
,2017-03,Sussex Police,Sussex Police,-0.192543,51.114812,On or near A2219,E01031608,Crawley 007E,Anti-social behaviour,,
,2017-03,Sussex Police,Sussex Police,-0.191734,51.113954,On or near Haslett Avenue West,E01031608,Crawley 007E,Anti-social behaviour,,
,2017-03,Sussex Police,Sussex Police,-0.202173,51.114826,On or near Westfield Road,E01031608,Crawley 007E,Anti-social behaviour,,
,2017-03,Sussex Police,Sussex Police,-0.194385,51.115227,On or near St John'S Road,E01031608,Crawley 007E,Anti-social behaviour,,
,2017-03,Sussex Police,Sussex Police,-0.194385,51.115227,On or near St John'S Road,E01031608,Crawley 007E,Anti-social behaviour,,
,2017-03,Sussex Police,Sussex Police,-0.190180,51.115702,On or near High Street,E01031608,Crawley 007E,Anti-social behaviour,,
,2017-03,Sussex Police,Sussex Police,-0.195193,51.115743,On or near St Peter'S Road,E01031608,Crawley 007E,Anti-social behaviour,,
,2017-03,Sussex Police,Sussex Police,-0.195746,51.116966,On or near West Green Drive,E01031608,Crawley 007E,Anti-social behaviour,,
,2017-03,Sussex Police,Sussex Police,-0.195193,51.115743,On or near St Peter'S Road,E01031608,Crawley 007E,Anti-social behaviour,,
e9f99680b3cc53e2634d46b2719a10280ffb2fa4c3c9faf074093472e4b6ea4d,2017-03,Sussex Police,Sussex Police,-0.192364,51.115736,On or near Parking Area,E01031608,Crawley 007E,Bicycle theft,Investigation complete; no suspect identified,
2aa77900c35d723a9e29bd8be1a70f0f97d771fefbc3a402b467a03bbf84a597,2017-03,Sussex Police,Sussex Police,-0.193445,51.118432,On or near The Link,E01031608,Crawley 007E,Burglary,Investigation complete; no suspect identified,
b6735fb22f2832f3c8a0540afa5a5f234bc66fd9a9cc3771fa3e5105552e229d,2017-03,Sussex Police,Sussex Police,-0.192193,51.113530,On or near Supermarket,E01031608,Crawley 007E,Criminal damage and arson,Investigation complete; no suspect identified,
20a8b85bb96fcf2f0d21863d8245feb73850f2593279057f0feb4f491aa5cced,2017-03,Sussex Police,Sussex Police,-0.192364,51.115736,On or near Parking Area,E01031608,Crawley 007E,Criminal damage and arson,Investigation complete; no suspect identified,
7e8b2ec7931ef37a2d7d2fe2b3255910d0aca17f422216e2a6a628f6c6035753,2017-03,Sussex Police,Sussex Police,-0.196145,51.114427,On or near Horsham Road,E01031608,Crawley 007E,Criminal damage and arson,Investigation complete; no suspect identified,
14d73a2f7c632e30ead14fc4a114bf4c4340b76ecf26e08587ed25f5022a22ca,2017-03,Sussex Police,Sussex Police,-0.192364,51.115736,On or near Parking Area,E01031608,Crawley 007E,Criminal damage and arson,Unable to prosecute suspect,
3aa51107f26b7d2037ac7b2474d7fe621fb8b56e05e82848d5beb3537274ddef,2017-03,Sussex Police,Sussex Police,-0.191538,51.116056,On or near Pegler Way,E01031608,Crawley 007E,Drugs,Offender given a drugs possession warning,
644c3d06327792726c00c8ffb3bb4ccde1de704ab29a4a263d449f98f14d0dfa,2017-03,Sussex Police,Sussex Police,-0.191538,51.116056,On or near Pegler Way,E01031608,Crawley 007E,Other theft,Unable to prosecute suspect,
1cd910b7341f27b63de073ed79270731d98fc6f12d2e2df7b09b2f82c209524f,2017-03,Sussex Police,Sussex Police,-0.191538,51.116056,On or near Pegler Way,E01031608,Crawley 007E,Other theft,Unable to prosecute suspect,
cd6447067b842b8027c07d04b3864fa13266aa02a0cb9614b9ff845e3dc8d957,2017-03,Sussex Police,Sussex Police,-0.190604,51.113631,On or near Pegler Way,E01031608,Crawley 007E,Public order,Offender otherwise dealt with,
075dcc3e07f877b75c3eb51ec23e8ada281e421920a441141f89cfa9794f32d3,2017-03,Sussex Police,Sussex Police,-0.192193,51.113530,On or near Supermarket,E01031608,Crawley 007E,Public order,Investigation complete; no suspect identified,
068a03292bdb661c93860e423fab334641ce6199c2628e5c74dca81901bb35df,2017-03,Sussex Police,Sussex Police,-0.195193,51.115743,On or near St Peter'S Road,E01031608,Crawley 007E,Public order,Unable to prosecute suspect,
df65da62ced4714316e3c8724de17fd0af21bb4ed6f1d113782b68ba8b544192,2017-03,Sussex Police,Sussex Police,-0.191734,51.113954,On or near Haslett Avenue West,E01031608,Crawley 007E,Public order,Further investigation is not in the public interest,
4e06d426b8dae1c7dbf478975ae456ca0dd49f080e8519d56dbd178ec572a4f8,2017-03,Sussex Police,Sussex Police,-0.192193,51.113530,On or near Supermarket,E01031608,Crawley 007E,Shoplifting,Offender given community sentence,
810ca7af636553e781b927ba4e8912f23002facda09b35aeb6056dcbc4d83f25,2017-03,Sussex Police,Sussex Police,-0.192193,51.113530,On or near Supermarket,E01031608,Crawley 007E,Shoplifting,Local resolution,
d3d0c52ed29092c3e8271adaadc7da0644c896e2dcb371083ed58e3f8112f596,2017-03,Sussex Police,Sussex Police,-0.192193,51.113530,On or near Supermarket,E01031608,Crawley 007E,Shoplifting,Local resolution,
133dd1ca641e06609e37629574e5d9151029f42973899207dcd1b8330de3de87,2017-03,Sussex Police,Sussex Police,-0.192193,51.113530,On or near Supermarket,E01031608,Crawley 007E,Shoplifting,Offender given a caution,
287054c6423da115e3b8fa863d6a775eb393844b864ca867a8129a05e2ad2008,2017-03,Sussex Police,Sussex Police,-0.192193,51.113530,On or near Supermarket,E01031608,Crawley 007E,Shoplifting,Status update unavailable,
997a52f9ebbe105807f64c4f4dc61ab42b4542ec15c633c9f2f8f582b945af32,2017-03,Sussex Police,Sussex Police,-0.192193,51.113530,On or near Supermarket,E01031608,Crawley 007E,Shoplifting,Unable to prosecute suspect,
97f576a3faedeaf06f2918e54c539f8b397eaa6906be9624e7ef2d73032c457e,2017-03,Sussex Police,Sussex Police,-0.192193,51.113530,On or near Supermarket,E01031608,Crawley 007E,Shoplifting,Further investigation is not in the public interest,
ae637caad15a42ac017185d6ce2cb1bc9b77d1e5ea0bf21a7eb7f403e48d9e98,2017-03,Sussex Police,Sussex Police,-0.192193,51.113530,On or near Supermarket,E01031608,Crawley 007E,Shoplifting,Further investigation is not in the public interest,
871257e80f7dd20eae64f8f0faacb2db60b54a7cfd2f55823394312579f6f837,2017-03,Sussex Police,Sussex Police,-0.192193,51.113530,On or near Supermarket,E01031608,Crawley 007E,Shoplifting,Further investigation is not in the public interest,
0815da4f2c01274542362a68bec6ccdf5b9be0f09c77977a887b450360532d07,2017-03,Sussex Police,Sussex Police,-0.192193,51.113530,On or near Supermarket,E01031608,Crawley 007E,Shoplifting,Local resolution,
9a00d3cf1822f71cd320bd7772e6db193770a75f3447cd27d36d881e3b33c66d,2017-03,Sussex Police,Sussex Police,-0.196878,51.114672,On or near Prospect Place,E01031608,Crawley 007E,Vehicle crime,Unable to prosecute suspect,
2be20d4c1156d9358dca3d6d6b33e44c3c006b7a498e8c3bf85ceb9bda220c41,2017-03,Sussex Police,Sussex Police,-0.191538,51.116056,On or near Pegler Way,E01031608,Crawley 007E,Vehicle crime,Unable to prosecute suspect,
133d627a581013e4e267e3b433daaf546d08083cac73b04e3118a7265d08e9b8,2017-03,Sussex Police,Sussex Police,-0.193789,51.113276,On or near Parking Area,E01031608,Crawley 007E,Violence and sexual offences,Investigation complete; no suspect identified,
e2329d74d8f30fb1eb47fa1a20ce445ba506f94b60a93f0a63998cd493619064,2017-03,Sussex Police,Sussex Police,-0.192193,51.113530,On or near Supermarket,E01031608,Crawley 007E,Violence and sexual offences,Investigation complete; no suspect identified,
d7e1d1c77894289464fa4afa7aceeb966936a5818ecc95b3f3f09d953b16b52a,2017-03,Sussex Police,Sussex Police,-0.202173,51.114826,On or near Westfield Road,E01031608,Crawley 007E,Violence and sexual offences,Unable to prosecute suspect,
22b4a2e583cd4c9324b58d8faa9164455a5a6883fdf8f49cfdc686110cd545f9,2017-03,Sussex Police,Sussex Police,-0.198398,51.114902,On or near Princess Road,E01031608,Crawley 007E,Violence and sexual offences,Unable to prosecute suspect,
d21cae2dd1751a4f4098ac87fcd11079df8f889d85ad18d8e83336a6b1e742d3,2017-03,Sussex Police,Sussex Police,-0.196878,51.114672,On or near Prospect Place,E01031608,Crawley 007E,Violence and sexual offences,Unable to prosecute suspect,
6478b634acf036a25371eb70d86ad791b74843440c924160e9442ecaa7604589,2017-03,Sussex Police,Sussex Police,-0.196878,51.114672,On or near Prospect Place,E01031608,Crawley 007E,Violence and sexual offences,Unable to prosecute suspect,
363e2a2cad10e9b8e7cab982c397ec882f055700c3369e3e400ad8b91c11497f,2017-03,Sussex Police,Sussex Police,-0.197575,51.116598,On or near Hospital,E01031608,Crawley 007E,Violence and sexual offences,Status update unavailable,
0ed8f5e62aeffca2e917d3274582261187e22d8e234ace4871a2b861d123f64e,2017-03,Sussex Police,Sussex Police,-0.194385,51.115227,On or near St John'S Road,E01031608,Crawley 007E,Violence and sexual offences,Unable to prosecute suspect,
7498cb5a47bc81c2412331a9716d0134f60c181f0cc0ed045f2f19294e6e0da2,2017-03,Sussex Police,Sussex Police,-0.197575,51.116598,On or near Hospital,E01031608,Crawley 007E,Violence and sexual offences,Status update unavailable,
d5466e01852c6daaca9b67d487ea8f91970cd4f1ee36056f4688dc0b90e5794f,2017-03,Sussex Police,Sussex Police,-0.190180,51.115702,On or near High Street,E01031608,Crawley 007E,Violence and sexual offences,Offender given a caution,
a9fa38863fcee4b3349214e2c422e3c00f688810c1743f02dcf8d238d13b3d3e,2017-03,Sussex Police,Sussex Police,-0.197575,51.116598,On or near Hospital,E01031608,Crawley 007E,Violence and sexual offences,Status update unavailable,
76a899bed3a3538e46b6aae4687e515a0b3ba3ae49fb6475b4aacfffe07ba440,2017-03,Sussex Police,Sussex Police,-0.191538,51.116056,On or near Pegler Way,E01031608,Crawley 007E,Violence and sexual offences,Status update unavailable,
e4955c053dcc02ab3dbb053ed09bb0494c98831c4f01238afdee45e3d6b3b239,2017-03,Sussex Police,Sussex Police,-0.197575,51.116598,On or near Hospital,E01031608,Crawley 007E,Violence and sexual offences,Status update unavailable,
f63d94334a899edb12baca8b40584aecfab49a4391cc19d9a5e8b751f4f856bb,2017-03,Sussex Police,Sussex Police,-0.197575,51.116598,On or near Hospital,E01031608,Crawley 007E,Violence and sexual offences,Status update unavailable,
f12809a81442f86f2aac31df4f4db12e3792e2b0e407b2bbe64a34cb589593d9,2017-03,Sussex Police,Sussex Police,-0.197575,51.116598,On or near Hospital,E01031608,Crawley 007E,Violence and sexual offences,Status update unavailable,
1ac4a225d541f263d8635975b94b87d7da043f0383899c38c33a72699cbbc8df,2017-03,Sussex Police,Sussex Police,-0.193789,51.113276,On or near Parking Area,E01031608,Crawley 007E,Violence and sexual offences,Unable to prosecute suspect,
ce174e68b023229529af0e62339cf443d03fffff9ba0bd92642d34e19fe14053,2017-03,Sussex Police,Sussex Police,-0.192364,51.115736,On or near Parking Area,E01031608,Crawley 007E,Violence and sexual offences,Court result unavailable,
,2017-03,Sussex Police,Sussex Police,-0.156724,51.108722,On or near Newman Close,E01031578,Crawley 008A,Anti-social behaviour,,
c205a7042a0e316fe2f8ba9977763e20585cb08162a4f3bc44407e852abe2baf,2017-03,Sussex Police,Sussex Police,-0.150048,51.109903,On or near Temple Close,E01031578,Crawley 008A,Burglary,Investigation complete; no suspect identified,
b2778b40f100a37edb877b886de0f6b419410a0472658822dc7c6b38e646db95,2017-03,Sussex Police,Sussex Police,-0.154702,51.110354,On or near Westminster Road,E01031578,Crawley 008A,Burglary,Investigation complete; no suspect identified,
5e55e6d92672d43662cca9b852898183908af39f785665035aeb400d6c7fc710,2017-03,Sussex Police,Sussex Police,-0.153061,51.111371,On or near Jacobean Close,E01031578,Crawley 008A,Criminal damage and arson,Status update unavailable,
,2017-03,Sussex Police,Sussex Police,-0.153193,51.107353,On or near Supermarket,E01031580,Crawley 008B,Anti-social behaviour,,
,2017-03,Sussex Police,Sussex Police,-0.153193,51.107353,On or near Supermarket,E01031580,Crawley 008B,Anti-social behaviour,,
,2017-03,Sussex Police,Sussex Police,-0.150398,51.106518,On or near Delfont Close,E01031580,Crawley 008B,Anti-social behaviour,,
,2017-03,Sussex Police,Sussex Police,-0.153193,51.107353,On or near Supermarket,E01031580,Crawley 008B,Anti-social behaviour,,
,2017-03,Sussex Police,Sussex Police,-0.153193,51.107353,On or near Supermarket,E01031580,Crawley 008B,Anti-social behaviour,,
,2017-03,Sussex Police,Sussex Police,-0.153193,51.107353,On or near Supermarket,E01031580,Crawley 008B,Anti-social behaviour,,
,2017-03,Sussex Police,Sussex Police,-0.153193,51.107353,On or near Supermarket,E01031580,Crawley 008B,Anti-social behaviour,,
,2017-03,Sussex Police,Sussex Police,-0.153193,51.107353,On or near Supermarket,E01031580,Crawley 008B,Anti-social behaviour,,
,2017-03,Sussex Police,Sussex Police,-0.148267,51.108705,On or near Evans Close,E01031580,Crawley 008B,Anti-social behaviour,,
,2017-03,Sussex Police,Sussex Police,-0.153193,51.107353,On or near Supermarket,E01031580,Crawley 008B,Anti-social behaviour,,
,2017-03,Sussex Police,Sussex Police,-0.153193,51.107353,On or near Supermarket,E01031580,Crawley 008B,Anti-social behaviour,,
,2017-03,Sussex Police,Sussex Police,-0.153193,51.107353,On or near Supermarket,E01031580,Crawley 008B,Anti-social behaviour,,
,2017-03,Sussex Police,Sussex Police,-0.154511,51.107257,On or near Garrett Close,E01031580,Crawley 008B,Anti-social behaviour,,
,2017-03,Sussex Police,Sussex Police,-0.154511,51.107257,On or near Garrett Close,E01031580,Crawley 008B,Anti-social behaviour,,
,2017-03,Sussex Police,Sussex Police,-0.153193,51.107353,On or near Supermarket,E01031580,Crawley 008B,Anti-social behaviour,,
,2017-03,Sussex Police,Sussex Police,-0.153193,51.107353,On or near Supermarket,E01031580,Crawley 008B,Anti-social behaviour,,
,2017-03,Sussex Police,Sussex Police,-0.153193,51.107353,On or near Supermarket,E01031580,Crawley 008B,Anti-social behaviour,,
,2017-03,Sussex Police,Sussex Police,-0.153193,51.107353,On or near Supermarket,E01031580,Crawley 008B,Anti-social behaviour,,
,2017-03,Sussex Police,Sussex Police,-0.153193,51.107353,On or near Supermarket,E01031580,Crawley 008B,Anti-social behaviour,,
,2017-03,Sussex Police,Sussex Police,-0.153193,51.107353,On or near Supermarket,E01031580,Crawley 008B,Anti-social behaviour,,
e74b3c12dc4de56b81bd9d9998774f57bdd473d50daf1b44d6041a1778b01fdf,2017-03,Sussex Police,Sussex Police,-0.146655,51.106504,On or near Grayrigg Road,E01031580,Crawley 008B,Bicycle theft,Investigation complete; no suspect identified,
43bbd630b0dc2d72a50c21785e10be076a418bdbecb023e1bc4b373bf1fa9d7e,2017-03,Sussex Police,Sussex Police,-0.146824,51.107648,On or near Drury Close,E01031580,Crawley 008B,Burglary,Further investigation is not in the public interest,
6e2ef61c623b5c44d153a332bf5ec564bffbe53a3c7f134ceb9d9bb3db39fd75,2017-03,Sussex Police,Sussex Police,-0.153193,51.107353,On or near Supermarket,E01031580,Crawley 008B,Public order,Investigation complete; no suspect identified,
738c98082a9c0ba97a3d444f3726c942f9fa2b0c5c4de26e830b5ddea2e98ef0,2017-03,Sussex Police,Sussex Police,-0.145823,51.109107,On or near Olivier Road,E01031580,Crawley 008B,Violence and sexual offences,Further investigation is not in the public interest,
59aa7fa856abcc0e1388a5bc4a656522dced050a970f4fba32746861ef459f41,2017-03,Sussex Police,Sussex Police,-0.146513,51.104352,On or near Pagewood Close,E01031580,Crawley 008B,Violence and sexual offences,Status update unavailable,
30e327b8d4b9dbc155430dd7513afa0b2cf3a8cf5573f279f889e56eb6db94cc,2017-03,Sussex Police,Sussex Police,-0.153193,51.107353,On or near Supermarket,E01031580,Crawley 008B,Violence and sexual offences,Unable to prosecute suspect,
,2017-03,Sussex Police,Sussex Police,-0.149896,51.101896,On or near Boleyn Close,E01031581,Crawley 008C,Anti-social behaviour,,
a7e2b6e483ddbd9986b943e8752c913e6a75b2f6164beab8a7b3be48c3a1014f,2017-03,Sussex Police,Sussex Police,-0.149896,51.101896,On or near Boleyn Close,E01031581,Crawley 008C,Burglary,Investigation complete; no suspect identified,
8d27b9dd45254f11be5914ed14f871c6efc5a144afcc6445e6cf3e7ae8f969dc,2017-03,Sussex Police,Sussex Police,-0.153157,51.099646,On or near Gabriel Road,E01031581,Crawley 008C,Criminal damage and arson,Investigation complete; no suspect identified,
74c85357afba47c62f2de9031ae5e6074538bb05d83717b2f4bfbef2bb01a117,2017-03,Sussex Police,Sussex Police,-0.150535,51.104865,On or near Sports/Recreation Area,E01031581,Crawley 008C,Violence and sexual offences,Formal action is not in the public interest,
,2017-03,Sussex Police,Sussex Police,-0.144504,51.109932,On or near Bethune Close,E01031592,Crawley 008D,Anti-social behaviour,,
,2017-03,Sussex Police,Sussex Police,-0.140740,51.112597,On or near Edgar Close,E01031592,Crawley 008D,Anti-social behaviour,,
698d6e6453b58acd09e83835c6dc5bcf7e34926f0aa47f850600d02a5a14ee40,2017-03,Sussex Police,Sussex Police,-0.147209,51.115874,On or near Petrol Station,E01031592,Crawley 008D,Burglary,Investigation complete; no suspect identified,
f3a5d7030ab51fa5b9ee0c81375105f3e4f8ba58426a7e44619687aa05fbbee1,2017-03,Sussex Police,Sussex Police,-0.138843,51.119977,On or near M23,E01031592,Crawley 008D,Criminal damage and arson,Investigation complete; no suspect identified,
ad96576f7687b3e75d1b445f5f51b6d2575f9d151c8cd2ef80c38a9c664f97e2,2017-03,Sussex Police,Sussex Police,-0.147209,51.115874,On or near Petrol Station,E01031592,Crawley 008D,Drugs,Local resolution,
db2028097f682a260880f004e78ec0a554297ff5887e41506a4b2bef8e2e22da,2017-03,Sussex Police,Sussex Police,-0.141157,51.115382,On or near Crowhurst Keep,E01031592,Crawley 008D,Public order,Unable to prosecute suspect,
f5bc93db558e609109f6f3d23d8674ff6bdd82e2e1a09981c51dcb98271c2cc3,2017-03,Sussex Police,Sussex Police,-0.147209,51.115874,On or near Petrol Station,E01031592,Crawley 008D,Public order,Further investigation is not in the public interest,
0f02d140aea7ae59737455d740ef92cdc8f09a2f5d8c6e5dfe016ad9383649cf,2017-03,Sussex Police,Sussex Police,-0.141157,51.115382,On or near Crowhurst Keep,E01031592,Crawley 008D,Public order,Investigation complete; no suspect identified,
,2017-03,Sussex Police,Sussex Police,-0.165352,51.103318,On or near Highdown Court,E01031560,Crawley 009A,Anti-social behaviour,,
f81ec4bb5ca9f74d27714a8537f46e36c8fb67790556622cee631ff43d8f06de,2017-03,Sussex Police,Sussex Police,-0.171599,51.098128,On or near Tilgate Drive,E01031560,Crawley 009A,Drugs,Offender given a drugs possession warning,
6476e93672441948e354aa5275a935024e18f00469f4c7e8b9c1bfd02e65d9f4,2017-03,Sussex Police,Sussex Police,-0.169316,51.103506,On or near Longwood View,E01031560,Crawley 009A,Public order,Status update unavailable,
0859a5f915e9c5ea491a8ce42516d8184717762081bc0046307edcf95b81dc05,2017-03,Sussex Police,Sussex Police,-0.171599,51.098128,On or near Tilgate Drive,E01031560,Crawley 009A,Vehicle crime,Investigation complete; no suspect identified,
7a3942a75458113aac7e74b5ba5bfa5f69acfdfba002b06e305cf0da438b4c77,2017-03,Sussex Police,Sussex Police,-0.163112,51.104695,On or near Marion Road,E01031560,Crawley 009A,Violence and sexual offences,Court result unavailable,
e4b8fa33662d70fa18bca485e4be2c50f407dd4afab177d892d33585306f182e,2017-03,Sussex Police,Sussex Police,-0.163112,51.104695,On or near Marion Road,E01031560,Crawley 009A,Violence and sexual offences,Unable to prosecute suspect,
bc1f709b10550e3d2457c15b86c5770ab7fdb6e707ed76c320e8bf964d92a7dd,2017-03,Sussex Police,Sussex Police,-0.170797,51.102162,On or near Rillside,E01031560,Crawley 009A,Violence and sexual offences,Unable to prosecute suspect,
a9f68db950858a0d26cb19a43fe2c9e7663ef24cae760aeb2661c5504611c963,2017-03,Sussex Police,Sussex Police,-0.163112,51.104695,On or near Marion Road,E01031560,Crawley 009A,Violence and sexual offences,Unable to prosecute suspect,
1fc5058244825f3c73eaf572334f604ba9390fa9ad7b2be1895afa57af5fa514,2017-03,Sussex Police,Sussex Police,-0.168847,51.103805,On or near Linden Close,E01031560,Crawley 009A,Violence and sexual offences,Offender given a caution,
,2017-03,Sussex Police,Sussex Police,-0.172467,51.109806,On or near The Chase,E01031561,Crawley 009B,Anti-social behaviour,,
,2017-03,Sussex Police,Sussex Police,-0.166937,51.112354,On or near Dedisham Close,E01031561,Crawley 009B,Anti-social behaviour,,
,2017-03,Sussex Police,Sussex Police,-0.172467,51.109806,On or near The Chase,E01031561,Crawley 009B,Anti-social behaviour,,
6e1c1c46249d722eb67da326304930031c2827c02bc5ff10533a7e8533f2eaa7,2017-03,Sussex Police,Sussex Police,-0.174513,51.111546,On or near Theatre/Concert Hall,E01031561,Crawley 009B,Criminal damage and arson,Investigation complete; no suspect identified,
fcb3fe47d29c7abf260964d237a8383a6cf8a9239823dfd1986fa4a97d8529f9,2017-03,Sussex Police,Sussex Police,-0.165732,51.112488,On or near Chiddingly Close,E01031561,Crawley 009B,Criminal damage and arson,Further investigation is not in the public interest,
b3225db3882cdb2c2c538fd49b9f234d989202f981e4f6fe8ce83cb3b2564179,2017-03,Sussex Police,Sussex Police,-0.165732,51.112488,On or near Chiddingly Close,E01031561,Crawley 009B,Other theft,Investigation complete; no suspect identified,
c962a9413a8eed58787d02d3e42661923dc965657408a58b4810317a5390a67e,2017-03,Sussex Police,Sussex Police,-0.172467,51.109806,On or near The Chase,E01031561,Crawley 009B,Public order,Investigation complete; no suspect identified,
24f698eae2b2c8a0b8dc7cc65b46a6915748399c0abe147f2465689dbb9166af,2017-03,Sussex Police,Sussex Police,-0.166014,51.110775,On or near Greenacres,E01031561,Crawley 009B,Violence and sexual offences,Offender given community sentence,
22a93f3854e7cca1ed654f2205ff2b72b3fd8443363d12cab456c553b94bf4ba,2017-03,Sussex Police,Sussex Police,-0.166937,51.112354,On or near Dedisham Close,E01031561,Crawley 009B,Violence and sexual offences,Action to be taken by another organisation,
855ca9909f0677431df4ff1d0ecd93d7b466e85eb9cff855a04efdcf9a014624,2017-03,Sussex Police,Sussex Police,-0.169344,51.111115,On or near Coltash Road,E01031561,Crawley 009B,Violence and sexual offences,Investigation complete; no suspect identified,
,2017-03,Sussex Police,Sussex Police,-0.166441,51.106842,On or near Ashburnham Road,E01031562,Crawley 009C,Anti-social behaviour,,
,2017-03,Sussex Police,Sussex Police,-0.166441,51.106842,On or near Ashburnham Road,E01031562,Crawley 009C,Anti-social behaviour,,
,2017-03,Sussex Police,Sussex Police,-0.165230,51.105322,On or near Warnham Road,E01031562,Crawley 009C,Anti-social behaviour,,
,2017-03,Sussex Police,Sussex Police,-0.165230,51.105322,On or near Warnham Road,E01031562,Crawley 009C,Anti-social behaviour,,
4d1856d1eb15931618613f9787d05eb7dba4c0e87d8aaa9bfb93f8b9c60e799e,2017-03,Sussex Police,Sussex Police,-0.166811,51.109780,On or near Water Lea,E01031562,Crawley 009C,Criminal damage and arson,Investigation complete; no suspect identified,
973d44e00cbff24285c88bec0b5ab0dd010fa36939bea5b7687ce0f8cbb41bc2,2017-03,Sussex Police,Sussex Police,-0.166811,51.109780,On or near Water Lea,E01031562,Crawley 009C,Criminal damage and arson,Unable to prosecute suspect,
e0f5bdc1ae22223fb263e610cf899ac7bfb43681eef70434b0bb576d79304e47,2017-03,Sussex Police,Sussex Police,-0.168515,51.107127,On or near Furnace Parade,E01031562,Crawley 009C,Criminal damage and arson,Unable to prosecute suspect,
33fd700aacf7558552d6c24b7c805fafa1016c9fbd6a5b03dbfe659f464a3317,2017-03,Sussex Police,Sussex Police,-0.164488,51.108916,On or near Norwich Road,E01031562,Crawley 009C,Criminal damage and arson,Investigation complete; no suspect identified,
18a073b922ae50b9825d2d19022ab12bc299795e1efcfebc9914d9b95765cb55,2017-03,Sussex Police,Sussex Police,-0.164621,51.105897,On or near Strudgate Close,E01031562,Crawley 009C,Criminal damage and arson,Investigation complete; no suspect identified,
9476ff8444e000461c92b8779a0165a5d613db5146addfc1c34f6ba1cca7e50e,2017-03,Sussex Police,Sussex Police,-0.165230,51.105322,On or near Warnham Road,E01031562,Crawley 009C,Criminal damage and arson,Investigation complete; no suspect identified,
81b36cf90a342f2069453ff590621632b3e7dea2408c7be1443e12392b2d9ace,2017-03,Sussex Police,Sussex Police,-0.166441,51.106842,On or near Ashburnham Road,E01031562,Crawley 009C,Other theft,Unable to prosecute suspect,
e1e323434ebf41e46ff0350fbb60a727f22151e8b63da17e3e1c3d86b6b98d41,2017-03,Sussex Police,Sussex Police,-0.168645,51.107830,On or near Furnace Place,E01031562,Crawley 009C,Shoplifting,Investigation complete; no suspect identified,
3bc18a085d1607990dd65ee072a86c1d7b580ab4dfa0cec262f006e11c98efe7,2017-03,Sussex Police,Sussex Police,-0.168515,51.107127,On or near Furnace Parade,E01031562,Crawley 009C,Theft from the person,Investigation complete; no suspect identified,
0d39b411d9593b8634aab0365ba0a39bb74ac3e89046632ce2fd9801ee0f1c7f,2017-03,Sussex Police,Sussex Police,-0.164488,51.108916,On or near Norwich Road,E01031562,Crawley 009C,Violence and sexual offences,Unable to prosecute suspect,
1c481d9752f10b0fb8ebbc5fa79fd93178deebabacdcd2ab61673d636cead2b2,2017-03,Sussex Police,Sussex Police,-0.164621,51.105897,On or near Strudgate Close,E01031562,Crawley 009C,Violence and sexual offences,Unable to prosecute suspect,
81e654273b4758c1d46e528377c627bd1a7444223a0e4a45c3fcaead6eb97dfa,2017-03,Sussex Police,Sussex Police,-0.168645,51.107830,On or near Furnace Place,E01031562,Crawley 009C,Violence and sexual offences,Court result unavailable,
c4d807fbf14230ba4fad6f0a112ee72fa23e41a2c061b8283e497efbc7a960ed,2017-03,Sussex Police,Sussex Police,-0.168645,51.107830,On or near Furnace Place,E01031562,Crawley 009C,Violence and sexual offences,Unable to prosecute suspect,
038c9e0516ed09018ebf18f08dc8bb10ce1ca62d8a48da45856844f7dc9fe97e,2017-03,Sussex Police,Sussex Police,-0.165230,51.105322,On or near Warnham Road,E01031562,Crawley 009C,Violence and sexual offences,Unable to prosecute suspect,
38cc2e239e07c8941315b8996f6a55a38e868bac43650db1a340579eb900d390,2017-03,Sussex Police,Sussex Police,-0.168645,51.107830,On or near Furnace Place,E01031562,Crawley 009C,Violence and sexual offences,Investigation complete; no suspect identified,
301bb7de9555c19c7903d867974631f7d195f3142245895571b91f6d74baf3cb,2017-03,Sussex Police,Sussex Police,-0.167143,51.105720,On or near Furnace Farm Road,E01031562,Crawley 009C,Other crime,Status update unavailable,
,2017-03,Sussex Police,Sussex Police,-0.171268,51.106163,On or near Aintree Road,E01031563,Crawley 009D,Anti-social behaviour,,
2f8d6fb970c8248b40207fbd3523e7490d124962928facf8fd256f9f2c2bec18,2017-03,Sussex Police,Sussex Police,-0.172658,51.104961,On or near Sylvan Road,E01031563,Crawley 009D,Criminal damage and arson,Investigation complete; no suspect identified,
cb60a2d30ff85303b3df26a06ce11add17e3e2798bd1a7403e9802edcec40551,2017-03,Sussex Police,Sussex Police,-0.174002,51.106745,On or near Furnace Drive,E01031563,Crawley 009D,Violence and sexual offences,Investigation complete; no suspect identified,
,2017-03,Sussex Police,Sussex Police,-0.158812,51.106516,On or near Maidenbower Lane,E01031579,Crawley 009E,Anti-social behaviour,,
,2017-03,Sussex Police,Sussex Police,-0.157121,51.104124,On or near Watson Close,E01031579,Crawley 009E,Anti-social behaviour,,
ac05555c9dc095e35d9ab045ed8f831d90e16ace6ee3a37455e7932bb7cbce9d,2017-03,Sussex Police,Sussex Police,-0.157121,51.104124,On or near Watson Close,E01031579,Crawley 009E,Public order,Investigation complete; no suspect identified,
5722076fc02e96b830ab9607120d0f0fe34e4af15903f5315a652bfccc19e56a,2017-03,Sussex Police,Sussex Police,-0.229078,51.102439,On or near Masefield Road,E01031547,Crawley 010A,Criminal damage and arson,Court result unavailable,
a9b7dc35db5c28384b3df92a76033fdff67b57ee7423aaef668263e17e503dda,2017-03,Sussex Police,Sussex Police,-0.230208,51.100163,On or near Manorfields,E01031547,Crawley 010A,Criminal damage and arson,Investigation complete; no suspect identified,
2fbc6ff74c11666cc40b3d145a5fe01d50be7ccc6b4676e4466fb30e535a1320,2017-03,Sussex Police,Sussex Police,-0.228629,51.102235,On or near Allcot Close,E01031547,Crawley 010A,Other theft,Unable to prosecute suspect,
663ffa7e2fdce5fc84f3b0571d4108829e7feff25e4d1d818a3f4d7088a29bcd,2017-03,Sussex Police,Sussex Police,-0.229388,51.097687,On or near Horsham Road,E01031547,Crawley 010A,Public order,Investigation complete; no suspect identified,
0f308e3177106e9bddacde6dc1e541f1ed84afd749988fd99bfcf59dc6334637,2017-03,Sussex Police,Sussex Police,-0.229078,51.102439,On or near Masefield Road,E01031547,Crawley 010A,Violence and sexual offences,Offender sent to prison,
,2017-03,Sussex Police,Sussex Police,-0.226499,51.105997,On or near Capricorn Close,E01031548,Crawley 010B,Anti-social behaviour,,
,2017-03,Sussex Police,Sussex Police,-0.226159,51.102188,On or near Wesley Close,E01031548,Crawley 010B,Anti-social behaviour,,
,2017-03,Sussex Police,Sussex Police,-0.226783,51.103448,On or near Booth Road,E01031548,Crawley 010B,Anti-social behaviour,,
,2017-03,Sussex Police,Sussex Police,-0.222441,51.103813,On or near Supermarket,E01031548,Crawley 010B,Anti-social behaviour,,
,2017-03,Sussex Police,Sussex Police,-0.226499,51.105997,On or near Capricorn Close,E01031548,Crawley 010B,Anti-social behaviour,,
,2017-03,Sussex Police,Sussex Police,-0.222441,51.103813,On or near Supermarket,E01031548,Crawley 010B,Anti-social behaviour,,
,2017-03,Sussex Police,Sussex Police,-0.228992,51.103571,On or near Ransome Close,E01031548,Crawley 010B,Anti-social behaviour,,
,2017-03,Sussex Police,Sussex Police,-0.226159,51.102188,On or near Wesley Close,E01031548,Crawley 010B,Anti-social behaviour,,
,2017-03,Sussex Police,Sussex Police,-0.222441,51.103813,On or near Supermarket,E01031548,Crawley 010B,Anti-social behaviour,,
,2017-03,Sussex Police,Sussex Police,-0.218611,51.103863,On or near Madehurst Court,E01031548,Crawley 010B,Anti-social behaviour,,
,2017-03,Sussex Police,Sussex Police,-0.222441,51.103813,On or near Supermarket,E01031548,Crawley 010B,Anti-social behaviour,,
2d3b5cfcb8bb7252c9f1b7e688bc8537b3b64673bf08a64fc2a70a8628a5a922,2017-03,Sussex Police,Sussex Police,-0.226159,51.102188,On or near Wesley Close,E01031548,Crawley 010B,Criminal damage and arson,Unable to prosecute suspect,
44d18132214dad5eb1da86e4a9088f1c6b8b94a0e304ece4b2ff8ab60d225288,2017-03,Sussex Police,Sussex Police,-0.220207,51.104319,On or near Byrd Road,E01031548,Crawley 010B,Drugs,Offender sent to prison,
d0cc6fd71380433ecc5b8d83a5049d32910617b4300211f15759d23ebf1accd1,2017-03,Sussex Police,Sussex Police,-0.222441,51.103813,On or near Supermarket,E01031548,Crawley 010B,Other theft,Unable to prosecute suspect,
d8897d86d7efcafd87ef24e3798148953c8f3a510448bee15e6fefdd902edc0e,2017-03,Sussex Police,Sussex Police,-0.222441,51.103813,On or near Supermarket,E01031548,Crawley 010B,Public order,Status update unavailable,
def48de5824855eabf3710959bda7708d0ce84c1c8cdc533e09ed9f02b52d16f,2017-03,Sussex Police,Sussex Police,-0.222441,51.103813,On or near Supermarket,E01031548,Crawley 010B,Shoplifting,Investigation complete; no suspect identified,
d59dea7ad41b698618fd6c0ba9326f76d1922ac4d9ad29524663e22465fb952c,2017-03,Sussex Police,Sussex Police,-0.222441,51.103813,On or near Supermarket,E01031548,Crawley 010B,Shoplifting,Court result unavailable,
235622c2623510fca9d1056b34781c0653dece31b7f46ffdd71926df2c58f6e0,2017-03,Sussex Police,Sussex Police,-0.222441,51.103813,On or near Supermarket,E01031548,Crawley 010B,Shoplifting,Court result unavailable,
ab96bb7c2cb87c8e480cbdfb5659c1fb82d6025f02dbd7bb8f51fabc7ccbcee3,2017-03,Sussex Police,Sussex Police,-0.222881,51.104243,On or near Goodwin Close,E01031548,Crawley 010B,Vehicle crime,Status update unavailable,
e0cd14cdd2e2a9e80c3114c8472f7d7494fc6d04f64464620f3d148f61735250,2017-03,Sussex Police,Sussex Police,-0.222441,51.103813,On or near Supermarket,E01031548,Crawley 010B,Violence and sexual offences,Unable to prosecute suspect,
806fc3f4f69b85ffba606e038ca89b6d10142a6e7c4d9466f835d2d8e92e765b,2017-03,Sussex Police,Sussex Police,-0.222441,51.103813,On or near Supermarket,E01031548,Crawley 010B,Violence and sexual offences,Unable to prosecute suspect,
a65283179f06c263b3f763df05b9e9ad666299dcaf373e70371f645f2d078b81,2017-03,Sussex Police,Sussex Police,-0.220207,51.104319,On or near Byrd Road,E01031548,Crawley 010B,Violence and sexual offences,Court case unable to proceed,
91ebb58f2fa05e94ba11805796a2c0932d2df2295394446e6cf2bb73cd9b959d,2017-03,Sussex Police,Sussex Police,-0.225462,51.104003,On or near Vanbrugh Close,E01031548,Crawley 010B,Violence and sexual offences,Unable to prosecute suspect,
2487083de680f37836af7a747c253552b929d182f9d721922710e1103fd7d28d,2017-03,Sussex Police,Sussex Police,-0.222881,51.104243,On or near Goodwin Close,E01031548,Crawley 010B,Violence and sexual offences,Unable to prosecute suspect,
df43cc24368c463d60bdb4d17922ca2d1ffc7280a925ffd3dc431192dbd116de,2017-03,Sussex Police,Sussex Police,-0.226499,51.105997,On or near Capricorn Close,E01031548,Crawley 010B,Violence and sexual offences,Further investigation is not in the public interest,
11770f915500c8892e795275a7fe3227ec054aca6060e6882aa34b205c1b10ea,2017-03,Sussex Police,Sussex Police,-0.222441,51.103813,On or near Supermarket,E01031548,Crawley 010B,Violence and sexual offences,Unable to prosecute suspect,
8b1d2d2d658997adc5abe7ad17c8b5a3f20a852468e485b44e6a7082653f80d7,2017-03,Sussex Police,Sussex Police,-0.227267,51.102736,On or near Bunyan Close,E01031548,Crawley 010B,Violence and sexual offences,Status update unavailable,
564a55a38ab8900f169435c2f20c205cca32f3dcad6c9fff07164c1031f3e729,2017-03,Sussex Police,Sussex Police,-0.222881,51.104243,On or near Goodwin Close,E01031548,Crawley 010B,Violence and sexual offences,Status update unavailable,
26727f8f603df5495801adae6c472f71ed15239e766d9045582e7577f9c4d4f8,2017-03,Sussex Police,Sussex Police,-0.219796,51.104609,On or near Arne Close,E01031548,Crawley 010B,Violence and sexual offences,Unable to prosecute suspect,
d0dd5dfcf4552d2c1e54ebc274fe058804bce44c6c8efdfd2a2ff035dfcae61e,2017-03,Sussex Police,Sussex Police,-0.226499,51.105997,On or near Capricorn Close,E01031548,Crawley 010B,Other crime,Court result unavailable,
,2017-03,Sussex Police,Sussex Police,-0.213106,51.102142,On or near Gunning Close,E01031549,Crawley 010C,Anti-social behaviour,,
,2017-03,Sussex Police,Sussex Police,-0.220699,51.104165,On or near Britten Close,E01031549,Crawley 010C,Anti-social behaviour,,
bbf69241e04d0163034d6b360a73f16cca32a52a3d2672d09c5945527cb0bba9,2017-03,Sussex Police,Sussex Police,-0.217202,51.101476,On or near Salvington Road,E01031549,Crawley 010C,Criminal damage and arson,Investigation complete; no suspect identified,
ecbe7603f1ef2f328a47db46b14c384410ab2a137ce1ac6d1cacc53ecff4dfb6,2017-03,Sussex Police,Sussex Police,-0.225540,51.101198,On or near Washington Road,E01031549,Crawley 010C,Criminal damage and arson,Investigation complete; no suspect identified,
bbc4d14d89bd62b5017934090eef8d6085da2c00adfe5b6510e1e9b286060d89,2017-03,Sussex Police,Sussex Police,-0.220257,51.102656,On or near Tallis Close,E01031549,Crawley 010C,Violence and sexual offences,Unable to prosecute suspect,
aee183ca310c82d9174363885966644e48121c2bd8ee3dc9ea215aff2aaa33df,2017-03,Sussex Police,Sussex Police,-0.218389,51.102924,On or near Bolney Court,E01031549,Crawley 010C,Violence and sexual offences,Unable to prosecute suspect,
7d06ac035f0f2382269cd93db5f4aedda989bb645d7e3e965c0c1174fdd27d21,2017-03,Sussex Police,Sussex Police,-0.219005,51.101036,On or near Meridian Close,E01031549,Crawley 010C,Violence and sexual offences,Offender sent to prison,
,2017-03,Sussex Police,Sussex Police,-0.228908,51.106510,On or near Andromeda Close,E01031550,Crawley 010D,Anti-social behaviour,,
,2017-03,Sussex Police,Sussex Police,-0.224944,51.105947,On or near Lutyens Close,E01031550,Crawley 010D,Anti-social behaviour,,
,2017-03,Sussex Police,Sussex Police,-0.228908,51.106510,On or near Andromeda Close,E01031550,Crawley 010D,Anti-social behaviour,,
,2017-03,Sussex Police,Sussex Police,-0.225266,51.106878,On or near Comper Close,E01031550,Crawley 010D,Anti-social behaviour,,
,2017-03,Sussex Police,Sussex Police,-0.224944,51.105947,On or near Lutyens Close,E01031550,Crawley 010D,Anti-social behaviour,,
,2017-03,Sussex Police,Sussex Police,-0.225266,51.106878,On or near Comper Close,E01031550,Crawley 010D,Anti-social behaviour,,
45802a77ba09716ff716ab5a7d2b75e5370473954b00701fd5566ce8a57fd589,2017-03,Sussex Police,Sussex Police,-0.228908,51.106510,On or near Andromeda Close,E01031550,Crawley 010D,Criminal damage and arson,Further investigation is not in the public interest,
61f42bc50679dfb5aedc2fac8e4fe89757898f7269584e91bbba3e6c4a3166bf,2017-03,Sussex Police,Sussex Police,-0.229759,51.105939,On or near Gemini Close,E01031550,Crawley 010D,Criminal damage and arson,Investigation complete; no suspect identified,
26807e3abc8ff51ed2860c122242767e28fbc460cbb17644d815b193c3dd86c4,2017-03,Sussex Police,Sussex Police,-0.226002,51.110046,On or near Behenna Close,E01031550,Crawley 010D,Criminal damage and arson,Investigation complete; no suspect identified,
775e5c95ad21329c8226815f62d7f7667d6a5809267c39714b381d5f87e5dd61,2017-03,Sussex Police,Sussex Police,-0.226002,51.110046,On or near Behenna Close,E01031550,Crawley 010D,Drugs,Offender given a drugs possession warning,
45acd3676c60518db5921dfa4b15fbb8d32fd21094fcd3c0ad0c5077327256d7,2017-03,Sussex Police,Sussex Police,-0.225424,51.107231,On or near Soane Close,E01031550,Crawley 010D,Robbery,Unable to prosecute suspect,
df4781b7d710457c4029ad219dba5c449fdc5beb4047c6f19cce72450cf13c4b,2017-03,Sussex Police,Sussex Police,-0.225424,51.107231,On or near Soane Close,E01031550,Crawley 010D,Robbery,Investigation complete; no suspect identified,
c4af6633e4e1e8944d58e021ecf0a11723a95aa8e41fe9b7cfa44018e2bd005a,2017-03,Sussex Police,Sussex Police,-0.226002,51.110046,On or near Behenna Close,E01031550,Crawley 010D,Violence and sexual offences,Offender given community sentence,
c4051f318921c7986a4950beebe7acc8e33d35e6598c6072a53e95756ca1c517,2017-03,Sussex Police,Sussex Police,-0.221617,51.106652,On or near Morecambe Close,E01031550,Crawley 010D,Violence and sexual offences,Unable to prosecute suspect,
ec3128818836ca675dafa864765743a21b040a3befb2d4be69d82b368aa8b87d,2017-03,Sussex Police,Sussex Police,-0.228735,51.108432,On or near Samaritan Close,E01031550,Crawley 010D,Violence and sexual offences,Unable to prosecute suspect,
d3deafbc7ae850e8a6133ddc6aca89c7e306d5a43ce7acc7fd417e40eb9cd84d,2017-03,Sussex Police,Sussex Police,-0.221617,51.106652,On or near Morecambe Close,E01031550,Crawley 010D,Violence and sexual offences,Unable to prosecute suspect,
58fd45d771a574fcb0bd47986b35d0857c154e37e135dd417111c917445e585e,2017-03,Sussex Police,Sussex Police,-0.226002,51.110046,On or near Behenna Close,E01031550,Crawley 010D,Violence and sexual offences,Court result unavailable,
09d07a8bb66de5255d02266cea6acf1f72bb3b49df5a41b54244758c6d9001a3,2017-03,Sussex Police,Sussex Police,-0.221617,51.106652,On or near Morecambe Close,E01031550,Crawley 010D,Violence and sexual offences,Unable to prosecute suspect,
,2017-03,Sussex Police,Sussex Police,-0.227605,51.111446,On or near Laws Close,E01031569,Crawley 010E,Anti-social behaviour,,
,2017-03,Sussex Police,Sussex Police,-0.234427,51.109013,On or near Langdale Road,E01031569,Crawley 010E,Anti-social behaviour,,
f7b1a37bbae1bb457e52732b0d19627e35a66cdb897e6200c144c24ff578aeea,2017-03,Sussex Police,Sussex Police,-0.227605,51.111446,On or near Laws Close,E01031569,Crawley 010E,Burglary,Investigation complete; no suspect identified,
35156896a5f0b822044a3da11d14d015b8634f88482b8719cbe4c871362bac8e,2017-03,Sussex Police,Sussex Police,-0.232801,51.109681,On or near Kittiwake Close,E01031569,Crawley 010E,Criminal damage and arson,Unable to prosecute suspect,
cb192b39a07a0f3c764c6a918e8b03683862bc889e84dca2569ef504b582f700,2017-03,Sussex Police,Sussex Police,-0.231661,51.111867,On or near Prestwick Close,E01031569,Crawley 010E,Criminal damage and arson,Investigation complete; no suspect identified,
33153161821ec3edfe9d155988cf07d3840ce39e744fb6602f6716e00d2510cb,2017-03,Sussex Police,Sussex Police,-0.229137,51.110237,On or near Stackfield Road,E01031569,Crawley 010E,Violence and sexual offences,Offender given absolute discharge,
3cd52123fb8acede61f42ed5fa52cbbc73a3788137d7b71d34c92f148cfd0d3a,2017-03,Sussex Police,Sussex Police,-0.229402,51.110412,On or near Tunnmeade,E01031569,Crawley 010E,Other crime,Court result unavailable,
,2017-03,Sussex Police,Sussex Police,-0.188722,51.106938,On or near Baker Close,E01031595,Crawley 011A,Anti-social behaviour,,
,2017-03,Sussex Police,Sussex Police,-0.188722,51.106938,On or near Baker Close,E01031595,Crawley 011A,Anti-social behaviour,,
,2017-03,Sussex Police,Sussex Police,-0.182393,51.107325,On or near Hawth Avenue,E01031595,Crawley 011A,Anti-social behaviour,,
5f3a854b2079330887ff185c8314e84ba1e68bcf74f8cf404a9982c91ff15276,2017-03,Sussex Police,Sussex Police,-0.188722,51.106938,On or near Baker Close,E01031595,Crawley 011A,Criminal damage and arson,Investigation complete; no suspect identified,
d3129551e82fcdda13ecace4a9a711f6abca7c665f5c98e892444c93dbd0a44e,2017-03,Sussex Police,Sussex Police,-0.185191,51.105903,On or near Fletcher Close,E01031595,Crawley 011A,Criminal damage and arson,Investigation complete; no suspect identified,
9b685246256ab9901a4450de7d8bf4afb9057768b5fd58bedfa215cae1a9a9bb,2017-03,Sussex Police,Sussex Police,-0.190926,51.104652,On or near Barrington Road,E01031595,Crawley 011A,Criminal damage and arson,Unable to prosecute suspect,
d904d6dffd30c09049d16931721f48c3b03a8a8fd6e8f2b4ed4b560df30e40a1,2017-03,Sussex Police,Sussex Police,-0.186802,51.106369,On or near Southgate Drive,E01031595,Crawley 011A,Drugs,Unable to prosecute suspect,
da0e6f18312168ce40b03e41b1fbde876dc16ef88385285e8f0b898671e7dd53,2017-03,Sussex Police,Sussex Police,-0.187652,51.105456,On or near Collier Row,E01031595,Crawley 011A,Public order,Further investigation is not in the public interest,
5b8817fc13cbe19e937eb3b3b27a385945509b42fa2eca3fd128a938e1c6c97c,2017-03,Sussex Police,Sussex Police,-0.185191,51.105903,On or near Fletcher Close,E01031595,Crawley 011A,Public order,Further investigation is not in the public interest,
a37cf0733ddc1a1882bbdca73b8657f9245c38d95d21e2cca512fcbb0fab42de,2017-03,Sussex Police,Sussex Police,-0.186378,51.103682,On or near Southgate Avenue,E01031595,Crawley 011A,Public order,Unable to prosecute suspect,
1f0ec9b27026528757ec34fd2d0b0370305edeb9c1883a52c94ca89d5b1eea75,2017-03,Sussex Police,Sussex Police,-0.188722,51.106938,On or near Baker Close,E01031595,Crawley 011A,Vehicle crime,Investigation complete; no suspect identified,
44d6074af7340e04fff33db8976184732d29cb3c411ae5c7023d569c2a69f1ad,2017-03,Sussex Police,Sussex Police,-0.185950,51.108064,On or near Hawth Close,E01031595,Crawley 011A,Violence and sexual offences,Unable to prosecute suspect,
af5baf56b0a24f0377509f6f4120f2737b9ad957046ce9fd00d88dab9b63b7a7,2017-03,Sussex Police,Sussex Police,-0.183866,51.106188,On or near Forester Road,E01031595,Crawley 011A,Violence and sexual offences,Unable to prosecute suspect,
e2b5f2c13bf5631a8d4c8c0e043e4659583b5a22e9a82ccdb8dbe57f5e16ddc3,2017-03,Sussex Police,Sussex Police,-0.190926,51.104652,On or near Barrington Road,E01031595,Crawley 011A,Violence and sexual offences,Unable to prosecute suspect,
81e604cd50c39d6e8880a98c8f0fcfc4cfb262aa3780e7946ae90039ef2bec93,2017-03,Sussex Police,Sussex Police,-0.186802,51.106369,On or near Southgate Drive,E01031595,Crawley 011A,Violence and sexual offences,Unable to prosecute suspect,
eb2ea6f0012afaf7e30c7d35a91f95f1a2bb710322f50a4617b01b90e596fa9b,2017-03,Sussex Police,Sussex Police,-0.188742,51.104249,On or near Cooper Row,E01031595,Crawley 011A,Violence and sexual offences,Status update unavailable,
3e56bb05f02aa30dd3657dbaad07563e013bf130e82f0fbb9ffd1bee8e65fc72,2017-03,Sussex Police,Sussex Police,-0.188722,51.106938,On or near Baker Close,E01031595,Crawley 011A,Violence and sexual offences,Further investigation is not in the public interest,
2b852e4c1f0e9be4f2cc265f82ce77af51e70b5473961c996bed5569a91b4d75,2017-03,Sussex Police,Sussex Police,-0.188722,51.106938,On or near Baker Close,E01031595,Crawley 011A,Violence and sexual offences,Investigation complete; no suspect identified,
1d357e36e25d924b7445c99dbda0f7783267a4d1e4a05e480c2653557f0a43a1,2017-03,Sussex Police,Sussex Police,-0.190926,51.104652,On or near Barrington Road,E01031595,Crawley 011A,Violence and sexual offences,Unable to prosecute suspect,
,2017-03,Sussex Police,Sussex Police,-0.176226,51.098875,On or near Constable Road,E01031604,Crawley 011B,Anti-social behaviour,,
,2017-03,Sussex Police,Sussex Police,-0.176226,51.098875,On or near Constable Road,E01031604,Crawley 011B,Anti-social behaviour,,
,2017-03,Sussex Police,Sussex Police,-0.180500,51.102053,On or near Tilgate Parade,E01031604,Crawley 011B,Anti-social behaviour,,
,2017-03,Sussex Police,Sussex Police,-0.175141,51.100297,On or near Parking Area,E01031604,Crawley 011B,Anti-social behaviour,,
ceeb2d33d1dc9648b741319fe2e18f88b8fdcc27b4ea7f1bb6fd5737d69680c8,2017-03,Sussex Police,Sussex Police,-0.175141,51.100297,On or near Parking Area,E01031604,Crawley 011B,Burglary,Investigation complete; no suspect identified,
7c389def1ac0fc56b61ef07a5c5c9afd04f60d8a44e9c4a93b4a1453fcd14d05,2017-03,Sussex Police,Sussex Police,-0.176940,51.104318,On or near Loppets Road,E01031604,Crawley 011B,Criminal damage and arson,Investigation complete; no suspect identified,
c6cd91082b7cc23e59ffc6c600faffa0c19a2d50c31671ed636d160a42698d43,2017-03,Sussex Police,Sussex Police,-0.178228,51.100624,On or near Hogarth Road,E01031604,Crawley 011B,Criminal damage and arson,Investigation complete; no suspect identified,
11f99b88542783110a7750bbab0b204a492f4dcb4c8879078a0ad0bf69bd63ce,2017-03,Sussex Police,Sussex Police,-0.179023,51.099647,On or near Titmus Drive,E01031604,Crawley 011B,Criminal damage and arson,Investigation complete; no suspect identified,
4dc486008b813a8ee3f4a1e34ed47d6712e31e9c9a877d4956031bbfcb5ee8af,2017-03,Sussex Police,Sussex Police,-0.178228,51.100624,On or near Hogarth Road,E01031604,Crawley 011B,Criminal damage and arson,Investigation complete; no suspect identified,
a03596da56b363ebaef345ea5f13d5db1699f438f80a7188ac0c953852372b84,2017-03,Sussex Police,Sussex Police,-0.179023,51.099647,On or near Titmus Drive,E01031604,Crawley 011B,Criminal damage and arson,Investigation complete; no suspect identified,
e1b4e5b2b7b2cb4a2160058d6775d176ff1d7c80ce3b52781fc1154de727d991,2017-03,Sussex Police,Sussex Police,-0.181502,51.102006,On or near Supermarket,E01031604,Crawley 011B,Public order,Investigation complete; no suspect identified,
24ed7f00b27db066dc3e06e7921292ef1d3ffbe3147de0e9cf563aa9ac051a4b,2017-03,Sussex Police,Sussex Police,-0.180500,51.102053,On or near Tilgate Parade,E01031604,Crawley 011B,Public order,Further investigation is not in the public interest,
a03db2a389698b948df6ec19c33e0c1148726e6e99e77e5f6f20351a55840b37,2017-03,Sussex Police,Sussex Police,-0.181502,51.102006,On or near Supermarket,E01031604,Crawley 011B,Shoplifting,Unable to prosecute suspect,
9f0cce7e4ba1319f5776055fcdc9dd5d56afbb8cf4fca6ad716fe77e9e9e53e3,2017-03,Sussex Police,Sussex Police,-0.177120,51.100831,On or near Holbein Road,E01031604,Crawley 011B,Vehicle crime,Investigation complete; no suspect identified,
acb5729c073355343c94bd909e17312ce088f08004a3e2557a351b924033b2fc,2017-03,Sussex Police,Sussex Police,-0.180500,51.102053,On or near Tilgate Parade,E01031604,Crawley 011B,Violence and sexual offences,Unable to prosecute suspect,
c1f42dc0d7e9a8b5bc8b3a999080fd9dd7a453ea8e7619deb333397b7e2f4e79,2017-03,Sussex Police,Sussex Police,-0.178990,51.102308,On or near Petrol Station,E01031604,Crawley 011B,Violence and sexual offences,Investigation complete; no suspect identified,
9581fb9da712e3797708262c766b569c5b54e3f83f858d78bff64e0dcd926462,2017-03,Sussex Police,Sussex Police,-0.177238,51.102542,On or near Ross Close,E01031604,Crawley 011B,Violence and sexual offences,Court result unavailable,
583d3a0c456c66228cb3b7ebae5c3c189712a7b36b32b231a61ac909738ed37a,2017-03,Sussex Police,Sussex Police,-0.177556,51.101719,On or near Whistler Close,E01031604,Crawley 011B,Violence and sexual offences,Unable to prosecute suspect,
ea015807d1bde2ec516da303df085971f101dd0bc266dfd0587800a198740c43,2017-03,Sussex Police,Sussex Police,-0.177556,51.101719,On or near Whistler Close,E01031604,Crawley 011B,Other crime,Unable to prosecute suspect,
,2017-03,Sussex Police,Sussex Police,-0.192458,51.100521,On or near Sports/Recreation Area,E01031605,Crawley 011C,Anti-social behaviour,,
,2017-03,Sussex Police,Sussex Police,-0.186307,51.100749,On or near Whittington Road,E01031605,Crawley 011C,Anti-social behaviour,,
,2017-03,Sussex Police,Sussex Police,-0.192458,51.100521,On or near Sports/Recreation Area,E01031605,Crawley 011C,Anti-social behaviour,,
,2017-03,Sussex Police,Sussex Police,-0.187547,51.100472,On or near Caxton Close,E01031605,Crawley 011C,Anti-social behaviour,,
8216f3024fc615d37fd10bd9ca22310f63b8f23664324972baaf2759fa216441,2017-03,Sussex Police,Sussex Police,-0.192458,51.100521,On or near Sports/Recreation Area,E01031605,Crawley 011C,Bicycle theft,Investigation complete; no suspect identified,
98a5f0a906d40c7ee0bf1c6f0737fccff1ef3b70195b4f197f0a22c5d4b84efe,2017-03,Sussex Police,Sussex Police,-0.192458,51.100521,On or near Sports/Recreation Area,E01031605,Crawley 011C,Bicycle theft,Investigation complete; no suspect identified,
da41a5dfbd91cb2a71d7094086369e3936de6c368ec3f39487cd30866a7fae96,2017-03,Sussex Police,Sussex Police,-0.192458,51.100521,On or near Sports/Recreation Area,E01031605,Crawley 011C,Bicycle theft,Unable to prosecute suspect,
66c10f41001b64e1f30ae8248270192c612e6f276503bcea8a7310048daab8f3,2017-03,Sussex Police,Sussex Police,-0.192458,51.100521,On or near Sports/Recreation Area,E01031605,Crawley 011C,Bicycle theft,Investigation complete; no suspect identified,
c8acf40254bad64da315d75a3029f29842747053267d5f3ad6d336ee5d54066a,2017-03,Sussex Police,Sussex Police,-0.185185,51.101685,On or near Gresham Walk,E01031605,Crawley 011C,Burglary,Investigation complete; no suspect identified,
379e1c9f6cec66b68592cb7664427fe8c3d226498cf7853721ecb2c299638dc6,2017-03,Sussex Police,Sussex Police,-0.185070,51.100253,On or near Chantrey Road,E01031605,Crawley 011C,Burglary,Investigation complete; no suspect identified,
e3b45ffa105ddf37a16b1871666383d0517053a696fd6fbdbf0650d2d4d4daf2,2017-03,Sussex Police,Sussex Police,-0.192458,51.100521,On or near Sports/Recreation Area,E01031605,Crawley 011C,Other theft,Action to be taken by another organisation,
2906f38191ab771a43a21d15bb6fa0af2880df4a69ed58cb2b306dbc0f98eb6c,2017-03,Sussex Police,Sussex Police,-0.192458,51.100521,On or near Sports/Recreation Area,E01031605,Crawley 011C,Other theft,Unable to prosecute suspect,
582e587c63b224731d53c1ee4c6d0fa4c8e371623c630fda62a678e9238214d1,2017-03,Sussex Police,Sussex Police,-0.185324,51.102883,On or near Boswell Road,E01031605,Crawley 011C,Violence and sexual offences,Unable to prosecute suspect,
b413418f64fcdcf8bf48fd50a965f3dd7a5294b93c41a3efa914929b8c713fd4,2017-03,Sussex Police,Sussex Police,-0.186307,51.100749,On or near Whittington Road,E01031605,Crawley 011C,Violence and sexual offences,Offender given community sentence,
1fadd8377181bcbf0a0fcac354323ba7ee46ce7d9810f6d381bcf280551c3b67,2017-03,Sussex Police,Sussex Police,-0.185324,51.102883,On or near Boswell Road,E01031605,Crawley 011C,Violence and sexual offences,Unable to prosecute suspect,
6c57b555624b8c3a6a011c2aed712a452e519449b20dfc2add8c369274891dc0,2017-03,Sussex Police,Sussex Police,-0.192458,51.100521,On or near Sports/Recreation Area,E01031605,Crawley 011C,Violence and sexual offences,Unable to prosecute suspect,
725b95381f354c3ee60089791b55b98f3b549430beae526ffc09ebc22a4c7b36,2017-03,Sussex Police,Sussex Police,-0.185324,51.102883,On or near Boswell Road,E01031605,Crawley 011C,Violence and sexual offences,Unable to prosecute suspect,
d9eb5ca2dbd61979b8647fce7827b81753e0e878934a53cfff601e802d5d49de,2017-03,Sussex Police,Sussex Police,-0.186775,51.103023,On or near Dickens Road,E01031605,Crawley 011C,Violence and sexual offences,Unable to prosecute suspect,
4d6784e541d22a3747675ce33e1d449d3cb97b47a1b2dba314c86fb96470860a,2017-03,Sussex Police,Sussex Police,-0.192458,51.100521,On or near Sports/Recreation Area,E01031605,Crawley 011C,Violence and sexual offences,Status update unavailable,
c7ca4a9f62e57170af4351318cd67676cbee1f2099f1c0042753a26da8c50d7c,2017-03,Sussex Police,Sussex Police,-0.187547,51.100472,On or near Caxton Close,E01031605,Crawley 011C,Other crime,Investigation complete; no suspect identified,
,2017-03,Sussex Police,Sussex Police,-0.180602,51.097270,On or near Wells Road,E01031606,Crawley 011D,Anti-social behaviour,,
,2017-03,Sussex Police,Sussex Police,-0.182681,51.097420,On or near Worcester Road,E01031606,Crawley 011D,Anti-social behaviour,,
,2017-03,Sussex Police,Sussex Police,-0.178751,51.097493,On or near Salisbury Road,E01031606,Crawley 011D,Anti-social behaviour,,
,2017-03,Sussex Police,Sussex Police,-0.179826,51.098490,On or near Ely Close,E01031606,Crawley 011D,Anti-social behaviour,,
,2017-03,Sussex Police,Sussex Police,-0.194031,51.093513,On or near Forest Gate,E01031606,Crawley 011D,Anti-social behaviour,,
,2017-03,Sussex Police,Sussex Police,-0.180602,51.097270,On or near Wells Road,E01031606,Crawley 011D,Anti-social behaviour,,
b2a5e3f94e15dde6e1213f4881dbabb158a0d60240bbf05cceb332633d85d1c8,2017-03,Sussex Police,Sussex Police,-0.179826,51.098490,On or near Ely Close,E01031606,Crawley 011D,Criminal damage and arson,Investigation complete; no suspect identified,
6f5ff0a62c744ae7547502b948312779b5a1b788e91709031e8085e165439168,2017-03,Sussex Police,Sussex Police,-0.185246,51.096128,On or near Parking Area,E01031606,Crawley 011D,Criminal damage and arson,Investigation complete; no suspect identified,
a4bf43525d9ba441b93ef24629352aa7849099b4d90bf3a0f09a01e628889b85,2017-03,Sussex Police,Sussex Police,-0.185335,51.097128,On or near Exeter Close,E01031606,Crawley 011D,Other theft,Investigation complete; no suspect identified,
62a3ffe0915c3d6031033556432b0c8674cb135d27f2720217245b940e1e4b90,2017-03,Sussex Police,Sussex Police,-0.178751,51.097493,On or near Salisbury Road,E01031606,Crawley 011D,Other theft,Unable to prosecute suspect,
e8f1a519dd710cb10eeee1b37960ceeee63c9b11125c414ed101ba23c88194dd,2017-03,Sussex Police,Sussex Police,-0.185246,51.096128,On or near Parking Area,E01031606,Crawley 011D,Public order,Investigation complete; no suspect identified,
c1e8ef3bb9a40ef7dd69ae4d3d1f5574151ca42d4e33e0f0226a7b00807f8de7,2017-03,Sussex Police,Sussex Police,-0.182681,51.097420,On or near Worcester Road,E01031606,Crawley 011D,Vehicle crime,Investigation complete; no suspect identified,
88080c856ee735f98e7f31e15a628d96a4a8554cf3adcd67413ac38ddcb6fe75,2017-03,Sussex Police,Sussex Police,-0.181911,51.099575,On or near York Road,E01031606,Crawley 011D,Vehicle crime,Investigation complete; no suspect identified,
90fa5e5db0655d3fc1e782a5831d368b1708438be64df19f8b5a3e640b9baf9d,2017-03,Sussex Police,Sussex Police,-0.182681,51.097420,On or near Worcester Road,E01031606,Crawley 011D,Vehicle crime,Investigation complete; no suspect identified,
28c5fd68fe233ee3c8e65dd0170783107674fd5319433e140b151057444e4409,2017-03,Sussex Police,Sussex Police,-0.182681,51.097420,On or near Worcester Road,E01031606,Crawley 011D,Vehicle crime,Investigation complete; no suspect identified,
a897b65c3ee93e43c10988508eeec82b6ea673bc0d50af7235524ce8ea8d9ee9,2017-03,Sussex Police,Sussex Police,-0.178751,51.097493,On or near Salisbury Road,E01031606,Crawley 011D,Violence and sexual offences,Unable to prosecute suspect,
8823c825928d4a4d60afe32ceb06564345d79ea4b09d21cd9546a6f20c45ec32,2017-03,Sussex Police,Sussex Police,-0.182906,51.098979,On or near Durham Close,E01031606,Crawley 011D,Violence and sexual offences,Unable to prosecute suspect,
09d92c8e7f8465c2e816b601f14097fef6de1eaa9819b7896431782b7c313a0c,2017-03,Sussex Police,Sussex Police,-0.180790,51.100475,On or near Lincoln Close,E01031606,Crawley 011D,Violence and sexual offences,Action to be taken by another organisation,
7e6e0a24a3919c436dd29412478be2f78daba7e78bf6fce22b13beb6319df636,2017-03,Sussex Police,Sussex Police,-0.182390,51.098296,On or near Winchester Road,E01031606,Crawley 011D,Violence and sexual offences,Unable to prosecute suspect,
86f44bf53ccdabbbd5b37ee3dd89bcd59c8be6c385d93f246f433a11db181253,2017-03,Sussex Police,Sussex Police,-0.182390,51.098296,On or near Winchester Road,E01031606,Crawley 011D,Violence and sexual offences,Unable to prosecute suspect,
44c7918b3ee61c40e065485abd811ed2d46ceec977512b6a4c91c1b15ee7d059,2017-03,Sussex Police,Sussex Police,-0.180790,51.100475,On or near Lincoln Close,E01031606,Crawley 011D,Violence and sexual offences,Court result unavailable,
01752ff93d714779d635543e62256fe447ec93aec217c5c86b823b328b775c37,2017-03,Sussex Police,Sussex Police,-0.182674,51.104524,On or near Hawkins Road,E01031607,Crawley 011E,Other theft,Status update unavailable,
dc1b30d5612a660d83c254a0de2a5d0872bdb9f5994c3548d777e7e59c325274,2017-03,Sussex Police,Sussex Police,-0.180122,51.103675,On or near Shackleton Road,E01031607,Crawley 011E,Other theft,Investigation complete; no suspect identified,
734345bb866c8eb50260d751a0dbb905946d151b4521a4205f9d7ba04db5c22e,2017-03,Sussex Police,Sussex Police,-0.181496,51.103966,On or near Drake Road,E01031607,Crawley 011E,Violence and sexual offences,Status update unavailable,
,2017-03,Sussex Police,Sussex Police,-0.213158,51.103771,On or near Patrington Close,E01031546,Crawley 012A,Anti-social behaviour,,
,2017-03,Sussex Police,Sussex Police,-0.213158,51.103771,On or near Patrington Close,E01031546,Crawley 012A,Anti-social behaviour,,
8671ced11e52d68929f8c49adbd9326483f304622206919df40732125ce6c4b7,2017-03,Sussex Police,Sussex Police,-0.213158,51.103771,On or near Patrington Close,E01031546,Crawley 012A,Burglary,Investigation complete; no suspect identified,
e02d9c231be958bc14f7ec7701b9fc02d2b537d6f49c3e162d1433d37520ab47,2017-03,Sussex Police,Sussex Police,-0.213158,51.103771,On or near Patrington Close,E01031546,Crawley 012A,Drugs,Awaiting court outcome,
09816e03364e9881f70ec7841ab057f2639aa7d046570c1ea01e0c6896e43662,2017-03,Sussex Police,Sussex Police,-0.213274,51.101857,On or near Kingsley Road,E01031546,Crawley 012A,Public order,Status update unavailable,
b1d3e2d3d8d1d6858ba8779bf9d9e17a4146af87008dd9c42f41b9fe5537a388,2017-03,Sussex Police,Sussex Police,-0.210890,51.102567,On or near Argus Walk,E01031546,Crawley 012A,Violence and sexual offences,Unable to prosecute suspect,
60d608d76d09b8a86acc1644c7faf8434674051828e3d2a53f829d2a51b2c4a3,2017-03,Sussex Police,Sussex Police,-0.213158,51.103771,On or near Patrington Close,E01031546,Crawley 012A,Violence and sexual offences,Unable to prosecute suspect,
ed4b2f289d5e2eaa5fb5c345d667ba1916436e5eabb60d291dcd9593adf9e918,2017-03,Sussex Police,Sussex Police,-0.213158,51.103771,On or near Patrington Close,E01031546,Crawley 012A,Violence and sexual offences,Unable to prosecute suspect,
d0a4794c75f739a7e15fae75fb95733cc799b598a1a337bf35ede1e50f0a2324,2017-03,Sussex Police,Sussex Police,-0.213158,51.103771,On or near Patrington Close,E01031546,Crawley 012A,Violence and sexual offences,Unable to prosecute suspect,
d79332b8ac74636047cf21783ea59c16dfd9c26beb6607e83a68ad1eaf0ef66a,2017-03,Sussex Police,Sussex Police,-0.213158,51.103771,On or near Patrington Close,E01031546,Crawley 012A,Violence and sexual offences,Unable to prosecute suspect,
0724fc47b23e91f53a5d973b977724bd94485ab94d9d35942f44d767bb3a7a0b,2017-03,Sussex Police,Sussex Police,-0.211153,51.103884,On or near Monarch Close,E01031546,Crawley 012A,Violence and sexual offences,Unable to prosecute suspect,
,2017-03,Sussex Police,Sussex Police,-0.216198,51.103826,On or near Wisborough Court,E01031551,Crawley 012B,Anti-social behaviour,,
,2017-03,Sussex Police,Sussex Police,-0.219062,51.106622,On or near Juxon Close,E01031551,Crawley 012B,Anti-social behaviour,,
327424ddd98d4d386d50dc594c3c15186ba7749db63f9fc423ff946d927c9a54,2017-03,Sussex Police,Sussex Police,-0.218891,51.105846,On or near Otway Close,E01031551,Crawley 012B,Criminal damage and arson,Investigation complete; no suspect identified,
2a09bae68eae5b032bdfa6773e7a50e407dd4ddffba1540186536f22b01d060d,2017-03,Sussex Police,Sussex Police,-0.216922,51.105789,On or near Twyne Close,E01031551,Crawley 012B,Vehicle crime,Investigation complete; no suspect identified,
7257ef54d8cf945345eab4b49b1fabd29f46eabb97ec15c89b6be54decc53613,2017-03,Sussex Police,Sussex Police,-0.218486,51.104509,On or near Petworth Court,E01031551,Crawley 012B,Violence and sexual offences,Action to be taken by another organisation,
,2017-03,Sussex Police,Sussex Police,-0.209720,51.096623,On or near Selsey Road,E01031553,Crawley 012C,Anti-social behaviour,,
,2017-03,Sussex Police,Sussex Police,-0.210281,51.094653,On or near Harvey Close,E01031553,Crawley 012C,Anti-social behaviour,,
4da026e45466c752f4b2e4140208b77962213ce88edde564ae7238e05bd66eeb,2017-03,Sussex Police,Sussex Police,-0.210281,51.094653,On or near Harvey Close,E01031553,Crawley 012C,Possession of weapons,Status update unavailable,
fbf40a176196fe2d0459f1bcbb2d75ae86ed8112c6fd43d35cc5e874a2b832a4,2017-03,Sussex Police,Sussex Police,-0.213563,51.096223,On or near Broadwood Rise,E01031553,Crawley 012C,Possession of weapons,Status update unavailable,
b33aaf6142f059b4ff6ebfc954091b3cc9905c3823e15aa5b4463b4a8401517a,2017-03,Sussex Police,Sussex Police,-0.213563,51.096223,On or near Broadwood Rise,E01031553,Crawley 012C,Vehicle crime,Investigation complete; no suspect identified,
8fbbd3b9e1ef50626b8b08ad5fcf15e685e74f59e80f5ba7d2b72985b63273a3,2017-03,Sussex Police,Sussex Police,-0.209720,51.096623,On or near Selsey Road,E01031553,Crawley 012C,Violence and sexual offences,Status update unavailable,
ab96d56ae7d62a93c373482a85be719d220474915458f6339baaa466cf2cc843,2017-03,Sussex Police,Sussex Police,-0.213960,51.093315,On or near Pedestrian Subway,E01031553,Crawley 012C,Violence and sexual offences,Offender given conditional discharge,
,2017-03,Sussex Police,Sussex Police,-0.213888,51.099267,On or near Herm Close,E01031554,Crawley 012D,Anti-social behaviour,,
8ccf2e270a7cc3c8252212905a5cc4efedd57ec0c438897c4a832f13d630724d,2017-03,Sussex Police,Sussex Police,-0.211470,51.098259,On or near Pedestrian Subway,E01031554,Crawley 012D,Drugs,Offender fined,
1ad1c7d8002cc183de4896c16729c0e1f76408f19e2ee7511befa73f1c64eed5,2017-03,Sussex Police,Sussex Police,-0.218537,51.098709,On or near St Sampson Road,E01031554,Crawley 012D,Drugs,Offender given a drugs possession warning,
1ad07071a7a17efdf689ed6d9c41da13e403429f8affad3e16391bdaba87d6a8,2017-03,Sussex Police,Sussex Police,-0.207356,51.097558,On or near Petrol Station,E01031554,Crawley 012D,Other theft,Unable to prosecute suspect,
c9ac159e3edd8f110c10d09fddaea8d1e80d69fa62e3902987e46a92cfd39b75,2017-03,Sussex Police,Sussex Police,-0.211551,51.096543,On or near Seaford Road,E01031554,Crawley 012D,Violence and sexual offences,Unable to prosecute suspect,
c8e3e79def77e4b9f1ea0d7bab3822a1534dc16d47e26f8396682bb60bc280ab,2017-03,Sussex Police,Sussex Police,-0.213898,51.098638,On or near Sark Close,E01031554,Crawley 012D,Violence and sexual offences,Status update unavailable,
,2017-03,Sussex Police,Sussex Police,-0.205972,51.103409,On or near Rona Close,E01031555,Crawley 012E,Anti-social behaviour,,
,2017-03,Sussex Police,Sussex Police,-0.207782,51.100199,On or near Caraway Close,E01031555,Crawley 012E,Anti-social behaviour,,
,2017-03,Sussex Police,Sussex Police,-0.209543,51.101188,On or near Samphire Close,E01031555,Crawley 012E,Anti-social behaviour,,
acaf53930b5d702fe849d1a476e6fbeb4c1d7a9dd5ae4a70a4defa2d7b56cd67,2017-03,Sussex Police,Sussex Police,-0.207781,51.099848,On or near Seymour Road,E01031555,Crawley 012E,Criminal damage and arson,Investigation complete; no suspect identified,
6b52fce07b0743e922b230ea1f0865321f4e5191ad8a688eaab9131a852dad25,2017-03,Sussex Police,Sussex Police,-0.207981,51.101704,On or near Bilberry Close,E01031555,Crawley 012E,Public order,Further investigation is not in the public interest,
e9e6e152fb2295cd28d6e0e89f1ffcaf7e0ba6e481bca24215a41df55d0955ce,2017-03,Sussex Police,Sussex Police,-0.207981,51.101704,On or near Bilberry Close,E01031555,Crawley 012E,Public order,Status update unavailable,
b5d4d0aafda1b40b7dbff7f3be782d7cbe78b70c6d7b999a92b44fea28a8b815,2017-03,Sussex Police,Sussex Police,-0.207981,51.101704,On or near Bilberry Close,E01031555,Crawley 012E,Public order,Unable to prosecute suspect,
bae93f8180e584bbe2c9c8e78f4b74bcdcd7551716439313a0cf7cdad62fd4d0,2017-03,Sussex Police,Sussex Police,-0.207150,51.101035,On or near Teasel Close,E01031555,Crawley 012E,Violence and sexual offences,Unable to prosecute suspect,
e5a9d040c4524d4ec469fc15e75d314a0356114dddc42739e6ad095530179d4e,2017-03,Sussex Police,Sussex Police,-0.207150,51.101035,On or near Teasel Close,E01031555,Crawley 012E,Violence and sexual offences,Investigation complete; no suspect identified,
b57caa3aa0e278592876203fac304246ae527440e7aa416af7772bc604ddc2df,2017-03,Sussex Police,Sussex Police,-0.204187,51.103049,On or near Colonsay Road,E01031555,Crawley 012E,Violence and sexual offences,Unable to prosecute suspect,
3fa097e36fc5af1b6beec95ffdac46871145207c35fdcc2d5221683d13d0859c,2017-03,Sussex Police,Sussex Police,-0.207981,51.101704,On or near Bilberry Close,E01031555,Crawley 012E,Violence and sexual offences,Unable to prosecute suspect,
ae604e8b88da0b1d3bc083e3e5c3651dda719904b41cf0e604020942ac184c24,2017-03,Sussex Police,Sussex Police,-0.207150,51.101035,On or near Teasel Close,E01031555,Crawley 012E,Violence and sexual offences,Investigation complete; no suspect identified,
183d22593c01a421496908c91236a08e846603e57f59f40ff3de593bd448c011,2017-03,Sussex Police,Sussex Police,-0.207981,51.101704,On or near Bilberry Close,E01031555,Crawley 012E,Other crime,Status update unavailable,
8598cb300b500adbabbceeac80690b40c78cd3d1520571e92217855cb133e23d,2017-03,Sussex Police,Sussex Police,-0.207981,51.101704,On or near Bilberry Close,E01031555,Crawley 012E,Other crime,Unable to prosecute suspect,
,2017-03,Sussex Police,Sussex Police,-0.201153,51.099144,On or near Lewisham Close,E01031552,Crawley 013A,Anti-social behaviour,,
,2017-03,Sussex Police,Sussex Police,-0.204945,51.097485,On or near Parking Area,E01031552,Crawley 013A,Anti-social behaviour,,
,2017-03,Sussex Police,Sussex Police,-0.204945,51.097485,On or near Parking Area,E01031552,Crawley 013A,Anti-social behaviour,,
,2017-03,Sussex Police,Sussex Police,-0.203870,51.099779,On or near Sandringham Road,E01031552,Crawley 013A,Anti-social behaviour,,
,2017-03,Sussex Police,Sussex Police,-0.203939,51.100959,On or near Pedestrian Subway,E01031552,Crawley 013A,Anti-social behaviour,,
,2017-03,Sussex Police,Sussex Police,-0.206105,51.097404,On or near Supermarket,E01031552,Crawley 013A,Anti-social behaviour,,
,2017-03,Sussex Police,Sussex Police,-0.201239,51.101340,On or near Canvey Close,E01031552,Crawley 013A,Anti-social behaviour,,
8717f9b09cde3e3c837d37464ce2efc26f3bd0c6fc4ffd32c1d613f7e8af4593,2017-03,Sussex Police,Sussex Police,-0.204945,51.097485,On or near Parking Area,E01031552,Crawley 013A,Criminal damage and arson,Unable to prosecute suspect,
5ec0e5c30a7fb57df6986e885cc187a8dcb741d379b0787fe256fdcb68023d91,2017-03,Sussex Police,Sussex Police,-0.203619,51.100738,On or near Pedestrian Subway,E01031552,Crawley 013A,Criminal damage and arson,Unable to prosecute suspect,
67f3cbc3b2455cc5986acfb3ebfd88d1ffd1f9f0128cdce3144078f46c6c0ec2,2017-03,Sussex Police,Sussex Police,-0.201153,51.099144,On or near Lewisham Close,E01031552,Crawley 013A,Drugs,Formal action is not in the public interest,
322bf3b2ef1dda0f30f49196c0d3e3701c6aa875992d14fcca4c336f32cc35c5,2017-03,Sussex Police,Sussex Police,-0.201239,51.101340,On or near Canvey Close,E01031552,Crawley 013A,Other theft,Investigation complete; no suspect identified,
16775931c9f1830f017c550a532e20590dabf2d442e8fdf64d0506b6c79a2542,2017-03,Sussex Police,Sussex Police,-0.204945,51.097485,On or near Parking Area,E01031552,Crawley 013A,Other theft,Investigation complete; no suspect identified,
219b5e55dbfce9f2d0554ac806dba575ccca620275479780dbe01db0d15cc851,2017-03,Sussex Police,Sussex Police,-0.204945,51.097485,On or near Parking Area,E01031552,Crawley 013A,Public order,Court result unavailable,
1e0e0bf8180edc62175ac7edc6bd9b4fb70215bae07481c88834a95b94849f42,2017-03,Sussex Police,Sussex Police,-0.194775,51.100817,On or near A23,E01031552,Crawley 013A,Public order,Investigation complete; no suspect identified,
bfe75a1788dd00fa22f3748603e582f373759c5b6fd7c2b7c25dcebbcc4ee6d8,2017-03,Sussex Police,Sussex Police,-0.203142,51.102718,On or near Jura Close,E01031552,Crawley 013A,Public order,Unable to prosecute suspect,
848d3d077e877d8eeb2f405e9e0fc90ddaf054dcc15ae4f8a964a60a34577777,2017-03,Sussex Police,Sussex Police,-0.206105,51.097404,On or near Supermarket,E01031552,Crawley 013A,Shoplifting,Investigation complete; no suspect identified,
124ec76feda42af0d9ec941e667f6680061f52d2a53fa2c7d91b18cce426cc7b,2017-03,Sussex Police,Sussex Police,-0.206105,51.097404,On or near Supermarket,E01031552,Crawley 013A,Shoplifting,Local resolution,
c03445394cce3fa0ec7f112672b414ce3ce410759efd9c7f03ef1045e151c45b,2017-03,Sussex Police,Sussex Police,-0.206105,51.097404,On or near Supermarket,E01031552,Crawley 013A,Vehicle crime,Investigation complete; no suspect identified,
d3c5e0fdd39d6a8af24a70dea18feec66bdb89be5d095b3039b2cb25624b11e1,2017-03,Sussex Police,Sussex Police,-0.203672,51.097888,On or near Holyrood Place,E01031552,Crawley 013A,Violence and sexual offences,Unable to prosecute suspect,
914126df4368e45880637da7265649dbc45edab0fb68119c60c57765e4c69da3,2017-03,Sussex Police,Sussex Police,-0.200727,51.099443,On or near Enfield Road,E01031552,Crawley 013A,Violence and sexual offences,Investigation complete; no suspect identified,
c4c0318b3de52a8b1079ab45482963e1a9c97659f916b1d0cf45c9b6f4ae74b7,2017-03,Sussex Police,Sussex Police,-0.201153,51.099144,On or near Lewisham Close,E01031552,Crawley 013A,Violence and sexual offences,Further investigation is not in the public interest,
c03961390577e11219f4cdbb0b6d658822ab0b9dddd0dd4c1709005bede8f7e8,2017-03,Sussex Police,Sussex Police,-0.206105,51.097404,On or near Supermarket,E01031552,Crawley 013A,Violence and sexual offences,Investigation complete; no suspect identified,
1c27bcb32ee03e4d8c8d212693933d3b3a1020baea327064c0aac8e191ff6456,2017-03,Sussex Police,Sussex Police,-0.201153,51.099144,On or near Lewisham Close,E01031552,Crawley 013A,Violence and sexual offences,Unable to prosecute suspect,
59fd34d30b59508dadd12ed8b7d25a9b34b08996d6dc0bd82305cfa0f179c21d,2017-03,Sussex Police,Sussex Police,-0.203236,51.096982,On or near Parking Area,E01031552,Crawley 013A,Violence and sexual offences,Investigation complete; no suspect identified,
7b87e617f3f860a6fa6fc137ad1093fd32152abe64ab0844423b55b50fb330ec,2017-03,Sussex Police,Sussex Police,-0.203236,51.096982,On or near Parking Area,E01031552,Crawley 013A,Violence and sexual offences,Investigation complete; no suspect identified,
4389dc550950eee162f26d5c877ff9126de6aa70dfa0cf4dfea8fe7332920bc0,2017-03,Sussex Police,Sussex Police,-0.206105,51.097404,On or near Supermarket,E01031552,Crawley 013A,Violence and sexual offences,Investigation complete; no suspect identified,
a5e33686ab9228f0529915b557b37c28de52fbd6d43a6f980422301574fa0df4,2017-03,Sussex Police,Sussex Police,-0.206105,51.097404,On or near Supermarket,E01031552,Crawley 013A,Violence and sexual offences,Investigation complete; no suspect identified,
1659cf7c5fa1faac48e6322441a26c6088fa13621d983d40d2999b629333c9e7,2017-03,Sussex Police,Sussex Police,-0.201239,51.101340,On or near Canvey Close,E01031552,Crawley 013A,Other crime,Unable to prosecute suspect,
,2017-03,Sussex Police,Sussex Police,-0.200553,51.088469,On or near Westcott Close,E01031556,Crawley 013B,Anti-social behaviour,,
,2017-03,Sussex Police,Sussex Police,-0.206738,51.090273,On or near Rimmer Close,E01031556,Crawley 013B,Anti-social behaviour,,
,2017-03,Sussex Police,Sussex Police,-0.203694,51.089597,On or near Kelmscott Rise,E01031556,Crawley 013B,Anti-social behaviour,,
,2017-03,Sussex Police,Sussex Police,-0.200553,51.088469,On or near Westcott Close,E01031556,Crawley 013B,Anti-social behaviour,,
27e601ec04860da2eb27ae05f21033da8fed739f416c81cffb7fee56669f604f,2017-03,Sussex Police,Sussex Police,-0.199013,51.088059,On or near Netley Close,E01031556,Crawley 013B,Criminal damage and arson,Status update unavailable,
477f775704c38be716d5317f181ad02df2c78047b38d6a95fff004969829b2fa,2017-03,Sussex Police,Sussex Police,-0.203940,51.088764,On or near Linnell Close,E01031556,Crawley 013B,Criminal damage and arson,Investigation complete; no suspect identified,
992ddd4bc39379d128991971d7d1762f8494be2f43a16ba72586319382eda327,2017-03,Sussex Police,Sussex Police,-0.210431,51.091517,On or near Sports/Recreation Area,E01031556,Crawley 013B,Public order,Status update unavailable,
6e4ce92241468e3e6ec04b19091a348338e7c4cd45f0cb619dcab0b9b1f29776,2017-03,Sussex Police,Sussex Police,-0.200619,51.085655,On or near Old Brighton Road (North),E01031556,Crawley 013B,Vehicle crime,Investigation complete; no suspect identified,
69164e0b8499d410094137381b334e8ebc70384a5c58cf0823e713d3a54e6a28,2017-03,Sussex Police,Sussex Police,-0.199013,51.088059,On or near Netley Close,E01031556,Crawley 013B,Other crime,Unable to prosecute suspect,
,2017-03,Sussex Police,Sussex Police,-0.198303,51.090899,On or near Otford Close,E01031557,Crawley 013C,Anti-social behaviour,,
,2017-03,Sussex Police,Sussex Police,-0.197655,51.096914,On or near Highwood Park,E01031557,Crawley 013C,Anti-social behaviour,,
,2017-03,Sussex Police,Sussex Police,-0.197187,51.097545,On or near Windsor Close,E01031557,Crawley 013C,Anti-social behaviour,,
,2017-03,Sussex Police,Sussex Police,-0.200698,51.094668,On or near Pedestrian Subway,E01031557,Crawley 013C,Anti-social behaviour,,
,2017-03,Sussex Police,Sussex Police,-0.200698,51.094668,On or near Pedestrian Subway,E01031557,Crawley 013C,Anti-social behaviour,,
,2017-03,Sussex Police,Sussex Police,-0.197655,51.096914,On or near Highwood Park,E01031557,Crawley 013C,Anti-social behaviour,,
d21f92d182ddd5fffc8fde5ed8b776b74ec8fc1c384649bd9a960c122ac7a2b4,2017-03,Sussex Police,Sussex Police,-0.195409,51.099568,On or near Conference/Exhibition Centre,E01031557,Crawley 013C,Bicycle theft,Investigation complete; no suspect identified,
6fc8c090efa2e523f5e378cc07f90aaf0badeaa6b654d87db430960f67e403f7,2017-03,Sussex Police,Sussex Police,-0.197187,51.097545,On or near Windsor Close,E01031557,Crawley 013C,Burglary,Unable to prosecute suspect,
cbf183d2c636dcc59a7916c856e7ba9ae3a7933b9a0948cd4196a14ede91aba1,2017-03,Sussex Police,Sussex Police,-0.195409,51.099568,On or near Conference/Exhibition Centre,E01031557,Crawley 013C,Burglary,Investigation complete; no suspect identified,
8c448ebf5a1f2c16a0481a3428ccae128a3bf738afa56e91bf772eeb390bf0fc,2017-03,Sussex Police,Sussex Police,-0.199382,51.096941,On or near Woodmans Hill,E01031557,Crawley 013C,Criminal damage and arson,Investigation complete; no suspect identified,
08d67063114269985f5d92d0ef43e84e365243358ceb5d914d3afcbac7c17e08,2017-03,Sussex Police,Sussex Police,-0.200698,51.094668,On or near Pedestrian Subway,E01031557,Crawley 013C,Criminal damage and arson,Status update unavailable,
5d7f375270fc345b7d5bb60545c04011b599d7fb0bce4b6e821054cc57830ba7,2017-03,Sussex Police,Sussex Police,-0.200698,51.094668,On or near Pedestrian Subway,E01031557,Crawley 013C,Criminal damage and arson,Investigation complete; no suspect identified,
d70b3abdfdb5987015daee2ff7a1df6c2cd54a5003cc281448b082c166854bda,2017-03,Sussex Police,Sussex Police,-0.200698,51.094668,On or near Pedestrian Subway,E01031557,Crawley 013C,Drugs,Court result unavailable,
32ce230a89a7cf6c76c53922429bdca606dcee150c76e1ba9c416464432a988d,2017-03,Sussex Police,Sussex Police,-0.195409,51.099568,On or near Conference/Exhibition Centre,E01031557,Crawley 013C,Drugs,Offender fined,
6a8b6167adcb6a0254b9dd5755f82ae2b60a7e46e8b342101c50ead53246ac15,2017-03,Sussex Police,Sussex Police,-0.195815,51.097569,On or near Marlborough Close,E01031557,Crawley 013C,Other theft,Investigation complete; no suspect identified,
7360522a118afd89f1a25313c47018697f3675891672b4eaa64b434741a07bd0,2017-03,Sussex Police,Sussex Police,-0.195815,51.097569,On or near Marlborough Close,E01031557,Crawley 013C,Possession of weapons,Status update unavailable,
0e8d5e068d41fc2778e87d7f8dd548d0263e7e8aef840f428bd6ccc71cbe3ac9,2017-03,Sussex Police,Sussex Police,-0.198485,51.092439,On or near Detling Road,E01031557,Crawley 013C,Vehicle crime,Investigation complete; no suspect identified,
5b6a1368d353b1a2611052dcc4a1c957e80cef869978fd2f02687d38e0954027,2017-03,Sussex Police,Sussex Police,-0.198966,51.093679,On or near Brooklands Road,E01031557,Crawley 013C,Vehicle crime,Investigation complete; no suspect identified,
f613d8a2c976d1b009bf35a16f215582ffd674bef7a69077e0af358aa5619661,2017-03,Sussex Police,Sussex Police,-0.195815,51.097569,On or near Marlborough Close,E01031557,Crawley 013C,Violence and sexual offences,Court case unable to proceed,
c3ba66bfa15c684187833b92695ef32a06550f8f368db615ef682fe5fa66ee14,2017-03,Sussex Police,Sussex Police,-0.202213,51.092434,On or near Timberlands,E01031557,Crawley 013C,Violence and sexual offences,Unable to prosecute suspect,
9ca9d2cce22f0f2793cd9c1c322d98b6dd0febd939567fc29dafebfb3df73051,2017-03,Sussex Police,Sussex Police,-0.201601,51.091651,On or near Wilmington Close,E01031557,Crawley 013C,Violence and sexual offences,Investigation complete; no suspect identified,
3943d747a82d03438fecdc7b36b63a24106565213cacb24d5ff0c3db28dc5f66,2017-03,Sussex Police,Sussex Police,-0.199183,51.095067,On or near Woodcourt,E01031557,Crawley 013C,Violence and sexual offences,Further investigation is not in the public interest,
f3214902d14c88070ffc21764296d685169b1ed7838a0da8d01c744d59c0b71b,2017-03,Sussex Police,Sussex Police,-0.194440,51.099508,On or near Sports/Recreation Area,E01031557,Crawley 013C,Violence and sexual offences,Unable to prosecute suspect,
,2017-03,Sussex Police,Sussex Police,-0.204914,51.096810,On or near Broadfield Place,E01031558,Crawley 013D,Anti-social behaviour,,
,2017-03,Sussex Police,Sussex Police,-0.204914,51.096810,On or near Broadfield Place,E01031558,Crawley 013D,Anti-social behaviour,,
,2017-03,Sussex Police,Sussex Police,-0.204914,51.096810,On or near Broadfield Place,E01031558,Crawley 013D,Anti-social behaviour,,
,2017-03,Sussex Police,Sussex Police,-0.202081,51.096191,On or near Kensington Road,E01031558,Crawley 013D,Anti-social behaviour,,
e4e7ecff5666ccce245ddcf4b0729dae0251fbb4e97be7456f82f5e6ad897af6,2017-03,Sussex Police,Sussex Police,-0.202081,51.096191,On or near Kensington Road,E01031558,Crawley 013D,Burglary,Unable to prosecute suspect,
e9706d5bdc7054214f80300759bb464ba3f879a89b55aa784c3e9d164b167712,2017-03,Sussex Police,Sussex Police,-0.204914,51.096810,On or near Broadfield Place,E01031558,Crawley 013D,Criminal damage and arson,Investigation complete; no suspect identified,
35e03b8799eace07e0a168caaaa888d83a730b50f4f535307359b9d3cecec5d5,2017-03,Sussex Police,Sussex Police,-0.202081,51.096191,On or near Kensington Road,E01031558,Crawley 013D,Drugs,Status update unavailable,
8855a29e3496a67eaf6aa3811034c0ac5469999ccac4f0da866192a9088f5865,2017-03,Sussex Police,Sussex Police,-0.204914,51.096810,On or near Broadfield Place,E01031558,Crawley 013D,Public order,Defendant found not guilty,
4483cf26e2229a4d6d00e0cbf4186998ece3ef085e91bfb1adfc757fe57cb934,2017-03,Sussex Police,Sussex Police,-0.199990,51.098191,On or near Regents Close,E01031558,Crawley 013D,Public order,Status update unavailable,
f5f1761afef8e780652990112c240aab9332c28a30d0b9ac27eac4cf43d87a4a,2017-03,Sussex Police,Sussex Police,-0.199990,51.098191,On or near Regents Close,E01031558,Crawley 013D,Public order,Investigation complete; no suspect identified,
b531236b13470abc8b22a934727c267a01403b679f56b1e06bce45db488b2adf,2017-03,Sussex Police,Sussex Police,-0.203550,51.095890,On or near Lansbury Road,E01031558,Crawley 013D,Vehicle crime,Status update unavailable,
0b81c690a8b2aca6f7102fb83c009397196aead91f2b59f444499ca7a51855c0,2017-03,Sussex Police,Sussex Police,-0.204914,51.096810,On or near Broadfield Place,E01031558,Crawley 013D,Vehicle crime,Investigation complete; no suspect identified,
802cbbed1691d36e3487462d4f9433576f7d6db65264bd8066182ef46e9b4683,2017-03,Sussex Police,Sussex Police,-0.204914,51.096810,On or near Broadfield Place,E01031558,Crawley 013D,Vehicle crime,Investigation complete; no suspect identified,
8f9f996c18af57828bfa5e5acbe395c95a386f9f756fc005f650ca890bb83a2d,2017-03,Sussex Police,Sussex Police,-0.203332,51.095257,On or near Webb Close,E01031558,Crawley 013D,Vehicle crime,Investigation complete; no suspect identified,
3a5b307ef5ab387d42060f076085f22a7f907c40e611fdb12e5d6b63f96d5c62,2017-03,Sussex Police,Sussex Police,-0.203332,51.095257,On or near Webb Close,E01031558,Crawley 013D,Violence and sexual offences,Further investigation is not in the public interest,
a635ae794d9b30a57f10309381c961d36f7cea4d631b604510a378f4c49dddad,2017-03,Sussex Police,Sussex Police,-0.199990,51.098191,On or near Regents Close,E01031558,Crawley 013D,Violence and sexual offences,Further investigation is not in the public interest,
cddc013c20c822af95be3d9257ccdb071efcb8f74a45403999b4c60297bb52a7,2017-03,Sussex Police,Sussex Police,-0.202081,51.096191,On or near Kensington Road,E01031558,Crawley 013D,Violence and sexual offences,Unable to prosecute suspect,
27d6d889fd2f1ca52492f23fe589d799e3a3993829ea101653d2a81b2e5f3e8c,2017-03,Sussex Police,Sussex Police,-0.201430,51.097898,On or near Moyne Road,E01031558,Crawley 013D,Violence and sexual offences,Investigation complete; no suspect identified,
a258ac6aaef8783dc1023bae3b3ed38df2d5d3263308511acc2136d684884631,2017-03,Sussex Police,Sussex Police,-0.199990,51.098191,On or near Regents Close,E01031558,Crawley 013D,Violence and sexual offences,Unable to prosecute suspect,
32008168b27dc613208161f543f2ed0c66c422627fb85b3662d37da51ef5eac7,2017-03,Sussex Police,Sussex Police,-0.204914,51.096810,On or near Broadfield Place,E01031558,Crawley 013D,Violence and sexual offences,Defendant found not guilty,
,2017-03,Sussex Police,Sussex Police,-0.206972,51.096032,On or near Henderson Road,E01031559,Crawley 013E,Anti-social behaviour,,
,2017-03,Sussex Police,Sussex Police,-0.208972,51.092699,On or near Eddington Hill,E01031559,Crawley 013E,Anti-social behaviour,,
,2017-03,Sussex Police,Sussex Police,-0.207914,51.095300,On or near Cole Close,E01031559,Crawley 013E,Anti-social behaviour,,
202c4eceee690c56692f21bf5abc46cf0610506ff421c987325edfb2c18e2898,2017-03,Sussex Police,Sussex Police,-0.206972,51.096032,On or near Henderson Road,E01031559,Crawley 013E,Burglary,Investigation complete; no suspect identified,
d755c1801bef1041b6186912fd6d3fa4c3875b6739215f8fcd3525dab7e04a11,2017-03,Sussex Police,Sussex Police,-0.206383,51.092048,On or near Terry Road,E01031559,Crawley 013E,Criminal damage and arson,Investigation complete; no suspect identified,
9c3c6fc3521f8a6fa838de90cfac44ccf47a1d34fd5cd4c077d2e8d12342ccfc,2017-03,Sussex Police,Sussex Police,-0.204572,51.093477,On or near Hepplewhite Close,E01031559,Crawley 013E,Criminal damage and arson,Investigation complete; no suspect identified,
54ee4f0ae34ff33ebd4dd1c5248a23918862b6b2ba06b57bb17e7a3695a3ad88,2017-03,Sussex Police,Sussex Police,-0.206972,51.096032,On or near Henderson Road,E01031559,Crawley 013E,Drugs,Offender given a drugs possession warning,
b13872f14b5a56617ebc4999c75468a9a2195e4ae66e33df88a8fa7be5782dbe,2017-03,Sussex Police,Sussex Police,-0.208618,51.094088,On or near Dalton Close,E01031559,Crawley 013E,Drugs,Offender fined,
76a8f66dd188523696870c71e68f0e38db1b4dbd20bd1d18e6c58e56fe5ba965,2017-03,Sussex Police,Sussex Police,-0.204572,51.093477,On or near Hepplewhite Close,E01031559,Crawley 013E,Drugs,Formal action is not in the public interest,
163b198663b0766a8d005baeab6cc099957a6c937261c2cafeb7727be7d00230,2017-03,Sussex Police,Sussex Police,-0.208618,51.094088,On or near Dalton Close,E01031559,Crawley 013E,Other theft,Unable to prosecute suspect,
c7d60a6e4de2428ee159c166790280c2715985b76480bba1281c39044e0825da,2017-03,Sussex Police,Sussex Police,-0.206972,51.096032,On or near Henderson Road,E01031559,Crawley 013E,Other theft,Investigation complete; no suspect identified,
df4af2c42ecfffcd8732b3d1a850d823ad4890d0b5c59095d9c3ba07f948df3f,2017-03,Sussex Police,Sussex Police,-0.206972,51.096032,On or near Henderson Road,E01031559,Crawley 013E,Public order,Further investigation is not in the public interest,
56d24535ea4c32588a8b76db18fcff56f0bb4a6a56358ca49ebd290965722b3d,2017-03,Sussex Police,Sussex Police,-0.204572,51.093477,On or near Hepplewhite Close,E01031559,Crawley 013E,Violence and sexual offences,Investigation complete; no suspect identified,
bda6e8d765121145a2334898e4c5e62c72289a7fd42386a0bb687abb73445d26,2017-03,Sussex Police,Sussex Police,-0.206383,51.092048,On or near Terry Road,E01031559,Crawley 013E,Violence and sexual offences,Offender given a caution,
,2017-03,Sussex Police,Sussex Police,0.301557,50.807220,On or near Sorrel Close,E01020924,Eastbourne 001A,Anti-social behaviour,,
8b34f47c78acf1317879a5b186e53b90970f7230aec6060a57b1cbdb2f8758ee,2017-03,Sussex Police,Sussex Police,0.297575,50.809385,On or near Reedham Road,E01020924,Eastbourne 001A,Public order,Unable to prosecute suspect,
7a0949f1faa594ad9fbdc3ffb5ef3b772003d17439febc050a0a851a4b0ab4a2,2017-03,Sussex Police,Sussex Police,0.299637,50.810037,On or near Downland Close,E01020924,Eastbourne 001A,Vehicle crime,Investigation complete; no suspect identified,
3c3a99c9aa6f488593bfe1a92fe6e874dc6fb42d66c87116fd1ba6f67a9974ca,2017-03,Sussex Police,Sussex Police,0.301557,50.807220,On or near Sorrel Close,E01020924,Eastbourne 001A,Violence and sexual offences,Unable to prosecute suspect,
afbeff7ca02b887b3599c3c0695d74f947f992e2791ce4fa8a509d971e8c51f4,2017-03,Sussex Police,Sussex Police,0.301480,50.808534,On or near Cotswold Close,E01020924,Eastbourne 001A,Violence and sexual offences,Unable to prosecute suspect,
64a20e8c50afd401d5c58298422d9793bf5759653a2e3027f2ec9f65dab85e22,2017-03,Sussex Police,Sussex Police,0.299218,50.812482,On or near Oak Tree Close,E01020924,Eastbourne 001A,Violence and sexual offences,Investigation complete; no suspect identified,
34548d0ebae43371ef0fb332ea1c614052e4e39239b39fcf782d2f3ce508d8f9,2017-03,Sussex Police,Sussex Police,0.301557,50.807220,On or near Sorrel Close,E01020924,Eastbourne 001A,Violence and sexual offences,Unable to prosecute suspect,
,2017-03,Sussex Police,Sussex Police,0.293562,50.810633,On or near Brading Close,E01020925,Eastbourne 001B,Anti-social behaviour,,
,2017-03,Sussex Police,Sussex Police,0.291758,50.809445,On or near Shanklin Close,E01020925,Eastbourne 001B,Anti-social behaviour,,
,2017-03,Sussex Police,Sussex Police,0.291758,50.809445,On or near Shanklin Close,E01020925,Eastbourne 001B,Anti-social behaviour,,
,2017-03,Sussex Police,Sussex Police,0.297193,50.807090,On or near Lavender Close,E01020925,Eastbourne 001B,Anti-social behaviour,,
,2017-03,Sussex Police,Sussex Police,0.297234,50.804751,On or near Foxglove Road,E01020925,Eastbourne 001B,Anti-social behaviour,,
,2017-03,Sussex Police,Sussex Police,0.294885,50.808367,On or near Supermarket,E01020925,Eastbourne 001B,Anti-social behaviour,,
,2017-03,Sussex Police,Sussex Police,0.294885,50.808367,On or near Supermarket,E01020925,Eastbourne 001B,Anti-social behaviour,,
,2017-03,Sussex Police,Sussex Police,0.294885,50.808367,On or near Supermarket,E01020925,Eastbourne 001B,Anti-social behaviour,,
,2017-03,Sussex Police,Sussex Police,0.294885,50.808367,On or near Supermarket,E01020925,Eastbourne 001B,Anti-social behaviour,,
e6243883d60a99e1425c31053f66f8ff6d7c6c3463348dc3773c6507bc8114f9,2017-03,Sussex Police,Sussex Police,0.295906,50.806890,On or near Orchid Close,E01020925,Eastbourne 001B,Burglary,Investigation complete; no suspect identified,
f8060b13922d5d28669b181c21a7643768669546f1655c8c468ad738ff94c863,2017-03,Sussex Police,Sussex Police,0.296221,50.807523,On or near Milfoil Drive,E01020925,Eastbourne 001B,Drugs,Offender fined,
5e8249c11145bf8e49cff7006ee219d07c9ac07ff47658daafa41e67a973245d,2017-03,Sussex Police,Sussex Police,0.294885,50.808367,On or near Supermarket,E01020925,Eastbourne 001B,Shoplifting,Investigation complete; no suspect identified,
726141fc263f4c3730a84c75caf45d0d868ec3de1c3d9551aa3ec0614d59f1e9,2017-03,Sussex Police,Sussex Police,0.296221,50.807523,On or near Milfoil Drive,E01020925,Eastbourne 001B,Vehicle crime,Unable to prosecute suspect,
cac18012dfb881a1f69e08bfea640926fd78b31b8f90612b1e14f7a753fc8bb9,2017-03,Sussex Police,Sussex Police,0.295171,50.810152,On or near Horning Close,E01020925,Eastbourne 001B,Violence and sexual offences,Investigation complete; no suspect identified,
c5734695dec8874477c4943721d319f941457ad8a776a0f5173730e6a90da749,2017-03,Sussex Police,Sussex Police,0.293447,50.810006,On or near Alverstone Close,E01020925,Eastbourne 001B,Violence and sexual offences,Unable to prosecute suspect,
0fd9555b3e7befb4854f2e92c453442979d446cae8c23f84b1121ecf518be7aa,2017-03,Sussex Police,Sussex Police,0.297234,50.804751,On or near Foxglove Road,E01020925,Eastbourne 001B,Violence and sexual offences,Unable to prosecute suspect,
72c80a1cd12ffb6dbd96a77e82ec47bddb590bce9635c0a07cdb0fb2f1c2fcb3,2017-03,Sussex Police,Sussex Police,0.295171,50.810152,On or near Horning Close,E01020925,Eastbourne 001B,Other crime,Further investigation is not in the public interest,
,2017-03,Sussex Police,Sussex Police,0.294086,50.808284,On or near Sports/Recreation Area,E01020927,Eastbourne 001C,Anti-social behaviour,,
,2017-03,Sussex Police,Sussex Police,0.294086,50.808284,On or near Sports/Recreation Area,E01020927,Eastbourne 001C,Anti-social behaviour,,
,2017-03,Sussex Police,Sussex Police,0.291816,50.810910,On or near Carisbrooke Close,E01020927,Eastbourne 001C,Anti-social behaviour,,
,2017-03,Sussex Police,Sussex Police,0.291206,50.809762,On or near Sandown Close,E01020927,Eastbourne 001C,Anti-social behaviour,,
,2017-03,Sussex Police,Sussex Police,0.291961,50.806051,On or near Park/Open Space,E01020927,Eastbourne 001C,Anti-social behaviour,,
,2017-03,Sussex Police,Sussex Police,0.292859,50.807580,On or near Bembridge Road,E01020927,Eastbourne 001C,Anti-social behaviour,,
,2017-03,Sussex Police,Sussex Police,0.292859,50.807580,On or near Bembridge Road,E01020927,Eastbourne 001C,Anti-social behaviour,,
,2017-03,Sussex Police,Sussex Police,0.292859,50.807580,On or near Bembridge Road,E01020927,Eastbourne 001C,Anti-social behaviour,,
,2017-03,Sussex Police,Sussex Police,0.291206,50.809762,On or near Sandown Close,E01020927,Eastbourne 001C,Anti-social behaviour,,
,2017-03,Sussex Police,Sussex Police,0.286955,50.811662,On or near Rotherfield Avenue,E01020927,Eastbourne 001C,Anti-social behaviour,,
,2017-03,Sussex Police,Sussex Police,0.286955,50.811662,On or near Rotherfield Avenue,E01020927,Eastbourne 001C,Anti-social behaviour,,
,2017-03,Sussex Police,Sussex Police,0.285735,50.811101,On or near Sheffield Park Way,E01020927,Eastbourne 001C,Anti-social behaviour,,
,2017-03,Sussex Police,Sussex Police,0.284621,50.810674,On or near Piltdown Way,E01020927,Eastbourne 001C,Anti-social behaviour,,
be2142f17f8d2121c2f856257e873ec9ab9d8def20e2671a8bc5f21f752b396f,2017-03,Sussex Police,Sussex Police,0.294086,50.808284,On or near Sports/Recreation Area,E01020927,Eastbourne 001C,Criminal damage and arson,Investigation complete; no suspect identified,
bb477d98d958d5a9ade9f091b09545da853e6caa07610773682cd1001134b68a,2017-03,Sussex Police,Sussex Police,0.295488,50.805612,On or near Bramble Close,E01020927,Eastbourne 001C,Criminal damage and arson,Investigation complete; no suspect identified,
408362f04e2053306a100429b9c44bb5b32a251cc62d26e959685e0de0f0b507,2017-03,Sussex Police,Sussex Police,0.294135,50.806386,On or near Honeysuckle Close,E01020927,Eastbourne 001C,Criminal damage and arson,Investigation complete; no suspect identified,
017078ce49ef3b15f7d7909c800a5e4f0da0ef8e7df7a83662609394067b73d6,2017-03,Sussex Police,Sussex Police,0.291816,50.810910,On or near Carisbrooke Close,E01020927,Eastbourne 001C,Criminal damage and arson,Investigation complete; no suspect identified,
5dc7dae87936d31b0e8a725fff1c31c7ffbf4953d4ccf5e5038a395adf6d5dad,2017-03,Sussex Police,Sussex Police,0.294135,50.806386,On or near Honeysuckle Close,E01020927,Eastbourne 001C,Drugs,Offender given a drugs possession warning,
693cb8918d68568cdfeb0ae7cbcaa900cc23191c1bed96c1e32ff1b847ed3b1e,2017-03,Sussex Police,Sussex Police,0.291816,50.810910,On or near Carisbrooke Close,E01020927,Eastbourne 001C,Other theft,Unable to prosecute suspect,
56bd5709c3bf831cd350e914e87add06638d9f5e2d39911e90b97bec270e74ec,2017-03,Sussex Police,Sussex Police,0.293467,50.807226,On or near Shalfleet Close,E01020927,Eastbourne 001C,Public order,Unable to prosecute suspect,
ba1c945dbe1fb47e176f7d23b17e68d6084b96a444d91e271a6240919347ec41,2017-03,Sussex Police,Sussex Police,0.294086,50.808284,On or near Sports/Recreation Area,E01020927,Eastbourne 001C,Violence and sexual offences,Investigation complete; no suspect identified,
d58eaec03035bba2703188b7e56039dd7bbb25f30755d233b2baa6aa16e2f443,2017-03,Sussex Police,Sussex Police,0.292859,50.807580,On or near Bembridge Road,E01020927,Eastbourne 001C,Violence and sexual offences,Unable to prosecute suspect,
5829277e1c181a28e1ad3213a998e6a88f6b15c79137d21e352e19a4f682d31e,2017-03,Sussex Police,Sussex Police,0.295488,50.805612,On or near Bramble Close,E01020927,Eastbourne 001C,Violence and sexual offences,Further investigation is not in the public interest,
40d6c9ab26df0be72555090d4dcad6c665447ac96df0e7dafbdff7ffb2d1e043,2017-03,Sussex Police,Sussex Police,0.286462,50.804755,On or near Golden Jubilee Way,E01020927,Eastbourne 001C,Violence and sexual offences,Investigation complete; no suspect identified,
d98fd1f57aea587da432f7215bf2a1e52b529397febd722259745b46e31239f1,2017-03,Sussex Police,Sussex Police,0.291206,50.809762,On or near Sandown Close,E01020927,Eastbourne 001C,Violence and sexual offences,Unable to prosecute suspect,
366e1192df400f492747b45443e91e0484f5233032ab5118c2e815143d52a716,2017-03,Sussex Police,Sussex Police,0.293467,50.807226,On or near Shalfleet Close,E01020927,Eastbourne 001C,Violence and sexual offences,Unable to prosecute suspect,
3c4b36ec2b4345a2a494aefd55a7d0d7063fb3f170e6eca3a12de86963475878,2017-03,Sussex Police,Sussex Police,0.291961,50.806051,On or near Park/Open Space,E01020927,Eastbourne 001C,Violence and sexual offences,Investigation complete; no suspect identified,
41b78eef36cf143d31636915fc808ddd67e15111bd14e9f998378032787b14c7,2017-03,Sussex Police,Sussex Police,0.284621,50.810674,On or near Piltdown Way,E01020927,Eastbourne 001C,Violence and sexual offences,Unable to prosecute suspect,
b33d9abd6dff93afd121bc9eddf5627c37f54835047487029561ae2fe4f49b29,2017-03,Sussex Police,Sussex Police,0.292859,50.807580,On or near Bembridge Road,E01020927,Eastbourne 001C,Violence and sexual offences,Offender sent to prison,
1c39607dc8616b5f73a5b1e2a21d70be25ed73f2787cafbcc4836acf09fb0ed4,2017-03,Sussex Police,Sussex Police,0.294086,50.808284,On or near Sports/Recreation Area,E01020927,Eastbourne 001C,Violence and sexual offences,Status update unavailable,
2d787381bf4b231617abdf707804027ea7fcac80492081d486c4c81ad38857d8,2017-03,Sussex Police,Sussex Police,0.293467,50.807226,On or near Shalfleet Close,E01020927,Eastbourne 001C,Violence and sexual offences,Investigation complete; no suspect identified,
3b922d0fabbd2abf99850fe6c83706aa71d2032c5131bbbfb1a0f52b441b9431,2017-03,Sussex Police,Sussex Police,0.292859,50.807580,On or near Bembridge Road,E01020927,Eastbourne 001C,Violence and sexual offences,Further investigation is not in the public interest,
15f279f6425cf7b2b52fb0e07e250605c78f3a665a559acff3d89e95548ec68a,2017-03,Sussex Police,Sussex Police,0.294086,50.808284,On or near Sports/Recreation Area,E01020927,Eastbourne 001C,Violence and sexual offences,Unable to prosecute suspect,
9771e7af6bd02f5cc5acf515527b506804c3579070d66ecda414ccbe4e2f260b,2017-03,Sussex Police,Sussex Police,0.291816,50.810910,On or near Carisbrooke Close,E01020927,Eastbourne 001C,Other crime,Unable to prosecute suspect,
,2017-03,Sussex Police,Sussex Police,0.302846,50.805440,On or near Old Drove,E01020928,Eastbourne 001D,Anti-social behaviour,,
,2017-03,Sussex Police,Sussex Police,0.302846,50.805440,On or near Old Drove,E01020928,Eastbourne 001D,Anti-social behaviour,,
,2017-03,Sussex Police,Sussex Police,0.302217,50.801585,On or near Plover Close,E01020928,Eastbourne 001D,Anti-social behaviour,,
,2017-03,Sussex Police,Sussex Police,0.298553,50.804734,On or near Harebell Close,E01020928,Eastbourne 001D,Anti-social behaviour,,
,2017-03,Sussex Police,Sussex Police,0.302846,50.805440,On or near Old Drove,E01020928,Eastbourne 001D,Anti-social behaviour,,
bfff54aef30c8412ea1d96473145fa56efe79e14cb1cc67fbaa69b3e630ba6e3,2017-03,Sussex Police,Sussex Police,0.299597,50.802572,On or near Robin Close,E01020928,Eastbourne 001D,Burglary,Investigation complete; no suspect identified,
fa86e9f190e7b64e6a2fe2cc6a5c477fe06b58677700983e24009128bff2e909,2017-03,Sussex Police,Sussex Police,0.306097,50.799107,On or near Goudhurst Close,E01020928,Eastbourne 001D,Criminal damage and arson,Unable to prosecute suspect,
fabcffa656b3929e42b799f14db1027e3eef992aa2e0ed34301c08df42325f71,2017-03,Sussex Police,Sussex Police,0.303893,50.803342,On or near Shopping Area,E01020928,Eastbourne 001D,Criminal damage and arson,Investigation complete; no suspect identified,
f66e0c80b9dac48d824618bcd31c0a2841c7585b9ae0c63434175c721437863d,2017-03,Sussex Police,Sussex Police,0.302353,50.800890,On or near Chaffinch Road,E01020928,Eastbourne 001D,Criminal damage and arson,Investigation complete; no suspect identified,
3486ab0e7724c757509e6ea580345521b79e4255aa895d8fe980e4dab140366a,2017-03,Sussex Police,Sussex Police,0.303893,50.803342,On or near Shopping Area,E01020928,Eastbourne 001D,Other theft,Investigation complete; no suspect identified,
5cdf8211b752f2998bc17afb17648a122bec9ea6612980f6b14472c35f1a2a52,2017-03,Sussex Police,Sussex Police,0.298553,50.804734,On or near Harebell Close,E01020928,Eastbourne 001D,Other theft,Status update unavailable,
0ecf1b378321f2a8b9c65c3ef1b224fabbf33114f9177d653dc92126eb8f9543,2017-03,Sussex Police,Sussex Police,0.297541,50.800877,On or near Swallow Close,E01020928,Eastbourne 001D,Other theft,Unable to prosecute suspect,
b0eba3fa1ca1397717a6da13142adc7d73e9b94bc1ff47395a51db09df17c38a,2017-03,Sussex Police,Sussex Police,0.302648,50.803717,On or near Parking Area,E01020928,Eastbourne 001D,Public order,Status update unavailable,
1edfa2955a2ca23e900e23d9bd01e9cf9fd8c6437ae5fdcbfd70ca6c20a2e347,2017-03,Sussex Police,Sussex Police,0.303893,50.803342,On or near Shopping Area,E01020928,Eastbourne 001D,Robbery,Unable to prosecute suspect,
2a4467886557f709eeaacaeb5f8307cee05ac866f9a4ad1b2469fa16cdcbbd3e,2017-03,Sussex Police,Sussex Police,0.303798,50.803722,On or near Supermarket,E01020928,Eastbourne 001D,Shoplifting,Local resolution,
1b2b1b9c18c5741826de106a2e3649e210d5f4c1dbefd4659663a7546b874f31,2017-03,Sussex Police,Sussex Police,0.302846,50.805440,On or near Old Drove,E01020928,Eastbourne 001D,Violence and sexual offences,Unable to prosecute suspect,
ea676932ec200ed03b0c17f8b05b90899eb6a2ccd69a8f2fdb74896305cea6a0,2017-03,Sussex Police,Sussex Police,0.301464,50.800701,On or near Lapwing Close,E01020928,Eastbourne 001D,Violence and sexual offences,Unable to prosecute suspect,
ad1efce81d8c7ded4c71021bf89fa3ef566ad0ac0c1aff4812b4c3f704efbcf6,2017-03,Sussex Police,Sussex Police,0.298553,50.804734,On or near Harebell Close,E01020928,Eastbourne 001D,Violence and sexual offences,Unable to prosecute suspect,
61b836c003f73228192a352716014f25fc540fad07818d6b89958b2b5c1973b2,2017-03,Sussex Police,Sussex Police,0.298553,50.804734,On or near Harebell Close,E01020928,Eastbourne 001D,Violence and sexual offences,Status update unavailable,
756f9b4937b5824e609dac1354d00968d0eda77f0b03a87fe4fbc00ff18c20df,2017-03,Sussex Police,Sussex Police,0.298553,50.804734,On or near Harebell Close,E01020928,Eastbourne 001D,Violence and sexual offences,Defendant found not guilty,
e70cc8ef6aeff4bb1f4223788bcc0f99f4e7db03d46d66c0f5ca16a1a4060d83,2017-03,Sussex Police,Sussex Police,0.297541,50.800877,On or near Swallow Close,E01020928,Eastbourne 001D,Violence and sexual offences,Unable to prosecute suspect,
,2017-03,Sussex Police,Sussex Police,0.294933,50.811946,On or near Cornish Close,E01020930,Eastbourne 001E,Anti-social behaviour,,
,2017-03,Sussex Police,Sussex Police,0.293185,50.811918,On or near Burwash Close,E01020930,Eastbourne 001E,Anti-social behaviour,,
,2017-03,Sussex Police,Sussex Police,0.291751,50.812485,On or near Hodcombe Close,E01020930,Eastbourne 001E,Anti-social behaviour,,
,2017-03,Sussex Police,Sussex Police,0.288244,50.811016,On or near Plumpton Close,E01020930,Eastbourne 001E,Anti-social behaviour,,
,2017-03,Sussex Police,Sussex Police,0.288244,50.811016,On or near Plumpton Close,E01020930,Eastbourne 001E,Anti-social behaviour,,
44cc7bb2e7b021519b13dbc4bf4ea3a13f884180d1194533ef9f8aaaf5696250,2017-03,Sussex Police,Sussex Police,0.288244,50.811016,On or near Plumpton Close,E01020930,Eastbourne 001E,Criminal damage and arson,Investigation complete; no suspect identified,
d20460620ea4bd10c85ccb7bf7cd06fc269e86594597d4cbd8d7b04f6a6d596b,2017-03,Sussex Police,Sussex Police,0.289712,50.811149,On or near Dean Wood Close,E01020930,Eastbourne 001E,Criminal damage and arson,Unable to prosecute suspect,
4d7041bc4a70e74612ce57a2e325bb8f598b5d073578289b64eee680eb65dc82,2017-03,Sussex Police,Sussex Police,0.288244,50.811016,On or near Plumpton Close,E01020930,Eastbourne 001E,Drugs,Offender given a caution,
51ea905b91469a677174f093e088dc1adbbff3ed1fa1134cd5d2523cab1dfff0,2017-03,Sussex Police,Sussex Police,0.291751,50.812485,On or near Hodcombe Close,E01020930,Eastbourne 001E,Other theft,Status update unavailable,
8be53db7d6cceaad357f3af21f355b91a7a28a6a894e87d8d2e99a1493680ef9,2017-03,Sussex Police,Sussex Police,0.294933,50.811946,On or near Cornish Close,E01020930,Eastbourne 001E,Public order,Investigation complete; no suspect identified,
ef83c36e68b7b80584e9315256fcfe6e47c3a9dab68de3b70ef902e325359cda,2017-03,Sussex Police,Sussex Police,0.288540,50.811847,On or near Crowhurst Close,E01020930,Eastbourne 001E,Vehicle crime,Investigation complete; no suspect identified,
848eb2c284b3afc4ab4f51d7db6508c67098a13549a5ad4c00fd863a43ca3f9f,2017-03,Sussex Police,Sussex Police,0.288244,50.811016,On or near Plumpton Close,E01020930,Eastbourne 001E,Violence and sexual offences,Unable to prosecute suspect,
dabfbafc79500103216fd8002ec21f35ffd5944ff3a8ce7868a469f4954e5b80,2017-03,Sussex Police,Sussex Police,0.293857,50.812309,On or near Pagham Close,E01020930,Eastbourne 001E,Violence and sexual offences,Offender given suspended prison sentence,
,2017-03,Sussex Police,Sussex Police,0.273505,50.804496,On or near Linden Close,E01020917,Eastbourne 002A,Anti-social behaviour,,
,2017-03,Sussex Police,Sussex Police,0.273407,50.806297,On or near Ash Close,E01020917,Eastbourne 002A,Anti-social behaviour,,
,2017-03,Sussex Police,Sussex Police,0.272708,50.805330,On or near Maywood Avenue,E01020917,Eastbourne 002A,Anti-social behaviour,,
,2017-03,Sussex Police,Sussex Police,0.271258,50.805286,On or near Holly Place,E01020917,Eastbourne 002A,Anti-social behaviour,,
,2017-03,Sussex Police,Sussex Police,0.271258,50.805286,On or near Holly Place,E01020917,Eastbourne 002A,Anti-social behaviour,,
a9074fb9ec38195080edf266b2bce8ae4aa72ee7351ba0ae193109a501c60b58,2017-03,Sussex Police,Sussex Police,0.273407,50.806297,On or near Ash Close,E01020917,Eastbourne 002A,Criminal damage and arson,Offender given a caution,
426dceaccf201c92e669d243fa657e16824ab652dc4c8216013ef7dcc2e1398b,2017-03,Sussex Police,Sussex Police,0.271258,50.805286,On or near Holly Place,E01020917,Eastbourne 002A,Criminal damage and arson,Investigation complete; no suspect identified,
782c7d94a40838990a063b17fef9478103401ab0d6f08567253b22069568dc95,2017-03,Sussex Police,Sussex Police,0.271258,50.805286,On or near Holly Place,E01020917,Eastbourne 002A,Criminal damage and arson,Investigation complete; no suspect identified,
09338f01444f0f181a912feffabe94d7859ba03cde5256d716fa7d3dba49dc63,2017-03,Sussex Police,Sussex Police,0.273505,50.804496,On or near Linden Close,E01020917,Eastbourne 002A,Other theft,Unable to prosecute suspect,
dfedf148a110dab4de7a08409809782ac00ecaaa542c2f8b628f70a0e2028c68,2017-03,Sussex Police,Sussex Police,0.271258,50.805286,On or near Holly Place,E01020917,Eastbourne 002A,Public order,Investigation complete; no suspect identified,
11c3a109a44ceb71e1e64e50fbfb386d4fcaeb15655bc1961e4935565d18b1dd,2017-03,Sussex Police,Sussex Police,0.273505,50.804496,On or near Linden Close,E01020917,Eastbourne 002A,Public order,Court result unavailable,
e6efd94a0b6dc8e04989dab0505a4eaf5b15be165f5d99156153353565071824,2017-03,Sussex Police,Sussex Police,0.271258,50.805286,On or near Holly Place,E01020917,Eastbourne 002A,Violence and sexual offences,Unable to prosecute suspect,
85cf36840fce74b3421993d35bcaf1ffcaebcd791ca68b60d29fdc8fd8424f25,2017-03,Sussex Police,Sussex Police,0.273505,50.804496,On or near Linden Close,E01020917,Eastbourne 002A,Violence and sexual offences,Unable to prosecute suspect,
3e56d94e96628549468e8eb0abf3634f87b1d2005972be47e845e4eaecc9fbd2,2017-03,Sussex Police,Sussex Police,0.270734,50.807077,On or near Byland Close,E01020917,Eastbourne 002A,Violence and sexual offences,Status update unavailable,
,2017-03,Sussex Police,Sussex Police,0.279406,50.805604,On or near Attfield Walk,E01020918,Eastbourne 002B,Anti-social behaviour,,
,2017-03,Sussex Police,Sussex Police,0.277446,50.803529,On or near Percival Road,E01020918,Eastbourne 002B,Anti-social behaviour,,
,2017-03,Sussex Police,Sussex Police,0.275050,50.804763,On or near Mulberry Close,E01020918,Eastbourne 002B,Anti-social behaviour,,
,2017-03,Sussex Police,Sussex Police,0.275050,50.804763,On or near Mulberry Close,E01020918,Eastbourne 002B,Anti-social behaviour,,
cc218d729fbef2963897a2926ec87986a35eb697078bf541c92df0613f631965,2017-03,Sussex Police,Sussex Police,0.277446,50.803529,On or near Percival Road,E01020918,Eastbourne 002B,Burglary,Offender sent to prison,
f1a8ea716af26601025ff621487fc0131bd942b10c44dd8fa7f7356d044c4698,2017-03,Sussex Police,Sussex Police,0.277446,50.803529,On or near Percival Road,E01020918,Eastbourne 002B,Criminal damage and arson,Unable to prosecute suspect,
6a27595d5a6e63b955e4026bd3a115ade0074a25e390f380f55c4823b9bde01f,2017-03,Sussex Police,Sussex Police,0.277456,50.805777,On or near Shepherds Close,E01020918,Eastbourne 002B,Other theft,Investigation complete; no suspect identified,
ef7cc6029e626197c8556a0ea41a1fee5084bdb71ec99d736eafd0f79fe3f1ca,2017-03,Sussex Police,Sussex Police,0.278818,50.806938,On or near Percival Crescent,E01020918,Eastbourne 002B,Violence and sexual offences,Unable to prosecute suspect,
f3d1dc92315dfbb36a0d4fdcedd03a25d345a103c5f1a4913d357075c1bc1dbf,2017-03,Sussex Police,Sussex Police,0.277446,50.803529,On or near Percival Road,E01020918,Eastbourne 002B,Violence and sexual offences,Unable to prosecute suspect,
0fe1daefffd93ca74ea8fbb84d1000baf0334dd46c89dc3567f0237839d71449,2017-03,Sussex Police,Sussex Police,0.275050,50.804763,On or near Mulberry Close,E01020918,Eastbourne 002B,Violence and sexual offences,Status update unavailable,
be8eff46a0e85dd2c85fd900499e7bfa3c0a206154c45844063b24d8d8596cd4,2017-03,Sussex Police,Sussex Police,0.277446,50.803529,On or near Percival Road,E01020918,Eastbourne 002B,Violence and sexual offences,Local resolution,
c6e64a3793d621c60393eed573dcd0a5a790f6d980845c937cb26dc182f81702,2017-03,Sussex Police,Sussex Police,0.280659,50.803925,On or near Tugwell Road,E01020918,Eastbourne 002B,Violence and sexual offences,Status update unavailable,
e33b12c147485dae7e16d1b987aeb5719664ec7f2eb0503fb740d8a8fe57754a,2017-03,Sussex Police,Sussex Police,0.277456,50.805777,On or near Shepherds Close,E01020918,Eastbourne 002B,Violence and sexual offences,Investigation complete; no suspect identified,
c53e7d180f00781979bcd79a3144999fd61ec7c7a513a6f24c2d8d2777553e5a,2017-03,Sussex Police,Sussex Police,0.278818,50.806938,On or near Percival Crescent,E01020918,Eastbourne 002B,Violence and sexual offences,Court result unavailable,
1de6b99e184d935d4db534688b30a4a414b0e13b79e3a2c15b272c5b78d406be,2017-03,Sussex Police,Sussex Police,0.277446,50.803529,On or near Percival Road,E01020918,Eastbourne 002B,Violence and sexual offences,Local resolution,
,2017-03,Sussex Police,Sussex Police,0.279666,50.799573,On or near Lottbridge Drive,E01020919,Eastbourne 002C,Anti-social behaviour,,
,2017-03,Sussex Police,Sussex Police,0.279666,50.799573,On or near Lottbridge Drive,E01020919,Eastbourne 002C,Anti-social behaviour,,
,2017-03,Sussex Police,Sussex Police,0.278848,50.802296,On or near The Paddock,E01020919,Eastbourne 002C,Anti-social behaviour,,
ae9eee70fee9591428cd52e8946a586e18a80eb12fd943249122629bdffef485,2017-03,Sussex Police,Sussex Police,0.279666,50.799573,On or near Lottbridge Drive,E01020919,Eastbourne 002C,Criminal damage and arson,Investigation complete; no suspect identified,
3424f58a6dabe99a9769526ddca705374965b02511bb996bf0d58e8e7caac4d8,2017-03,Sussex Police,Sussex Police,0.279666,50.799573,On or near Lottbridge Drive,E01020919,Eastbourne 002C,Criminal damage and arson,Further investigation is not in the public interest,
1056803c2e3d1d4ac6070849bcbf6d7c0098c935488d152dc28060643b2cae2a,2017-03,Sussex Police,Sussex Police,0.278848,50.802296,On or near The Paddock,E01020919,Eastbourne 002C,Criminal damage and arson,Status update unavailable,
535d94c564bc08b96c9b5bdcd2c9209720659b790312a2b63811e9f2600c22fd,2017-03,Sussex Police,Sussex Police,0.273955,50.801214,On or near Petworth Place,E01020919,Eastbourne 002C,Criminal damage and arson,Investigation complete; no suspect identified,
7058d763c48e6ce33606f607338a1c3d2a50bc931f5b4daef515ef9596ffaba4,2017-03,Sussex Police,Sussex Police,0.279666,50.799573,On or near Lottbridge Drive,E01020919,Eastbourne 002C,Public order,Unable to prosecute suspect,
f31c09f5a6f27dce2b769c4af0a0d8fd42c9ce795e7ebe7981daa083424d9844,2017-03,Sussex Police,Sussex Police,0.278848,50.802296,On or near The Paddock,E01020919,Eastbourne 002C,Robbery,Unable to prosecute suspect,
abd236eda3d180687d986beebb6c52e58a33faf70e44c3beefac6adb7451a13d,2017-03,Sussex Police,Sussex Police,0.279666,50.799573,On or near Lottbridge Drive,E01020919,Eastbourne 002C,Vehicle crime,Investigation complete; no suspect identified,
423d246173fabf4c840b2e2afdefecf330f288644a108805e034e1af4ee5703d,2017-03,Sussex Police,Sussex Police,0.278848,50.802296,On or near The Paddock,E01020919,Eastbourne 002C,Violence and sexual offences,Defendant found not guilty,
bd39ce0fa7ac3bf7f5e5eb72fd13294a579bd2134e7a49253940322b6a3735be,2017-03,Sussex Police,Sussex Police,0.273955,50.801214,On or near Petworth Place,E01020919,Eastbourne 002C,Violence and sexual offences,Awaiting court outcome,
fcb0d5a1b6ab6257e8e33517bd7b7ff2753ce24ce2811602e7037d70a005419e,2017-03,Sussex Police,Sussex Police,0.279666,50.799573,On or near Lottbridge Drive,E01020919,Eastbourne 002C,Violence and sexual offences,Unable to prosecute suspect,
4defd1950c26f86c058d125551b3ab9e2fa11c5b7a17d4ce9cbd07f22173ce86,2017-03,Sussex Police,Sussex Police,0.279666,50.799573,On or near Lottbridge Drive,E01020919,Eastbourne 002C,Violence and sexual offences,Status update unavailable,
f22adb585357e193dac4b65dc1f462aa137b5772bae176fa0990f56dc2e11cb1,2017-03,Sussex Police,Sussex Police,0.283126,50.802123,On or near Cade Street,E01020919,Eastbourne 002C,Violence and sexual offences,Unable to prosecute suspect,
,2017-03,Sussex Police,Sussex Police,0.268014,50.808344,On or near Woburn Way,E01020923,Eastbourne 002D,Anti-social behaviour,,
79254c568d7aef61e4f6459a32d8810522d0327315f86aa371f81dd8ff10f737,2017-03,Sussex Police,Sussex Police,0.269814,50.809173,On or near Malvern Close,E01020923,Eastbourne 002D,Other theft,Unable to prosecute suspect,
b2d998aed5e8fa7502662d91e4fd89967fee4503dbfbb7801a9bc42b6ff98ac7,2017-03,Sussex Police,Sussex Police,0.269814,50.809173,On or near Malvern Close,E01020923,Eastbourne 002D,Violence and sexual offences,Offender given a caution,
07faf9d9657fe27c14fa67dc7ef5ae611da9200f4dbdb3766bd2c0bee70b8097,2017-03,Sussex Police,Sussex Police,0.268014,50.808344,On or near Woburn Way,E01020923,Eastbourne 002D,Violence and sexual offences,Investigation complete; no suspect identified,
7e5e0da25650a52f0b23fd2255443b471533d541cdd9b994d17671b3389ee1b8,2017-03,Sussex Police,Sussex Police,0.269814,50.809173,On or near Malvern Close,E01020923,Eastbourne 002D,Violence and sexual offences,Status update unavailable,
168dda22cb7f099901f3c01ac8f88589bdc47573d3b49c90eb429d7a2d0e8137,2017-03,Sussex Police,Sussex Police,0.269545,50.807721,On or near Tintern Close,E01020923,Eastbourne 002D,Violence and sexual offences,Unable to prosecute suspect,
cfa369c6ea246a317d1eabceaf944331980c49cc5d6efb0ee8984b5546321842,2017-03,Sussex Police,Sussex Police,0.269545,50.807721,On or near Tintern Close,E01020923,Eastbourne 002D,Violence and sexual offences,Unable to prosecute suspect,
,2017-03,Sussex Police,Sussex Police,0.266521,50.803310,On or near Tamarack Close,E01020949,Eastbourne 002E,Anti-social behaviour,,
,2017-03,Sussex Police,Sussex Police,0.266521,50.803310,On or near Tamarack Close,E01020949,Eastbourne 002E,Anti-social behaviour,,
,2017-03,Sussex Police,Sussex Police,0.271003,50.802674,On or near Brodrick Road,E01020949,Eastbourne 002E,Anti-social behaviour,,
,2017-03,Sussex Police,Sussex Police,0.271003,50.802674,On or near Brodrick Road,E01020949,Eastbourne 002E,Anti-social behaviour,,
,2017-03,Sussex Police,Sussex Police,0.269951,50.803504,On or near Aspen Road,E01020949,Eastbourne 002E,Anti-social behaviour,,
,2017-03,Sussex Police,Sussex Police,0.267839,50.803266,On or near Maywood Avenue,E01020949,Eastbourne 002E,Anti-social behaviour,,
,2017-03,Sussex Police,Sussex Police,0.267839,50.803266,On or near Maywood Avenue,E01020949,Eastbourne 002E,Anti-social behaviour,,
4a4941a915df607bf3ae1eba5e7c0ea86ac6be0d958d0d003f61ecebab1705cb,2017-03,Sussex Police,Sussex Police,0.261083,50.806222,On or near Anderida Road,E01020949,Eastbourne 002E,Criminal damage and arson,Investigation complete; no suspect identified,
2f2d1f9f288760c467bf9dafd77303edc44583ad0ed696c8bcdc2e7308b24958,2017-03,Sussex Police,Sussex Police,0.264769,50.803776,On or near Elderwood Close,E01020949,Eastbourne 002E,Drugs,Local resolution,
9bcb81bdd344a9dbc236723df81f07b37e94b2d82dc4aa860373014a1f4428a7,2017-03,Sussex Police,Sussex Police,0.264990,50.806002,On or near Limetree Avenue,E01020949,Eastbourne 002E,Other theft,Investigation complete; no suspect identified,
11fb36c735a8e0390210a3271b4c6e72708615a072cdbab7f12512ef88473191,2017-03,Sussex Police,Sussex Police,0.268802,50.802933,On or near Acacia Road,E01020949,Eastbourne 002E,Possession of weapons,Local resolution,
c2c90669fb95990b72bc1c5375f6059b7277107eaaf8a9d7a3b353a8160e4975,2017-03,Sussex Police,Sussex Police,0.265727,50.806257,On or near Rowan Avenue,E01020949,Eastbourne 002E,Violence and sexual offences,Unable to prosecute suspect,
9d0387be9b402056da357355edec228dca98aab893a0c938549f23e18b930ee8,2017-03,Sussex Police,Sussex Police,0.269433,50.804243,On or near Chestnut Close,E01020949,Eastbourne 002E,Violence and sexual offences,Unable to prosecute suspect,
c5c0d08e489155b749d97e6f16c3f1c6de5e0536b9542ee10ebb64ef2f33df1c,2017-03,Sussex Police,Sussex Police,0.265727,50.806257,On or near Rowan Avenue,E01020949,Eastbourne 002E,Violence and sexual offences,Status update unavailable,
5847677b8e43afce218b9c42f23fb28954f9adf0727a6913e15533175bacb80a,2017-03,Sussex Police,Sussex Police,0.269433,50.804243,On or near Chestnut Close,E01020949,Eastbourne 002E,Violence and sexual offences,Unable to prosecute suspect,
f65402a036aa8274582678a6c42869e2a54d64d7227593ab2b22508908a3d970,2017-03,Sussex Police,Sussex Police,0.269433,50.804243,On or near Chestnut Close,E01020949,Eastbourne 002E,Violence and sexual offences,Unable to prosecute suspect,
,2017-03,Sussex Police,Sussex Police,0.313057,50.807559,On or near Pentland Close,E01020926,Eastbourne 003A,Anti-social behaviour,,
2f256ce7f5480ee9724a6eb0d07c1f88506a32e5143f9542f8587dd4088476b3,2017-03,Sussex Police,Sussex Police,0.302881,50.808749,On or near Coniston Road,E01020926,Eastbourne 003A,Violence and sexual offences,Unable to prosecute suspect,
0ef06cba947b59eda82bc21fb3758a695e5b2c117599c6b31823a79e2e413cca,2017-03,Sussex Police,Sussex Police,0.312207,50.805867,On or near Walton Close,E01020926,Eastbourne 003A,Violence and sexual offences,Unable to prosecute suspect,
5226be73aa4369fd70374fadaba4f81679a4a93e35a04581cc949bee207f061f,2017-03,Sussex Police,Sussex Police,0.305886,50.806927,On or near Cairngorm Close,E01020926,Eastbourne 003A,Violence and sexual offences,Unable to prosecute suspect,
,2017-03,Sussex Police,Sussex Police,0.305950,50.801880,On or near Swanley Close,E01020929,Eastbourne 003B,Anti-social behaviour,,
,2017-03,Sussex Police,Sussex Police,0.307727,50.798481,On or near Parking Area,E01020929,Eastbourne 003B,Anti-social behaviour,,
,2017-03,Sussex Police,Sussex Police,0.306339,50.803150,On or near Petrol Station,E01020929,Eastbourne 003B,Anti-social behaviour,,
,2017-03,Sussex Police,Sussex Police,0.307727,50.798481,On or near Parking Area,E01020929,Eastbourne 003B,Anti-social behaviour,,
,2017-03,Sussex Police,Sussex Police,0.309978,50.799237,On or near Biddenden Close,E01020929,Eastbourne 003B,Anti-social behaviour,,
,2017-03,Sussex Police,Sussex Police,0.308111,50.799373,On or near Tenterden Close,E01020929,Eastbourne 003B,Anti-social behaviour,,
,2017-03,Sussex Police,Sussex Police,0.305795,50.801047,On or near Hawkhurst Close,E01020929,Eastbourne 003B,Anti-social behaviour,,
073da16eaa699e9b0e394353c111653b2e9a6cb4c064b2534b3a100d9288dcd2,2017-03,Sussex Police,Sussex Police,0.307157,50.798736,On or near Wrotham Close,E01020929,Eastbourne 003B,Burglary,Investigation complete; no suspect identified,
7fbd2325c2085d30464b9232c3d34f71d21358542347cc63461fc3fff8c7697b,2017-03,Sussex Police,Sussex Police,0.308692,50.802519,On or near Freshford Close,E01020929,Eastbourne 003B,Burglary,Investigation complete; no suspect identified,
a3ccbe2037c6fccc2ea4458017b03959601b1aaa4d63741e6dbbb5d888c96316,2017-03,Sussex Police,Sussex Police,0.308976,50.803107,On or near Pensford Drive,E01020929,Eastbourne 003B,Other theft,Investigation complete; no suspect identified,
ff78a876d8f8b4f5b67b6ca53bb79e0a6129792b8599e10d6de19935815715c6,2017-03,Sussex Police,Sussex Police,0.307876,50.803524,On or near Wayford Close,E01020929,Eastbourne 003B,Public order,Unable to prosecute suspect,
6a11b17623a6d9c1f68398c65cce51a1a1bc97a6fcf92e773fdb9411bda6fb93,2017-03,Sussex Police,Sussex Police,0.310470,50.802025,On or near Close Two,E01020929,Eastbourne 003B,Violence and sexual offences,Unable to prosecute suspect,
3f57ad50d487762f26d6d7022241a0a3212b554f2f97c8c83178bde0bb380913,2017-03,Sussex Police,Sussex Police,0.308111,50.799373,On or near Tenterden Close,E01020929,Eastbourne 003B,Violence and sexual offences,Unable to prosecute suspect,
a01ef497e5a34904b51b44c76da62dcd04a71c09c3b33d07ea4acb5b09d85a32,2017-03,Sussex Police,Sussex Police,0.309061,50.801648,On or near Bathford Close,E01020929,Eastbourne 003B,Violence and sexual offences,Further investigation is not in the public interest,
15ab24160b20b0afa1505550d8da3d26ff3bf4a185554b6894bdfc87db5bc21b,2017-03,Sussex Police,Sussex Police,0.307727,50.798481,On or near Parking Area,E01020929,Eastbourne 003B,Violence and sexual offences,Offender fined,
016e1a856ea68ad88b1e9bca2a0777cf36d514930930af2daddd1bc7ef19f401,2017-03,Sussex Police,Sussex Police,0.308111,50.799373,On or near Tenterden Close,E01020929,Eastbourne 003B,Violence and sexual offences,Unable to prosecute suspect,
,2017-03,Sussex Police,Sussex Police,0.314304,50.798909,On or near Redford Close,E01020955,Eastbourne 003C,Anti-social behaviour,,
,2017-03,Sussex Police,Sussex Police,0.313590,50.797079,On or near Etchingham Road,E01020955,Eastbourne 003C,Anti-social behaviour,,
,2017-03,Sussex Police,Sussex Police,0.313590,50.797079,On or near Etchingham Road,E01020955,Eastbourne 003C,Anti-social behaviour,,
,2017-03,Sussex Police,Sussex Police,0.313590,50.797079,On or near Etchingham Road,E01020955,Eastbourne 003C,Anti-social behaviour,,
,2017-03,Sussex Police,Sussex Police,0.313590,50.797079,On or near Etchingham Road,E01020955,Eastbourne 003C,Anti-social behaviour,,
,2017-03,Sussex Police,Sussex Police,0.313590,50.797079,On or near Etchingham Road,E01020955,Eastbourne 003C,Anti-social behaviour,,
,2017-03,Sussex Police,Sussex Police,0.313590,50.797079,On or near Etchingham Road,E01020955,Eastbourne 003C,Anti-social behaviour,,
,2017-03,Sussex Police,Sussex Police,0.313590,50.797079,On or near Etchingham Road,E01020955,Eastbourne 003C,Anti-social behaviour,,
,2017-03,Sussex Police,Sussex Police,0.309364,50.798584,On or near Pembury Road,E01020955,Eastbourne 003C,Anti-social behaviour,,
,2017-03,Sussex Police,Sussex Police,0.313590,50.797079,On or near Etchingham Road,E01020955,Eastbourne 003C,Anti-social behaviour,,
cb492eec98a1faa772917f7530da5ff23fbb7c0da2d9cadda9ea86db87e13a19,2017-03,Sussex Police,Sussex Police,0.313590,50.797079,On or near Etchingham Road,E01020955,Eastbourne 003C,Criminal damage and arson,Investigation complete; no suspect identified,
fe0a9cc3b8c002007f5e11db15a940fbad94d784189e62e48efd9d64d7aab0f6,2017-03,Sussex Police,Sussex Police,0.309364,50.798584,On or near Pembury Road,E01020955,Eastbourne 003C,Criminal damage and arson,Investigation complete; no suspect identified,
02c330a7e6845155d398108bde097301de8186b9bf8c4332c6d4f408ef40e454,2017-03,Sussex Police,Sussex Police,0.313590,50.797079,On or near Etchingham Road,E01020955,Eastbourne 003C,Other theft,Investigation complete; no suspect identified,
af6e1e36f81a3b1e742d7d5fcd8067c1a4732a3f75b47d24b1a7f8d1c95c260d,2017-03,Sussex Police,Sussex Police,0.311060,50.797300,On or near Gainsborough Crescent,E01020955,Eastbourne 003C,Other theft,Investigation complete; no suspect identified,
20377fcc95b4d5e8628b31e6a350dadd4ed545f6a51d43de442b1bcb2093f2be,2017-03,Sussex Police,Sussex Police,0.313590,50.797079,On or near Etchingham Road,E01020955,Eastbourne 003C,Robbery,Investigation complete; no suspect identified,
53f20e8877f9f524fa5058d988f5836feaac813aae80654583bd22728c730521,2017-03,Sussex Police,Sussex Police,0.310342,50.795696,On or near Constable Road,E01020955,Eastbourne 003C,Vehicle crime,Investigation complete; no suspect identified,
b38b2528e4ed72b31a23e699a0d4e70a680cb4572d2aec5a72106c60d60c9a68,2017-03,Sussex Police,Sussex Police,0.316153,50.798989,On or near Keymer Close,E01020955,Eastbourne 003C,Violence and sexual offences,Unable to prosecute suspect,
79946101402d112c9b7b524bb775628bbde2340ec081b984a50ea6356fd469ac,2017-03,Sussex Police,Sussex Police,0.313678,50.802600,On or near Jerome Close,E01020956,Eastbourne 003D,Criminal damage and arson,Investigation complete; no suspect identified,
8d171098231977697665f53fea07e681f76fcf4f3f6d64ef145e84f513a25a58,2017-03,Sussex Police,Sussex Police,0.318033,50.801128,On or near Close Nine,E01020956,Eastbourne 003D,Criminal damage and arson,Investigation complete; no suspect identified,
1fd7c57f6e643e8a5c0fc060a4c7b89246159b41244eb435ec3547c0e03c3b81,2017-03,Sussex Police,Sussex Police,0.318033,50.801128,On or near Close Nine,E01020956,Eastbourne 003D,Criminal damage and arson,Investigation complete; no suspect identified,
bd87ec8d3133a80ea255353d05d8dd4ce8ba60e779729a3ca7bcde440ff0979f,2017-03,Sussex Police,Sussex Police,0.317727,50.799812,On or near Spring Lodge Close,E01020956,Eastbourne 003D,Violence and sexual offences,Further investigation is not in the public interest,
,2017-03,Sussex Police,Sussex Police,0.316403,50.797446,On or near Saxby Close,E01020957,Eastbourne 003E,Anti-social behaviour,,
,2017-03,Sussex Police,Sussex Police,0.323088,50.797745,On or near Pevensey Bay Road,E01020957,Eastbourne 003E,Anti-social behaviour,,
,2017-03,Sussex Police,Sussex Police,0.319146,50.796663,On or near Monarch Gardens,E01020957,Eastbourne 003E,Anti-social behaviour,,
,2017-03,Sussex Police,Sussex Police,0.312128,50.796802,On or near Langney Rise,E01020957,Eastbourne 003E,Anti-social behaviour,,
,2017-03,Sussex Police,Sussex Police,0.312128,50.796802,On or near Langney Rise,E01020957,Eastbourne 003E,Anti-social behaviour,,
,2017-03,Sussex Police,Sussex Police,0.312128,50.796802,On or near Langney Rise,E01020957,Eastbourne 003E,Anti-social behaviour,,
11b404a3825f85d68401c2e97e4ff692191ea3e502349ec911fa77dadf27aea9,2017-03,Sussex Police,Sussex Police,0.316032,50.795385,On or near Great Cliffe Road,E01020957,Eastbourne 003E,Bicycle theft,Investigation complete; no suspect identified,
e8ea8d6ca877a55984bcdbb9690563870ba4ccc5588f151a27a06d5d523affa2,2017-03,Sussex Police,Sussex Police,0.312128,50.796802,On or near Langney Rise,E01020957,Eastbourne 003E,Burglary,Investigation complete; no suspect identified,
fa89f6cc1408e8d8211dcd7fbda3270fc69f3b330689017596395c953eba536a,2017-03,Sussex Police,Sussex Police,0.319146,50.796663,On or near Monarch Gardens,E01020957,Eastbourne 003E,Burglary,Investigation complete; no suspect identified,
f789e7580c8f55ece4850215bf06598f1794a2471a07f1666852474486a28205,2017-03,Sussex Police,Sussex Police,0.311663,50.795427,On or near Reynolds Road,E01020957,Eastbourne 003E,Burglary,Investigation complete; no suspect identified,
68d80aa78d256809bac84c1fb024385b8236ac09261d5d126e40505b7697a80e,2017-03,Sussex Police,Sussex Police,0.314141,50.793021,On or near A259,E01020957,Eastbourne 003E,Burglary,Investigation complete; no suspect identified,
41f622c9864b84cce6136946afd30228334dc53e43d39f774bad9dfba5f078e8,2017-03,Sussex Police,Sussex Police,0.316032,50.795385,On or near Great Cliffe Road,E01020957,Eastbourne 003E,Criminal damage and arson,Investigation complete; no suspect identified,
6e743255201901a91a7d881622b1713a6b2401c0a44473d61cf230fa1dc3dc24,2017-03,Sussex Police,Sussex Police,0.311663,50.795427,On or near Reynolds Road,E01020957,Eastbourne 003E,Criminal damage and arson,Investigation complete; no suspect identified,
0f469b45b54c482e4788fb61e2e1c89bcc9a7a298c626c8db59f99b890bc2ca5,2017-03,Sussex Police,Sussex Police,0.311663,50.795427,On or near Reynolds Road,E01020957,Eastbourne 003E,Criminal damage and arson,Offender ordered to pay compensation,
,2017-03,Sussex Police,Sussex Police,0.289181,50.798820,On or near Edward Road,E01020920,Eastbourne 004A,Anti-social behaviour,,
,2017-03,Sussex Police,Sussex Police,0.289181,50.798820,On or near Edward Road,E01020920,Eastbourne 004A,Anti-social behaviour,,
,2017-03,Sussex Police,Sussex Police,0.287018,50.799294,On or near Ashington Road,E01020920,Eastbourne 004A,Anti-social behaviour,,
,2017-03,Sussex Police,Sussex Police,0.287018,50.799294,On or near Ashington Road,E01020920,Eastbourne 004A,Anti-social behaviour,,
,2017-03,Sussex Police,Sussex Police,0.287018,50.799294,On or near Ashington Road,E01020920,Eastbourne 004A,Anti-social behaviour,,
,2017-03,Sussex Police,Sussex Police,0.287018,50.799294,On or near Ashington Road,E01020920,Eastbourne 004A,Anti-social behaviour,,
,2017-03,Sussex Police,Sussex Police,0.287018,50.799294,On or near Ashington Road,E01020920,Eastbourne 004A,Anti-social behaviour,,
,2017-03,Sussex Police,Sussex Police,0.286264,50.798670,On or near Penhurst Close,E01020920,Eastbourne 004A,Anti-social behaviour,,
,2017-03,Sussex Police,Sussex Police,0.285764,50.804994,On or near Golden Jubilee Way,E01020920,Eastbourne 004A,Anti-social behaviour,,
,2017-03,Sussex Police,Sussex Police,0.285191,50.802577,On or near Otham Road,E01020920,Eastbourne 004A,Anti-social behaviour,,
,2017-03,Sussex Police,Sussex Police,0.284705,50.801039,On or near Manor Road,E01020920,Eastbourne 004A,Anti-social behaviour,,
,2017-03,Sussex Police,Sussex Police,0.284705,50.801039,On or near Manor Road,E01020920,Eastbourne 004A,Anti-social behaviour,,
,2017-03,Sussex Police,Sussex Police,0.282806,50.800222,On or near The Hydneye,E01020920,Eastbourne 004A,Anti-social behaviour,,
,2017-03,Sussex Police,Sussex Police,0.282891,50.801965,On or near Benjamin Close,E01020920,Eastbourne 004A,Anti-social behaviour,,
cbc49a723b62f6a3e8513dd0b73cf5eed002e4a36e50c15c04763610d18cbb09,2017-03,Sussex Police,Sussex Police,0.284331,50.802405,On or near Iden Street,E01020920,Eastbourne 004A,Criminal damage and arson,Investigation complete; no suspect identified,
0b6d51da31fa9a38b1760e13965bda86f4571910cf3a7284a0afe1b5c57ff491,2017-03,Sussex Police,Sussex Police,0.284705,50.801039,On or near Manor Road,E01020920,Eastbourne 004A,Criminal damage and arson,Unable to prosecute suspect,
009cea6587113191b81c439f19ed354caecd048402db85c6b6ae2a078e699bb6,2017-03,Sussex Police,Sussex Police,0.284140,50.799944,On or near Barnham Close,E01020920,Eastbourne 004A,Criminal damage and arson,Investigation complete; no suspect identified,
f8b652e67f3d71b7df43178b18324153fb8d9dff2f69146d71f94996d8539ecd,2017-03,Sussex Police,Sussex Police,0.285291,50.798213,On or near Dallington Road,E01020920,Eastbourne 004A,Criminal damage and arson,Investigation complete; no suspect identified,
de627f4ee37e57a1af5ddef6b7900afab32a02040ad8d53a9a76eb2241b673b8,2017-03,Sussex Police,Sussex Police,0.287926,50.795805,On or near Edison Road,E01020920,Eastbourne 004A,Other theft,Offender given a caution,
c68d7be965094a520e9ec235c4f83be34b023f9219eee90bb64a4916304a3969,2017-03,Sussex Police,Sussex Police,0.287018,50.799294,On or near Ashington Road,E01020920,Eastbourne 004A,Other theft,Status update unavailable,
183d6e301d6def43b5422d13ada60ed3e88ce23f0185c4adb256515b180a6f57,2017-03,Sussex Police,Sussex Police,0.282891,50.801965,On or near Benjamin Close,E01020920,Eastbourne 004A,Public order,Investigation complete; no suspect identified,
b805bdb5bcbf16c8f1bf5010467b8292276f434b1da507f7524dea74bfc2c38f,2017-03,Sussex Police,Sussex Police,0.287018,50.799294,On or near Ashington Road,E01020920,Eastbourne 004A,Public order,Further investigation is not in the public interest,
233028cb5431e43dcb7784905b20127d991e44044bfe7949fa8dea7143c84c78,2017-03,Sussex Police,Sussex Police,0.285148,50.799367,On or near Port Road,E01020920,Eastbourne 004A,Public order,Unable to prosecute suspect,
699c8de7900ff81610ee81afd96589c15cf1feb69f015114a2ee9b882414099f,2017-03,Sussex Police,Sussex Police,0.285291,50.798213,On or near Dallington Road,E01020920,Eastbourne 004A,Shoplifting,Local resolution,
f09f10ed666b4e355b3b36657556e3a3f772a5a4c0c5b71df70f2c4b68e7b58e,2017-03,Sussex Police,Sussex Police,0.285291,50.798213,On or near Dallington Road,E01020920,Eastbourne 004A,Shoplifting,Local resolution,
399eb0f60aa68686de50194d9b93ecddd665d7acc6d5a0e2904bf715e86cef35,2017-03,Sussex Police,Sussex Police,0.285291,50.798213,On or near Dallington Road,E01020920,Eastbourne 004A,Theft from the person,Investigation complete; no suspect identified,
6e205c8e80971740646709a441ac9aea0a72ff955023c13889f8ce40b945419a,2017-03,Sussex Police,Sussex Police,0.285291,50.798213,On or near Dallington Road,E01020920,Eastbourne 004A,Vehicle crime,Investigation complete; no suspect identified,
b377920d678ecaaa191b7d7400c729e00a567e820308127d0bddcb6840f0ce97,2017-03,Sussex Police,Sussex Police,0.285291,50.798213,On or near Dallington Road,E01020920,Eastbourne 004A,Vehicle crime,Investigation complete; no suspect identified,
ea7d4ae2629f4ffef6bfda5a34946394269206298094bf1145b0ed0e1c8799ce,2017-03,Sussex Police,Sussex Police,0.284705,50.801039,On or near Manor Road,E01020920,Eastbourne 004A,Violence and sexual offences,Unable to prosecute suspect,
d59de1b1dc7e9a7178a10607c62231e6572c83232b758e42fb1c0881dab9bcc2,2017-03,Sussex Police,Sussex Police,0.285148,50.799367,On or near Port Road,E01020920,Eastbourne 004A,Violence and sexual offences,Awaiting court outcome,
24dff92b5d6d9167470f8ec377d2c17de0904f741ed9e8029920c0ec75c9b019,2017-03,Sussex Police,Sussex Police,0.285148,50.799367,On or near Port Road,E01020920,Eastbourne 004A,Violence and sexual offences,Court result unavailable,
174797e6f4e12553d26599d9cbe8fdeb68a0436f43ce407566f6aedc6d46b02c,2017-03,Sussex Police,Sussex Police,0.287926,50.795805,On or near Edison Road,E01020920,Eastbourne 004A,Violence and sexual offences,Awaiting court outcome,
91900a7cfff3750a533bf7873c56fff35176c728f8f2abc834e3314a70fbfbac,2017-03,Sussex Police,Sussex Police,0.289181,50.798820,On or near Edward Road,E01020920,Eastbourne 004A,Violence and sexual offences,Unable to prosecute suspect,
6a7f42cfb6b2e6b92f5c07aa8387b8a6d5bdb241abdfbcfc8de205a6745bc5dc,2017-03,Sussex Police,Sussex Police,0.285291,50.798213,On or near Dallington Road,E01020920,Eastbourne 004A,Violence and sexual offences,Unable to prosecute suspect,
,2017-03,Sussex Police,Sussex Police,0.271613,50.800621,On or near Faygate Road,E01020921,Eastbourne 004B,Anti-social behaviour,,
,2017-03,Sussex Police,Sussex Police,0.272216,50.792568,On or near Sports/Recreation Area,E01020921,Eastbourne 004B,Anti-social behaviour,,
,2017-03,Sussex Police,Sussex Police,0.270319,50.799108,On or near Parkfield Avenue,E01020921,Eastbourne 004B,Anti-social behaviour,,
,2017-03,Sussex Police,Sussex Police,0.267529,50.795699,On or near Decoy Drive,E01020921,Eastbourne 004B,Anti-social behaviour,,
,2017-03,Sussex Police,Sussex Police,0.267529,50.795699,On or near Decoy Drive,E01020921,Eastbourne 004B,Anti-social behaviour,,
,2017-03,Sussex Police,Sussex Police,0.268940,50.801401,On or near Sports/Recreation Area,E01020921,Eastbourne 004B,Anti-social behaviour,,
3f491c771da9042245b0c76e2661fe1bd413a43982bb9cb48ce5330d0c00a5f1,2017-03,Sussex Police,Sussex Police,0.271210,50.801960,On or near Henfield Road,E01020921,Eastbourne 004B,Criminal damage and arson,Unable to prosecute suspect,
92e634b595b4680f22581416935b19b322515d186b98140448ad9d3aa74365a5,2017-03,Sussex Police,Sussex Police,0.271210,50.801960,On or near Henfield Road,E01020921,Eastbourne 004B,Criminal damage and arson,Unable to prosecute suspect,
75e04b84349b79883a43261c459ee0b2fca423f4723861dade3d773e510547f3,2017-03,Sussex Police,Sussex Police,0.272216,50.792568,On or near Sports/Recreation Area,E01020921,Eastbourne 004B,Drugs,Offender given a drugs possession warning,
5f5ea83810b02f8c636cc1701b43c134fc7370cda93e6ccf8b16e098d3261aa2,2017-03,Sussex Police,Sussex Police,0.271613,50.800621,On or near Faygate Road,E01020921,Eastbourne 004B,Public order,Unable to prosecute suspect,
b7dfe3e930b6601292c04052c7e60207e2dedb1589638caf9ac0a18460ba4563,2017-03,Sussex Police,Sussex Police,0.267529,50.795699,On or near Decoy Drive,E01020921,Eastbourne 004B,Violence and sexual offences,Investigation complete; no suspect identified,
4b051b572e4093dd6170c07e74ede58784f2effb11c8c3d42af2ef9282185188,2017-03,Sussex Police,Sussex Police,0.270953,50.797836,On or near Firwood Close,E01020921,Eastbourne 004B,Violence and sexual offences,Investigation complete; no suspect identified,
4957388afa4d132019689e0c57f87b12873f21f263aeacb56290d3baf8b879bd,2017-03,Sussex Police,Sussex Police,0.271210,50.801960,On or near Henfield Road,E01020921,Eastbourne 004B,Violence and sexual offences,Further investigation is not in the public interest,
,2017-03,Sussex Police,Sussex Police,0.281344,50.798470,On or near Supermarket,E01020922,Eastbourne 004C,Anti-social behaviour,,
,2017-03,Sussex Police,Sussex Police,0.279801,50.793598,On or near Petrol Station,E01020922,Eastbourne 004C,Anti-social behaviour,,
,2017-03,Sussex Police,Sussex Police,0.279559,50.795321,On or near Mallard Close,E01020922,Eastbourne 004C,Anti-social behaviour,,
,2017-03,Sussex Police,Sussex Police,0.277760,50.798603,On or near Howletts Close,E01020922,Eastbourne 004C,Anti-social behaviour,,
a66abf0b3cf5b673e3f9af6410ac0a11a18bc786215f7c1c857b5f37b35a860b,2017-03,Sussex Police,Sussex Police,0.281723,50.795773,On or near Faraday Close,E01020922,Eastbourne 004C,Bicycle theft,Investigation complete; no suspect identified,
07328a4cd41fbfc69b19c58f276fe6f1c3cb4d08ee4bab5795444e0659111911,2017-03,Sussex Police,Sussex Police,0.278681,50.799754,On or near Wadhurst Close,E01020922,Eastbourne 004C,Criminal damage and arson,Unable to prosecute suspect,
1a45618c295d3cda59b2b01e0a6cf798ef58e158577c35aebef90be7f542826b,2017-03,Sussex Police,Sussex Police,0.278478,50.792644,On or near Broadwater Way,E01020922,Eastbourne 004C,Other theft,Investigation complete; no suspect identified,
9c217e118958fb88d3c879021c5f2e59902c5effeeda8f5e95964645eee1088a,2017-03,Sussex Police,Sussex Police,0.277558,50.797087,On or near Supermarket,E01020922,Eastbourne 004C,Possession of weapons,Court result unavailable,
50da9b13330e01d13edd2e46f739c5e350861c6d6828090dea01cc860fe951d9,2017-03,Sussex Police,Sussex Police,0.278478,50.792644,On or near Broadwater Way,E01020922,Eastbourne 004C,Possession of weapons,Status update unavailable,
0a7485f38ee35172f364702198c8b5df9cfb1d32cb443aa467f9feedf77b34a7,2017-03,Sussex Police,Sussex Police,0.281344,50.798470,On or near Supermarket,E01020922,Eastbourne 004C,Public order,Unable to prosecute suspect,
a47e591eadeb21dc5c45c757ff9a5835eb476ddeaff94e6ecb55f3de047e9b06,2017-03,Sussex Police,Sussex Police,0.279559,50.795321,On or near Mallard Close,E01020922,Eastbourne 004C,Public order,Investigation complete; no suspect identified,
a2dff5df1c1347f0eb20f37aa38fcc7f62f45244042dd9b62bb48976f19e601f,2017-03,Sussex Police,Sussex Police,0.279801,50.793598,On or near Petrol Station,E01020922,Eastbourne 004C,Shoplifting,Investigation complete; no suspect identified,
973c82ed8adb14fb8ca2acf105099fbfbb24de4c1f3726e1119132fd75796688,2017-03,Sussex Police,Sussex Police,0.279801,50.793598,On or near Petrol Station,E01020922,Eastbourne 004C,Shoplifting,Status update unavailable,
1aec2237057c5aa04206246a07a5533ae40793e1e9777d616d0ef952f88e07ab,2017-03,Sussex Police,Sussex Police,0.281344,50.798470,On or near Supermarket,E01020922,Eastbourne 004C,Shoplifting,Investigation complete; no suspect identified,
daeb53140b112d666e4186fddcd8ebdab037747eeaf50a0dc3b34b7e1af6a513,2017-03,Sussex Police,Sussex Police,0.277558,50.797087,On or near Supermarket,E01020922,Eastbourne 004C,Shoplifting,Further investigation is not in the public interest,
67daeb914b90c95268fa13e8e41776ab117cb5bb0160f6cee4ddfc8978893df8,2017-03,Sussex Police,Sussex Police,0.279801,50.793598,On or near Petrol Station,E01020922,Eastbourne 004C,Shoplifting,Investigation complete; no suspect identified,
fcaf74538a8e5a8ad630fe4da61a17f805f7f19281fd9442388414a48d229d39,2017-03,Sussex Police,Sussex Police,0.281723,50.795773,On or near Faraday Close,E01020922,Eastbourne 004C,Shoplifting,Investigation complete; no suspect identified,
759dc672bb0d038421d38ee9b4df60215a01b0d71a701cb2e3498de8fbd6b69b,2017-03,Sussex Police,Sussex Police,0.277558,50.797087,On or near Supermarket,E01020922,Eastbourne 004C,Shoplifting,Unable to prosecute suspect,
a6a7332c30cc06e6cc519fe62f6f8de40aa8414a401050a0c6f09dfdc46aa34c,2017-03,Sussex Police,Sussex Police,0.279801,50.793598,On or near Petrol Station,E01020922,Eastbourne 004C,Shoplifting,Offender given penalty notice,
c359b2a6d4e27073097a3dedbcade3169a1f582ff182d1ea2b80e7cafcc6da80,2017-03,Sussex Police,Sussex Police,0.284069,50.794405,On or near Marshall Road,E01020922,Eastbourne 004C,Shoplifting,Investigation complete; no suspect identified,
8a49a81a3f4dec27578803d341a4db1a66d38384f3845f303a10345e982dc544,2017-03,Sussex Police,Sussex Police,0.279801,50.793598,On or near Petrol Station,E01020922,Eastbourne 004C,Shoplifting,Investigation complete; no suspect identified,
bb87be63f5e3b275bc2bf62a769b7c6f61141492b2d13b02a38645e08f725a04,2017-03,Sussex Police,Sussex Police,0.278681,50.799754,On or near Wadhurst Close,E01020922,Eastbourne 004C,Violence and sexual offences,Offender given community sentence,
c0c279d660cf00cadb55b2d3ef1268a155e576bd96d778c18f9faefd2a572910,2017-03,Sussex Police,Sussex Police,0.278681,50.799754,On or near Wadhurst Close,E01020922,Eastbourne 004C,Violence and sexual offences,Offender given community sentence,
d51b1518ea470cac51518c9445d1aa49ee03cfb67f35664ba2c41f6871b19d81,2017-03,Sussex Police,Sussex Police,0.277760,50.798603,On or near Howletts Close,E01020922,Eastbourne 004C,Violence and sexual offences,Unable to prosecute suspect,
c8ffb50235a94f5d474d289223b2e5805cbc58c172324b76211bb829571af56d,2017-03,Sussex Police,Sussex Police,0.277558,50.797087,On or near Supermarket,E01020922,Eastbourne 004C,Violence and sexual offences,Investigation complete; no suspect identified,
deb4b4a63da8e0d0ebb29a739f574f753577ed35d6acd40edfe21aa233558b8c,2017-03,Sussex Police,Sussex Police,0.279801,50.793598,On or near Petrol Station,E01020922,Eastbourne 004C,Other crime,Status update unavailable,
269efdb0c2b0442533df718991b56f963dadd36365cd8a1b12288f69dbafc772,2017-03,Sussex Police,Sussex Police,0.281344,50.798470,On or near Supermarket,E01020922,Eastbourne 004C,Other crime,Investigation complete; no suspect identified,
,2017-03,Sussex Police,Sussex Police,0.266511,50.799299,On or near The Broadway,E01020945,Eastbourne 004D,Anti-social behaviour,,
,2017-03,Sussex Police,Sussex Police,0.266511,50.799299,On or near The Broadway,E01020945,Eastbourne 004D,Anti-social behaviour,,
a8954a4874780e09dbafb7ecf3c8ca7559682f72ec72ade8fc66ca78e782104f,2017-03,Sussex Police,Sussex Police,0.265839,50.790390,On or near King'S Drive,E01020945,Eastbourne 004D,Burglary,Offender sent to prison,
161772d5a34ef5c1b235839175683a8e1aad741e24a3d744844ec9cc7834c395,2017-03,Sussex Police,Sussex Police,0.263906,50.787100,On or near Twineham Road,E01020945,Eastbourne 004D,Burglary,Investigation complete; no suspect identified,
b8532e0ee492232e01c1e124fe99ad4fb1a97fd0ace5ce6528aebe7840983d32,2017-03,Sussex Police,Sussex Police,0.262759,50.791538,On or near Sports/Recreation Area,E01020945,Eastbourne 004D,Criminal damage and arson,Status update unavailable,
d2d5c08618becb5f5042fae6c3ff71e7df1f228c86735ca60dab21ce243894c7,2017-03,Sussex Police,Sussex Police,0.266511,50.799299,On or near The Broadway,E01020945,Eastbourne 004D,Criminal damage and arson,Investigation complete; no suspect identified,
edebc9b9dbc09f20b63e0edbe6b6bb45aa540d5fd3072a693715fe08fe05e455,2017-03,Sussex Police,Sussex Police,0.266511,50.799299,On or near The Broadway,E01020945,Eastbourne 004D,Other theft,Unable to prosecute suspect,
7928a8d440821632700809b015d2b513ab44e8914937e66b067c9dc7b349c426,2017-03,Sussex Police,Sussex Police,0.261371,50.789847,On or near Park Avenue,E01020945,Eastbourne 004D,Possession of weapons,Status update unavailable,
8ea4f5f2c333e7a52be7507d3e3b7826d8dd8cacaddfb937330c7b35d941869d,2017-03,Sussex Police,Sussex Police,0.266096,50.794828,On or near Decoy Drive,E01020945,Eastbourne 004D,Violence and sexual offences,Investigation complete; no suspect identified,
0b6d4d43cc05318839ad8c198f1517e2f509f74a59d0cf81d78e6e9d975328c9,2017-03,Sussex Police,Sussex Police,0.259525,50.792167,On or near Park Lane,E01020945,Eastbourne 004D,Violence and sexual offences,Investigation complete; no suspect identified,
597c848cbf4956eb87f77c7773fe23f3dcccac57e46edb255e9f779ad32877d7,2017-03,Sussex Police,Sussex Police,0.266511,50.799299,On or near The Broadway,E01020945,Eastbourne 004D,Violence and sexual offences,Unable to prosecute suspect,
0dfd3f6c4c6a45fc625b4d41364ae00df80dd37040a1a184315cce266458d391,2017-03,Sussex Police,Sussex Police,0.259525,50.792167,On or near Park Lane,E01020945,Eastbourne 004D,Violence and sexual offences,Action to be taken by another organisation,
f1e7d98b4c203051cc160d0db24380af6451fc479b321e40ba3eeee67393bc75,2017-03,Sussex Police,Sussex Police,0.266511,50.799299,On or near The Broadway,E01020945,Eastbourne 004D,Violence and sexual offences,Unable to prosecute suspect,
ecbd3bd7e57eb328e3961fb82273d4516345272880245851525bcaf699a0d333,2017-03,Sussex Police,Sussex Police,0.267479,50.792319,On or near Clifton Close,E01020945,Eastbourne 004D,Other crime,Investigation complete; no suspect identified,
,2017-03,Sussex Police,Sussex Police,0.264897,50.801129,On or near Chelworth Road,E01020950,Eastbourne 004E,Anti-social behaviour,,
,2017-03,Sussex Police,Sussex Police,0.265052,50.800532,On or near Maplehurst Road,E01020950,Eastbourne 004E,Anti-social behaviour,,
ed813018519c47d80dffbb8f6f4a0567cadf8e85b836a0cca5757e606914ff26,2017-03,Sussex Police,Sussex Police,0.263114,50.803592,On or near Cedar Close,E01020950,Eastbourne 004E,Burglary,Offender sent to prison,
a1c4e9c2f8aa55c35330230021d12a21e1e72285fbff31ae724a244364495e18,2017-03,Sussex Police,Sussex Police,0.260876,50.796044,On or near Woodland Avenue,E01020950,Eastbourne 004E,Other theft,Investigation complete; no suspect identified,
35e90e6f3aade4815317f620b5030027433923c8d239b4b8a5ebcb2731c2f24f,2017-03,Sussex Police,Sussex Police,0.265319,50.799880,On or near Timberley Road,E01020950,Eastbourne 004E,Shoplifting,Awaiting court outcome,
863a4ca627a15ed09431e373d135d4aed3e4506d817837e86077f54a7b9c91d1,2017-03,Sussex Police,Sussex Police,0.265319,50.799880,On or near Timberley Road,E01020950,Eastbourne 004E,Shoplifting,Investigation complete; no suspect identified,
041785f725711a28bacc7cf8976a320102b3cf5ffacfccd4850fbd1f7c5c6907,2017-03,Sussex Police,Sussex Police,0.265319,50.799880,On or near Timberley Road,E01020950,Eastbourne 004E,Shoplifting,Investigation complete; no suspect identified,
e34149d9cd9663692c7a67178c553e2bc64581c641e8ebd1ed48dbf32631a4a3,2017-03,Sussex Police,Sussex Police,0.265319,50.799880,On or near Timberley Road,E01020950,Eastbourne 004E,Violence and sexual offences,Offender given suspended prison sentence,
43bfca720fa1c77b40c10b0ab218201c7ec9a136a6a33840c8b0dfcf50640744,2017-03,Sussex Police,Sussex Police,0.264897,50.801129,On or near Chelworth Road,E01020950,Eastbourne 004E,Violence and sexual offences,Unable to prosecute suspect,
,2017-03,Sussex Police,Sussex Police,0.259664,50.780032,On or near Eldon Road,E01020940,Eastbourne 006A,Anti-social behaviour,,
971d8740a739b0b2e28c9701866ad1e52fae87d02a328e798275e490be6ccab0,2017-03,Sussex Police,Sussex Police,0.256134,50.778013,On or near Supermarket,E01020940,Eastbourne 006A,Burglary,Unable to prosecute suspect,
cfd94ff17ba22b0b6b831a5140637db86d0483b32cd01a988f0acd28110fc64f,2017-03,Sussex Police,Sussex Police,0.256134,50.778013,On or near Supermarket,E01020940,Eastbourne 006A,Shoplifting,Court result unavailable,
a12368129363ca8ba0cbec9ae0c06bca822bb56a563e517cbb02d3cae096b412,2017-03,Sussex Police,Sussex Police,0.256134,50.778013,On or near Supermarket,E01020940,Eastbourne 006A,Shoplifting,Investigation complete; no suspect identified,
94d98b0b5c1b793bb06476555d78c76f6d036ae534a417e01a018da36d7a2ca7,2017-03,Sussex Police,Sussex Police,0.256134,50.778013,On or near Supermarket,E01020940,Eastbourne 006A,Shoplifting,Unable to prosecute suspect,
f251378fb4b274110e2c5ec91fbd15fb618e7c228c56225a48d05da7ff26f98e,2017-03,Sussex Police,Sussex Police,0.260916,50.784531,On or near Willingdon Road,E01020940,Eastbourne 006A,Violence and sexual offences,Unable to prosecute suspect,
da242acdf912dabe69af7ac53ffe1310f95e7db929071b110980f37d0ca03d52,2017-03,Sussex Police,Sussex Police,0.257463,50.783231,On or near Gresham Close,E01020940,Eastbourne 006A,Violence and sexual offences,Investigation complete; no suspect identified,
95c7ade2e248c18eeef881fd0c58e78e72adf04ea6d6a8aa869cdacfe5228703,2017-03,Sussex Police,Sussex Police,0.259664,50.780032,On or near Eldon Road,E01020940,Eastbourne 006A,Violence and sexual offences,Action to be taken by another organisation,
,2017-03,Sussex Police,Sussex Police,0.253505,50.781761,On or near Command Road,E01020941,Eastbourne 006B,Anti-social behaviour,,
,2017-03,Sussex Police,Sussex Police,0.253505,50.781761,On or near Command Road,E01020941,Eastbourne 006B,Anti-social behaviour,,
,2017-03,Sussex Police,Sussex Police,0.253505,50.781761,On or near Command Road,E01020941,Eastbourne 006B,Anti-social behaviour,,
,2017-03,Sussex Police,Sussex Police,0.252467,50.783787,On or near Downs Avenue,E01020941,Eastbourne 006B,Anti-social behaviour,,
,2017-03,Sussex Police,Sussex Police,0.250050,50.782790,On or near Millbrook Gardens,E01020941,Eastbourne 006B,Anti-social behaviour,,
fe80eb2abc4ef1d3ff7ab5b517269e046eb585a67f765217b8111559ea686fa2,2017-03,Sussex Police,Sussex Police,0.248776,50.780764,On or near Filching Road,E01020941,Eastbourne 006B,Burglary,Unable to prosecute suspect,
d0c481325d9e55f4451f7c43f6d629858fa925f3e854fbd567471ff29972622a,2017-03,Sussex Police,Sussex Police,0.247525,50.782200,On or near Hill Road,E01020941,Eastbourne 006B,Burglary,Investigation complete; no suspect identified,
c84082fa62e4ba8ebc86615acdeda51e40a62422a6e1c96b8f4b3002dfe9ed16,2017-03,Sussex Police,Sussex Police,0.253505,50.781761,On or near Command Road,E01020941,Eastbourne 006B,Burglary,Investigation complete; no suspect identified,
27859807ae955539f540eebc6ae8b281e3af7efc6e6fcdac3f2f3158253ae5c4,2017-03,Sussex Police,Sussex Police,0.255240,50.779794,On or near Victoria Drive,E01020941,Eastbourne 006B,Burglary,Unable to prosecute suspect,
7b05ffc02dc7910f1405730325a0e64a27f0494e842889a34c6d10a277376611,2017-03,Sussex Police,Sussex Police,0.253505,50.781761,On or near Command Road,E01020941,Eastbourne 006B,Burglary,Investigation complete; no suspect identified,
2d21fceba046a38b6e4338bdbc637a88885de9ab8c2d09f7aa54b349d5564c87,2017-03,Sussex Police,Sussex Police,0.253505,50.781761,On or near Command Road,E01020941,Eastbourne 006B,Criminal damage and arson,Investigation complete; no suspect identified,
7a2e62fbce9401dc0e045b6373d92283591ac2c5dbc1c6c8cc0b22c3b7d77f9f,2017-03,Sussex Police,Sussex Police,0.253505,50.781761,On or near Command Road,E01020941,Eastbourne 006B,Other theft,Unable to prosecute suspect,
d14ea98e7ec7de4944e0720fb56da5112fe48201a72b0f6cc48c063384666320,2017-03,Sussex Police,Sussex Police,0.250378,50.782514,On or near Colwood Crescent,E01020941,Eastbourne 006B,Public order,Status update unavailable,
d09e7ad77fc570112c459eae1e757efd38dda00d9ddff0e89fa3c20a8fe3616f,2017-03,Sussex Police,Sussex Police,0.250378,50.782514,On or near Colwood Crescent,E01020941,Eastbourne 006B,Violence and sexual offences,Unable to prosecute suspect,
27aceb9b005bd904ab21dfa685825b70cf9f5f3a5b4ac78fa612067c9ef15b34,2017-03,Sussex Police,Sussex Police,0.254675,50.779831,On or near Wessex Place,E01020941,Eastbourne 006B,Violence and sexual offences,Investigation complete; no suspect identified,
b753afc8069e81155bb7f599b17485375dc032376496cb85d217fa473912c7b4,2017-03,Sussex Police,Sussex Police,0.251190,50.777875,On or near Beechy Gardens,E01020941,Eastbourne 006B,Violence and sexual offences,Unable to prosecute suspect,
0fb3e437311ce50c3e4bd4f3b0c2b70d4414e89e040dbd54e5e8fdffac11ef2f,2017-03,Sussex Police,Sussex Police,0.255240,50.779794,On or near Victoria Drive,E01020941,Eastbourne 006B,Violence and sexual offences,Unable to prosecute suspect,
fbb1a9cb0974b8e1abca0f5a85743eaeb66417726ecc4f30a2811f4f71477ec3,2017-03,Sussex Police,Sussex Police,0.253505,50.781761,On or near Command Road,E01020941,Eastbourne 006B,Violence and sexual offences,Unable to prosecute suspect,
453b7388b069ea4c20351d7d020f89381f3bebdb94fa42425bbcc67c7757c620,2017-03,Sussex Police,Sussex Police,0.252467,50.783787,On or near Downs Avenue,E01020941,Eastbourne 006B,Violence and sexual offences,Status update unavailable,
,2017-03,Sussex Police,Sussex Police,0.252919,50.777833,On or near Beechy Avenue,E01020942,Eastbourne 006C,Anti-social behaviour,,
,2017-03,Sussex Police,Sussex Police,0.251206,50.774655,On or near Peppercombe Road,E01020942,Eastbourne 006C,Anti-social behaviour,,
41eb4f78f83472d45b94788f9beb271774786d1c13b23c7ca3f335731809bc28,2017-03,Sussex Police,Sussex Police,0.252155,50.770796,On or near Cherry Garden Road,E01020942,Eastbourne 006C,Other theft,Investigation complete; no suspect identified,
1231f31ab8f9df702cc952559cc3a8e455bba07e3727abd8b295fcbe99ad5ce2,2017-03,Sussex Police,Sussex Police,0.250136,50.771564,On or near Manvers Road,E01020942,Eastbourne 006C,Violence and sexual offences,Unable to prosecute suspect,
330fd6433d2250a24a0e147208bece3060d23d09bd6c00a6effb5a395276cad4,2017-03,Sussex Police,Sussex Police,0.247113,50.791058,On or near The Combe,E01020946,Eastbourne 006D,Criminal damage and arson,Investigation complete; no suspect identified,
,2017-03,Sussex Police,Sussex Police,0.254523,50.786121,On or near Newick Road,E01020947,Eastbourne 006E,Anti-social behaviour,,
,2017-03,Sussex Police,Sussex Police,0.250429,50.784761,On or near Hamsey Close,E01020947,Eastbourne 006E,Anti-social behaviour,,
8743e4f882db433a73217fd58d3a856e0f46e68ffadaf717c0d862561c19ea97,2017-03,Sussex Police,Sussex Police,0.254523,50.786121,On or near Newick Road,E01020947,Eastbourne 006E,Burglary,Unable to prosecute suspect,
c773c073f1d8712be89c666e5c78a7dc84c580893984fd08028a7260d38322c8,2017-03,Sussex Police,Sussex Police,0.253399,50.783679,On or near Downs Avenue,E01020947,Eastbourne 006E,Burglary,Status update unavailable,
d9d78d78fc699ab3781614b7f37035e0ea198c96b16151df0aaba655755054a9,2017-03,Sussex Police,Sussex Police,0.253399,50.783679,On or near Downs Avenue,E01020947,Eastbourne 006E,Burglary,Offender given suspended prison sentence,
5decee3a09d776a69f1b89a48a0df8db8c8b703239d78b0145f0a36af3ed777a,2017-03,Sussex Police,Sussex Police,0.250429,50.784761,On or near Hamsey Close,E01020947,Eastbourne 006E,Criminal damage and arson,Investigation complete; no suspect identified,
f0dd0ea31d570de6ac84a9688c28f9754ad76bf5d4611417c3789cd210323fe2,2017-03,Sussex Police,Sussex Police,0.252314,50.785031,On or near Green Way,E01020947,Eastbourne 006E,Criminal damage and arson,Court result unavailable,
568ce313ecb82528423c679e8de475ed7cd77e3d9ff0f9dbd39e164d93e85f89,2017-03,Sussex Police,Sussex Police,0.253399,50.783679,On or near Downs Avenue,E01020947,Eastbourne 006E,Other theft,Investigation complete; no suspect identified,
69a2c15ee6d164d6427225a869ebbdb27306c60c2830bc15d9f7aa7cbd95b939,2017-03,Sussex Police,Sussex Police,0.250429,50.784761,On or near Hamsey Close,E01020947,Eastbourne 006E,Public order,Status update unavailable,
3debdeacdf5ce16e87590de301c45b7a5c1a11250a7d8e325469cf495f315616,2017-03,Sussex Police,Sussex Police,0.253518,50.786743,On or near Rockhurst Drive,E01020947,Eastbourne 006E,Public order,Investigation complete; no suspect identified,
4040cfe4665001ca294d0465aebc232b25af25e73a6b9c46c7c2ec816ff3bef6,2017-03,Sussex Police,Sussex Police,0.250429,50.784761,On or near Hamsey Close,E01020947,Eastbourne 006E,Violence and sexual offences,Unable to prosecute suspect,
8b78ad8900d41a3de21bf8fec12d73887d098f76eddf86bac3d6e62d101a2b85,2017-03,Sussex Police,Sussex Police,0.252314,50.785031,On or near Green Way,E01020947,Eastbourne 006E,Violence and sexual offences,Unable to prosecute suspect,
9bcbbcb35489bc924553ba062b82a46f3df93edb332115b5907374102006693c,2017-03,Sussex Police,Sussex Police,0.252314,50.785031,On or near Green Way,E01020947,Eastbourne 006E,Violence and sexual offences,Status update unavailable,
9b45774a046182083fbb2d2c7f5167b740ec5bdf4ac85aa5e5445fc6cdc5f18b,2017-03,Sussex Police,Sussex Police,0.253733,50.784733,On or near Rusper Road,E01020947,Eastbourne 006E,Violence and sexual offences,Formal action is not in the public interest,
4b3cae806780487b297894ba2fbca3a079c3bd2e94bc8d0faade90dd83c2b1a5,2017-03,Sussex Police,Sussex Police,0.259257,50.788080,On or near Lullington Close,E01020947,Eastbourne 006E,Violence and sexual offences,Unable to prosecute suspect,
,2017-03,Sussex Police,Sussex Police,0.291862,50.775599,On or near Neville Road,E01020914,Eastbourne 007A,Anti-social behaviour,,
,2017-03,Sussex Police,Sussex Police,0.289268,50.776504,On or near Waterworks Road,E01020914,Eastbourne 007A,Anti-social behaviour,,
,2017-03,Sussex Police,Sussex Police,0.288390,50.775946,On or near Abbotts Close,E01020914,Eastbourne 007A,Anti-social behaviour,,
,2017-03,Sussex Police,Sussex Police,0.288390,50.775946,On or near Abbotts Close,E01020914,Eastbourne 007A,Anti-social behaviour,,
,2017-03,Sussex Police,Sussex Police,0.295424,50.777364,On or near Kerrara Terrace,E01020914,Eastbourne 007A,Anti-social behaviour,,
,2017-03,Sussex Police,Sussex Police,0.293625,50.776841,On or near Clarence Road,E01020914,Eastbourne 007A,Anti-social behaviour,,
00d5310b25a96a24e24aa4002e68fc66115abc6223a52fb79795bc9d94fdf436,2017-03,Sussex Police,Sussex Police,0.293625,50.776841,On or near Clarence Road,E01020914,Eastbourne 007A,Burglary,Offender given conditional discharge,
6143a89570d37af233ecc8335447f1c0f7015f9beebad35b8673df0021fcd3cb,2017-03,Sussex Police,Sussex Police,0.293521,50.773848,On or near St George'S Road,E01020914,Eastbourne 007A,Other theft,Investigation complete; no suspect identified,
8d253989bb1a2c23aedb17df4ec4e6c76dca2b559340b0fc8652edc6de067df9,2017-03,Sussex Police,Sussex Police,0.288390,50.775946,On or near Abbotts Close,E01020914,Eastbourne 007A,Public order,Investigation complete; no suspect identified,
65695d4dcc236b2abb2388b614a5cab9ba481a740a38678b38d28a9d4d4bc8c7,2017-03,Sussex Police,Sussex Police,0.291862,50.775599,On or near Neville Road,E01020914,Eastbourne 007A,Violence and sexual offences,Unable to prosecute suspect,
3b241a43388e066896f8a0b4dbba0101e45ea0162418b37300b7eaf1e4614d38,2017-03,Sussex Police,Sussex Police,0.291262,50.775521,On or near Havelock Road,E01020914,Eastbourne 007A,Violence and sexual offences,Unable to prosecute suspect,
bd64eadf180cc1379417f3c599bae05fbcfe5d3cfa5c523d6ef7e02780983e75,2017-03,Sussex Police,Sussex Police,0.295659,50.776370,On or near Sports/Recreation Area,E01020914,Eastbourne 007A,Violence and sexual offences,Investigation complete; no suspect identified,
,2017-03,Sussex Police,Sussex Police,0.302841,50.777334,On or near Beach Road,E01020915,Eastbourne 007B,Anti-social behaviour,,
,2017-03,Sussex Police,Sussex Police,0.300030,50.776715,On or near Carlton Road,E01020915,Eastbourne 007B,Anti-social behaviour,,
,2017-03,Sussex Police,Sussex Police,0.301394,50.780223,On or near Romney Street,E01020915,Eastbourne 007B,Anti-social behaviour,,
,2017-03,Sussex Police,Sussex Police,0.299259,50.776308,On or near Beamsley Road,E01020915,Eastbourne 007B,Anti-social behaviour,,
03f03049ac351761f68c27d814d90d09757d92bb03c42b2c2a2e4d94d8c2207a,2017-03,Sussex Police,Sussex Police,0.299259,50.776308,On or near Beamsley Road,E01020915,Eastbourne 007B,Burglary,Investigation complete; no suspect identified,
50797b5320018d30f294d754d2ec8abef7bd6e10d72f1762ccd11397247cc3c3,2017-03,Sussex Police,Sussex Police,0.299111,50.778208,On or near Seaside,E01020915,Eastbourne 007B,Other theft,Offender given a caution,
7ba5f0e15dcf7d878bde1625c91a33f04d82eb465d86ec1e8ae097b8e7d92578,2017-03,Sussex Police,Sussex Police,0.299111,50.778208,On or near Seaside,E01020915,Eastbourne 007B,Other theft,Investigation complete; no suspect identified,
24362e6810e437010675d7da941908993cfea346f6454743f7714f0c77daddcb,2017-03,Sussex Police,Sussex Police,0.300030,50.776715,On or near Carlton Road,E01020915,Eastbourne 007B,Public order,Court result unavailable,
306680b1701f1d6cc3d405a23b0ff1e5e63022996f74fa7569e03fc8b55ae279,2017-03,Sussex Police,Sussex Police,0.300030,50.776715,On or near Carlton Road,E01020915,Eastbourne 007B,Public order,Offender fined,
,2017-03,Sussex Police,Sussex Police,0.300896,50.780467,On or near Windermere Crescent,E01020952,Eastbourne 007C,Anti-social behaviour,,
,2017-03,Sussex Police,Sussex Police,0.301731,50.782753,On or near Willoughby Crescent,E01020952,Eastbourne 007C,Anti-social behaviour,,
,2017-03,Sussex Police,Sussex Police,0.299609,50.784018,On or near Ecmod Road,E01020952,Eastbourne 007C,Anti-social behaviour,,
,2017-03,Sussex Police,Sussex Police,0.299622,50.781121,On or near Windermere Crescent,E01020952,Eastbourne 007C,Anti-social behaviour,,
,2017-03,Sussex Police,Sussex Police,0.297670,50.783831,On or near Churchdale Road,E01020952,Eastbourne 007C,Anti-social behaviour,,
f5e7c50cce5c3dea1ecb46fa8b38c7e279d4aba63b80ece6da7a27c5d5c37953,2017-03,Sussex Police,Sussex Police,0.301731,50.782753,On or near Willoughby Crescent,E01020952,Eastbourne 007C,Burglary,Investigation complete; no suspect identified,
0b45b3bb40e669bfcdec193ba399978d4043c5f10bfa4fe195b57ff8e4b2e937,2017-03,Sussex Police,Sussex Police,0.299516,50.779235,On or near Belle Vue Road,E01020952,Eastbourne 007C,Burglary,Offender given community sentence,
deefd23c802695ada7fd8efba8f8a80fb8fd30ccf157e66a78b645ea5f1abb87,2017-03,Sussex Police,Sussex Police,0.294710,50.781614,On or near The Sidings,E01020952,Eastbourne 007C,Criminal damage and arson,Unable to prosecute suspect,
15560f0a4a9109885b4403ecb73acf2222b096dca5e6edc54e38b4e8aeeceb2c,2017-03,Sussex Police,Sussex Police,0.300896,50.780467,On or near Windermere Crescent,E01020952,Eastbourne 007C,Other theft,Status update unavailable,
a5605a0c14d671f633407a0f130d4c11d09b4fd4b2763f8385e9428c4c82eb58,2017-03,Sussex Police,Sussex Police,0.301378,50.781338,On or near Sports/Recreation Area,E01020952,Eastbourne 007C,Shoplifting,Investigation complete; no suspect identified,
0658b914ced0a1172434bf802624ac412e5943ba2ab384ac5ba1d8d943328df2,2017-03,Sussex Police,Sussex Police,0.301378,50.781338,On or near Sports/Recreation Area,E01020952,Eastbourne 007C,Shoplifting,Further investigation is not in the public interest,
b7850848caefae78e932d7f6b825e3924b0da59785ee79f47f96dad54fe70f48,2017-03,Sussex Police,Sussex Police,0.300294,50.780344,On or near Supermarket,E01020952,Eastbourne 007C,Shoplifting,Investigation complete; no suspect identified,
596fb8e880d82b398d52536a3250572c6d565f1d90cbafb0f39e47686cdcf12b,2017-03,Sussex Police,Sussex Police,0.301378,50.781338,On or near Sports/Recreation Area,E01020952,Eastbourne 007C,Shoplifting,Further investigation is not in the public interest,
bc37afbc224ffa17c2cfd4676de2395796c96dcd08291e1c24c747ca08fd7ced,2017-03,Sussex Police,Sussex Police,0.301378,50.781338,On or near Sports/Recreation Area,E01020952,Eastbourne 007C,Shoplifting,Investigation complete; no suspect identified,
a45d7d8e3413a05cb4176336d6c0cb145e96bb0a372556253e9ae730932ce6cb,2017-03,Sussex Police,Sussex Police,0.301378,50.781338,On or near Sports/Recreation Area,E01020952,Eastbourne 007C,Shoplifting,Unable to prosecute suspect,
bae18970f959e5541f19712b5083df278ab851f42eb15326736b9577fbd0009a,2017-03,Sussex Police,Sussex Police,0.301378,50.781338,On or near Sports/Recreation Area,E01020952,Eastbourne 007C,Shoplifting,Investigation complete; no suspect identified,
73fb03d8162c0fca325e20f2062bcaa6ab8c364c9426c58e07d869e12047879a,2017-03,Sussex Police,Sussex Police,0.301378,50.781338,On or near Sports/Recreation Area,E01020952,Eastbourne 007C,Shoplifting,Investigation complete; no suspect identified,
42c28d550990ae20d9aa9c5e4940a5e2a905eb8364a0a59859ec588cf86fd24d,2017-03,Sussex Police,Sussex Police,0.300896,50.780467,On or near Windermere Crescent,E01020952,Eastbourne 007C,Violence and sexual offences,Investigation complete; no suspect identified,
d05409d5c9f8a3382300025d2b88e2f519702cb1a19ef2603763c40983f49afa,2017-03,Sussex Police,Sussex Police,0.299516,50.779235,On or near Belle Vue Road,E01020952,Eastbourne 007C,Violence and sexual offences,Court result unavailable,
814a1d49f986f724400348df06fc8625e351692401c10e54609674dd4e02bf70,2017-03,Sussex Police,Sussex Police,0.294241,50.780445,On or near St Philip'S Avenue,E01020952,Eastbourne 007C,Violence and sexual offences,Unable to prosecute suspect,
96bff9024a69867f58f029c09544528c5ff5dcf77d4b46cf8badd7cc0ec6e2a0,2017-03,Sussex Police,Sussex Police,0.293261,50.781579,On or near Hunloke Avenue,E01020952,Eastbourne 007C,Violence and sexual offences,Unable to prosecute suspect,
ff48663cd7812a519db196f9a3c8e04e0c92c2f7e37c58582cec80a879ff911a,2017-03,Sussex Police,Sussex Police,0.301378,50.781338,On or near Sports/Recreation Area,E01020952,Eastbourne 007C,Other crime,Investigation complete; no suspect identified,
,2017-03,Sussex Police,Sussex Police,0.295943,50.785349,On or near Churchdale Place,E01020953,Eastbourne 007D,Anti-social behaviour,,
f509e85393991bbcbeaeb8d21c91c86097edbde5da163106d867cd135fc977a2,2017-03,Sussex Police,Sussex Police,0.297561,50.784220,On or near Churchdale Avenue,E01020953,Eastbourne 007D,Possession of weapons,Offender given a caution,
5fd403ba64fcb1dffa317341bff5775e705b60befadd893b2db94bbe6154682b,2017-03,Sussex Police,Sussex Police,0.295943,50.785349,On or near Churchdale Place,E01020953,Eastbourne 007D,Violence and sexual offences,Status update unavailable,
e94f181a6557be390df0648f0641d76a71913c58a54116640802641bd1b552d0,2017-03,Sussex Police,Sussex Police,0.290424,50.780430,On or near Ringwood Close,E01020954,Eastbourne 007E,Other theft,Investigation complete; no suspect identified,
b99e758c072dbcb66b5c9b37791fb524a4a168e46382e404d3ada4ff1e025e9b,2017-03,Sussex Police,Sussex Police,0.288310,50.778960,On or near Courtlands Road,E01020954,Eastbourne 007E,Vehicle crime,Investigation complete; no suspect identified,
c22a57c133dac4e21a83cae7dfd57b769dc55449be4f6747a8d684fdb2dd111e,2017-03,Sussex Police,Sussex Police,0.291640,50.779174,On or near Ringwood Road,E01020954,Eastbourne 007E,Other crime,Investigation complete; no suspect identified,
,2017-03,Sussex Police,Sussex Police,0.271107,50.786969,On or near Hospital,E01020948,Eastbourne 008A,Anti-social behaviour,,
,2017-03,Sussex Police,Sussex Police,0.268018,50.784411,On or near Rushlake Crescent,E01020948,Eastbourne 008A,Anti-social behaviour,,
,2017-03,Sussex Police,Sussex Police,0.267549,50.785266,On or near Petrol Station,E01020948,Eastbourne 008A,Anti-social behaviour,,
,2017-03,Sussex Police,Sussex Police,0.267549,50.785266,On or near Petrol Station,E01020948,Eastbourne 008A,Anti-social behaviour,,
16a266a6795ce2849698af65cddc5b4a33a624d63f8b357ddec9ff604447eb0c,2017-03,Sussex Police,Sussex Police,0.271107,50.786969,On or near Hospital,E01020948,Eastbourne 008A,Drugs,Offender given a caution,
b61e7b3b4585a0b23e38970c0178324b2b05c48ce051e81a779fb233c884c9e9,2017-03,Sussex Police,Sussex Police,0.271107,50.786969,On or near Hospital,E01020948,Eastbourne 008A,Drugs,Status update unavailable,
547e71ded6d726ac2cbb87cc1bf67a568ecd0e8b2e19302b41501d7b4db1d37e,2017-03,Sussex Police,Sussex Police,0.271107,50.786969,On or near Hospital,E01020948,Eastbourne 008A,Drugs,Offender given a drugs possession warning,
607b408339da34a426a7ae31524ba4e63945768879f3e6e143eb8ffadfcbea22,2017-03,Sussex Police,Sussex Police,0.272124,50.788909,On or near Further/Higher Educational Building,E01020948,Eastbourne 008A,Other theft,Investigation complete; no suspect identified,
e6259e8fd0e62c7c52f6a543d69f46ef9f0dd1bb0771b1d4fd8c165982697eb3,2017-03,Sussex Police,Sussex Police,0.267549,50.785266,On or near Petrol Station,E01020948,Eastbourne 008A,Other theft,Unable to prosecute suspect,
3b883e6ad8831f862a32d5947115c8edad0966223b12dc7002965a3b1bae0389,2017-03,Sussex Police,Sussex Police,0.271107,50.786969,On or near Hospital,E01020948,Eastbourne 008A,Other theft,Investigation complete; no suspect identified,
3778c8706385e5f51cdbe904b2202c08b7f7c43e548b0519576fef419cb6b484,2017-03,Sussex Police,Sussex Police,0.267549,50.785266,On or near Petrol Station,E01020948,Eastbourne 008A,Other theft,Unable to prosecute suspect,
e62a2767df085efa71a450b842c55ff18ca883e5c674eb9d78a8c2ca8059019c,2017-03,Sussex Police,Sussex Police,0.273164,50.785786,On or near Cross Levels Way,E01020948,Eastbourne 008A,Public order,Status update unavailable,
09cff43aec55fef196440d4adcb1aad997d92180e02b7aa2a03dcff5af91bd10,2017-03,Sussex Police,Sussex Police,0.272124,50.788909,On or near Further/Higher Educational Building,E01020948,Eastbourne 008A,Public order,Investigation complete; no suspect identified,
d1e12c74807cf7dec41c11ad0ab4e142bf4cf0e4e3adc7a2c3dfef072063723e,2017-03,Sussex Police,Sussex Police,0.271107,50.786969,On or near Hospital,E01020948,Eastbourne 008A,Public order,Further investigation is not in the public interest,
327fb958a03e29b40bd57f5803339a8f12702dcdea1c07433477463f3a3803b4,2017-03,Sussex Police,Sussex Police,0.272124,50.788909,On or near Further/Higher Educational Building,E01020948,Eastbourne 008A,Public order,Unable to prosecute suspect,
8a90680a9ce612293e600626baad5f5cb6b42dec3c2fda208ee442f4ae72fc5f,2017-03,Sussex Police,Sussex Police,0.267206,50.784032,On or near Supermarket,E01020948,Eastbourne 008A,Shoplifting,Investigation complete; no suspect identified,
f47347a5eec096605a71ea164e76b8679b4229ec39f67872333dc53cab6750a8,2017-03,Sussex Police,Sussex Police,0.268018,50.784411,On or near Rushlake Crescent,E01020948,Eastbourne 008A,Vehicle crime,Investigation complete; no suspect identified,
27ec83fd2a8501e5c2bb93294cb3e3fc5c9ad96793c1328bcd44048a3402d299,2017-03,Sussex Police,Sussex Police,0.271107,50.786969,On or near Hospital,E01020948,Eastbourne 008A,Violence and sexual offences,Offender given community sentence,
94bdbbc37f735298385856b50d0f5e45e6fba6150d179f42ad45494d8f149652,2017-03,Sussex Police,Sussex Police,0.271107,50.786969,On or near Hospital,E01020948,Eastbourne 008A,Violence and sexual offences,Unable to prosecute suspect,
627e29d81d35154fec5ad3e1a069fe6e359338b04d6a9061b1a773fced915dbb,2017-03,Sussex Police,Sussex Police,0.270788,50.780661,On or near Fennell'S Close,E01020948,Eastbourne 008A,Violence and sexual offences,Court result unavailable,
fe925854018de2c4ee3985ef618079ff2ca4918c4d0ce7560b97ca4026edf5c3,2017-03,Sussex Police,Sussex Police,0.271107,50.786969,On or near Hospital,E01020948,Eastbourne 008A,Violence and sexual offences,Further investigation is not in the public interest,
0e4b81e46d5fad38a0565922e921d8ad342f7504adbee9e14de8d53f897c48b4,2017-03,Sussex Police,Sussex Police,0.268018,50.784411,On or near Rushlake Crescent,E01020948,Eastbourne 008A,Violence and sexual offences,Offender given a caution,
adf3e03b16371e2f555d40460071ef4febd439100755e77b4a16fb1579259466,2017-03,Sussex Police,Sussex Police,0.267201,50.784526,On or near Framfield Way,E01020948,Eastbourne 008A,Violence and sexual offences,Unable to prosecute suspect,
a73fbf495fbe3864bc60d606c02c6996fedd79833778db691583da0d03f8267a,2017-03,Sussex Police,Sussex Police,0.267549,50.785266,On or near Petrol Station,E01020948,Eastbourne 008A,Violence and sexual offences,Unable to prosecute suspect,
,2017-03,Sussex Police,Sussex Police,0.267316,50.778390,On or near Selby Road,E01020963,Eastbourne 008B,Anti-social behaviour,,
,2017-03,Sussex Police,Sussex Police,0.265977,50.778569,On or near Hurst Road,E01020963,Eastbourne 008B,Anti-social behaviour,,
2c4b4ef150a365c7c50dc9a681ee925d3b10a11cfa2c4f4d5b62b236e1770698,2017-03,Sussex Police,Sussex Police,0.270930,50.783608,On or near A2280,E01020963,Eastbourne 008B,Burglary,Investigation complete; no suspect identified,
,2017-03,Sussex Police,Sussex Police,0.281243,50.773082,On or near Eversfield Road,E01020965,Eastbourne 008C,Anti-social behaviour,,
,2017-03,Sussex Police,Sussex Police,0.279256,50.772761,On or near Hartfield Road,E01020965,Eastbourne 008C,Anti-social behaviour,,
,2017-03,Sussex Police,Sussex Police,0.277474,50.774918,On or near Arundel Road,E01020965,Eastbourne 008C,Anti-social behaviour,,
,2017-03,Sussex Police,Sussex Police,0.275272,50.772812,On or near Richmond Place,E01020965,Eastbourne 008C,Anti-social behaviour,,
cf5b14b524b160ac4e532ab46a4c169956910b73f65e5212a6730bd7250663e7,2017-03,Sussex Police,Sussex Police,0.276870,50.772412,On or near Bernard Lane,E01020965,Eastbourne 008C,Burglary,Investigation complete; no suspect identified,
a3148979c8f60488ca2b1d6600b91e5d02b17b1bc281b51b89a733c318aea446,2017-03,Sussex Police,Sussex Police,0.275272,50.772812,On or near Richmond Place,E01020965,Eastbourne 008C,Burglary,Investigation complete; no suspect identified,
524d894081e5d73b4dc72e414f3d898896cad6b8d01b71ccf9f816d5961ba665,2017-03,Sussex Police,Sussex Police,0.278590,50.776273,On or near Carew Road,E01020965,Eastbourne 008C,Criminal damage and arson,Investigation complete; no suspect identified,
d2b48695d63e1b6fa29a8dfd9158ce472c2339778173a5a4cf3a653ff35ba161,2017-03,Sussex Police,Sussex Police,0.277018,50.773713,On or near St Anne'S Road,E01020965,Eastbourne 008C,Criminal damage and arson,Investigation complete; no suspect identified,
980740f1f8bd09329914826844df55992f4df3ab3132f46bf5937dff6d60a860,2017-03,Sussex Police,Sussex Police,0.275272,50.772812,On or near Richmond Place,E01020965,Eastbourne 008C,Other theft,Status update unavailable,
6303331bc8106d3d651acfe35827667358c99a370893ab5eecfb8eb32da5e828,2017-03,Sussex Police,Sussex Police,0.276870,50.772412,On or near Bernard Lane,E01020965,Eastbourne 008C,Vehicle crime,Investigation complete; no suspect identified,
59d8d6ba17f184da01478b516edb545dc33aa3594fb43154b3e1cf991eb7f959,2017-03,Sussex Police,Sussex Police,0.275272,50.772812,On or near Richmond Place,E01020965,Eastbourne 008C,Violence and sexual offences,Unable to prosecute suspect,
2697d4e636be8caf9ecb18c5fd818cd4c226163a9a8bc6fbbb4f354ba92167dc,2017-03,Sussex Police,Sussex Police,0.281517,50.773472,On or near Hartfield Lane,E01020965,Eastbourne 008C,Violence and sexual offences,Further investigation is not in the public interest,
477273bf74813e0e2b818840ff5f1a696cefc55d7e73b4445e2f486056c11793,2017-03,Sussex Police,Sussex Police,0.278590,50.776273,On or near Carew Road,E01020965,Eastbourne 008C,Violence and sexual offences,Unable to prosecute suspect,
b6ca8948ff1aa72f26674c830b6878c018a8bfef2aee280054e731116caf651b,2017-03,Sussex Police,Sussex Police,0.278252,50.771953,On or near Upperton Gardens,E01020965,Eastbourne 008C,Violence and sexual offences,Status update unavailable,
d8e271d13cca576f993c25c7779407c5506d195471dc903612161cf56940f254,2017-03,Sussex Police,Sussex Police,0.276870,50.772412,On or near Bernard Lane,E01020965,Eastbourne 008C,Violence and sexual offences,Unable to prosecute suspect,
,2017-03,Sussex Police,Sussex Police,0.285179,50.775262,On or near Bedfordwell Road,E01020966,Eastbourne 008D,Anti-social behaviour,,
,2017-03,Sussex Police,Sussex Police,0.282910,50.777034,On or near Gorringe Road,E01020966,Eastbourne 008D,Anti-social behaviour,,
,2017-03,Sussex Police,Sussex Police,0.281583,50.776565,On or near Lewes Road,E01020966,Eastbourne 008D,Anti-social behaviour,,
,2017-03,Sussex Police,Sussex Police,0.278858,50.778291,On or near Prideaux Road,E01020966,Eastbourne 008D,Anti-social behaviour,,
ee85f336a10108ca39bcf2200fe6274bb26ad57bb523d7d2ea1fcc44ed724cc9,2017-03,Sussex Police,Sussex Police,0.285180,50.775865,On or near Mayfield Place,E01020966,Eastbourne 008D,Criminal damage and arson,Investigation complete; no suspect identified,
66c20c96b3c8ac04f51c654c45b6d885faa9d308fcfde512f6fd0d3d96fa1a94,2017-03,Sussex Police,Sussex Police,0.282910,50.777034,On or near Gorringe Road,E01020966,Eastbourne 008D,Criminal damage and arson,Investigation complete; no suspect identified,
65bcfc13e91c502f2bbbb87c380e2ac4cfed553bf519e95e8dee74713be887d9,2017-03,Sussex Police,Sussex Police,0.282098,50.775215,On or near Bedfordwell Road,E01020966,Eastbourne 008D,Other theft,Investigation complete; no suspect identified,
2f1c4f857d20622ecfc8f8858ed03c7eb18f5ba39811891fb07ebb4f659ccec0,2017-03,Sussex Police,Sussex Police,0.286077,50.773320,On or near Upper Avenue,E01020966,Eastbourne 008D,Other theft,Investigation complete; no suspect identified,
36ad460240f1128de7dc72e1707b91cf0d32fe92eb136b55e423be9dd0795e63,2017-03,Sussex Police,Sussex Police,0.285964,50.774195,On or near Roborough Close,E01020966,Eastbourne 008D,Public order,Investigation complete; no suspect identified,
7e146638d9bb0323cc69809e36ce2fcaed272779b295339d2778ad0514609f98,2017-03,Sussex Police,Sussex Police,0.281583,50.776565,On or near Lewes Road,E01020966,Eastbourne 008D,Violence and sexual offences,Defendant found not guilty,
a582aa437f791a875167f9c94def04fa654e5bfb123254f4ae66f08524eca754,2017-03,Sussex Police,Sussex Police,0.278858,50.778291,On or near Prideaux Road,E01020966,Eastbourne 008D,Violence and sexual offences,Further investigation is not in the public interest,
00aecce5d453dd1d137b9c09a633431a1a828a117092c145b7490073eb7a1274,2017-03,Sussex Police,Sussex Police,0.285179,50.775262,On or near Bedfordwell Road,E01020966,Eastbourne 008D,Violence and sexual offences,Investigation complete; no suspect identified,
20e46db8e752a215ff9405133d46693e77946ee6327eb1bc3221c5a5fc43930f,2017-03,Sussex Police,Sussex Police,0.286077,50.773320,On or near Upper Avenue,E01020966,Eastbourne 008D,Violence and sexual offences,Unable to prosecute suspect,
,2017-03,Sussex Police,Sussex Police,0.254999,50.775949,On or near Coombe Road,E01020938,Eastbourne 009A,Anti-social behaviour,,
,2017-03,Sussex Police,Sussex Police,0.254999,50.775949,On or near Coombe Road,E01020938,Eastbourne 009A,Anti-social behaviour,,
,2017-03,Sussex Police,Sussex Police,0.254560,50.772441,On or near Bodmin Close,E01020938,Eastbourne 009A,Anti-social behaviour,,
,2017-03,Sussex Police,Sussex Police,0.254693,50.776962,On or near Victoria Gardens,E01020938,Eastbourne 009A,Anti-social behaviour,,
,2017-03,Sussex Police,Sussex Police,0.254693,50.776962,On or near Victoria Gardens,E01020938,Eastbourne 009A,Anti-social behaviour,,
,2017-03,Sussex Police,Sussex Police,0.254693,50.776962,On or near Victoria Gardens,E01020938,Eastbourne 009A,Anti-social behaviour,,
,2017-03,Sussex Police,Sussex Police,0.254166,50.775740,On or near Crunden Road,E01020938,Eastbourne 009A,Anti-social behaviour,,
,2017-03,Sussex Police,Sussex Police,0.251055,50.772095,On or near Sancroft Road,E01020938,Eastbourne 009A,Anti-social behaviour,,
20bc86d4cb9b1e575356426c0eb5048c704c136a80dccdb78652882e2457a1dd,2017-03,Sussex Police,Sussex Police,0.254069,50.777865,On or near Victoria Road,E01020938,Eastbourne 009A,Criminal damage and arson,Investigation complete; no suspect identified,
34b3efd0cfc627d222419b8db4e2dde2d76f2c2aeb0aee812549bb3de2e27eaf,2017-03,Sussex Police,Sussex Police,0.254999,50.775949,On or near Coombe Road,E01020938,Eastbourne 009A,Criminal damage and arson,Investigation complete; no suspect identified,
3f6af24fca2289af70a4a7cb6964e4afa1988e35386736f2760cd326c97e0df0,2017-03,Sussex Police,Sussex Police,0.254693,50.776962,On or near Victoria Gardens,E01020938,Eastbourne 009A,Criminal damage and arson,Unable to prosecute suspect,
b0263b76c1e3766fc8cecc0f1fd710e271b9f282ed1faa9a7e3c1a4d2eb73b9f,2017-03,Sussex Police,Sussex Police,0.254999,50.775949,On or near Coombe Road,E01020938,Eastbourne 009A,Criminal damage and arson,Investigation complete; no suspect identified,
19ab87c4a4854490bbf469c337545d56c54f9f0ca21dd38b398dc01d2430fc31,2017-03,Sussex Police,Sussex Police,0.254069,50.777865,On or near Victoria Road,E01020938,Eastbourne 009A,Other theft,Status update unavailable,
773440ee01bfd0a8108408f4d44c32572f4236e4d449bc18f4492d7180143e20,2017-03,Sussex Police,Sussex Police,0.254069,50.777865,On or near Victoria Road,E01020938,Eastbourne 009A,Public order,Investigation complete; no suspect identified,
5d53773c5b33e8fd9d9589e6c130b82ac89667190b2b88f45e9a0b0a8ecd7020,2017-03,Sussex Police,Sussex Police,0.254693,50.776962,On or near Victoria Gardens,E01020938,Eastbourne 009A,Public order,Status update unavailable,
5ec9270ea2f0b948dd3a7c9301a5828cfd61781b5d4048d26f782a3f64b86732,2017-03,Sussex Police,Sussex Police,0.252540,50.778802,On or near South Avenue,E01020938,Eastbourne 009A,Violence and sexual offences,Unable to prosecute suspect,
82c4115b831536fd0684c1618fa60de86d174aa8199d6d72078c925026a35b0a,2017-03,Sussex Police,Sussex Police,0.254069,50.777865,On or near Victoria Road,E01020938,Eastbourne 009A,Violence and sexual offences,Further investigation is not in the public interest,
,2017-03,Sussex Police,Sussex Police,0.260864,50.776977,On or near Milton Road,E01020939,Eastbourne 009B,Anti-social behaviour,,
,2017-03,Sussex Police,Sussex Police,0.257808,50.777441,On or near Chamberlain Road,E01020939,Eastbourne 009B,Anti-social behaviour,,
f0d3a396d1379f8e68912cd0cc9d2fd54d40eb2698d148a7825b273f7e7d69ec,2017-03,Sussex Police,Sussex Police,0.265088,50.778092,On or near Willingdon Road,E01020939,Eastbourne 009B,Criminal damage and arson,Investigation complete; no suspect identified,
a3e5b440da61863d888f04d3867decafea49111816e00f9a93637253c71e5a2b,2017-03,Sussex Police,Sussex Police,0.259730,50.775228,On or near Green Street,E01020939,Eastbourne 009B,Other theft,Investigation complete; no suspect identified,
3b3b12e00d93d84108aa8bd62da44c4847669d8ed981829a220060a0c70b450b,2017-03,Sussex Police,Sussex Police,0.257808,50.777441,On or near Chamberlain Road,E01020939,Eastbourne 009B,Other theft,Awaiting court outcome,
c35e780cc4ea29d727a4b1c342daab40c53b8ed01012694777c41363668f7261,2017-03,Sussex Police,Sussex Police,0.256512,50.777916,On or near Albert Terrace,E01020939,Eastbourne 009B,Public order,Investigation complete; no suspect identified,
,2017-03,Sussex Police,Sussex Police,0.266448,50.775700,On or near Gore Park Avenue,E01020943,Eastbourne 009C,Anti-social behaviour,,
,2017-03,Sussex Police,Sussex Police,0.260280,50.772807,On or near Okehurst Road,E01020943,Eastbourne 009C,Anti-social behaviour,,
9a33ccd0305a4306d33877c956f873decedb87709bd6ddfea7f6a3ba2abaf72a,2017-03,Sussex Police,Sussex Police,0.261551,50.771523,On or near Letheren Place,E01020943,Eastbourne 009C,Burglary,Investigation complete; no suspect identified,
2e9d93e91a05b069abe1c9fbac21da53cd9417c547232207534898f69e764c85,2017-03,Sussex Police,Sussex Police,0.266448,50.775700,On or near Gore Park Avenue,E01020943,Eastbourne 009C,Criminal damage and arson,Unable to prosecute suspect,
8253c716d1cc4f8c2e208a442d259d392e89619c53ebcaaf61e1747c2a98460e,2017-03,Sussex Police,Sussex Police,0.261357,50.771904,On or near Church Street,E01020943,Eastbourne 009C,Violence and sexual offences,Unable to prosecute suspect,
f49f82877fed857259dae3abc777638448bec6d65860c45a5eca7c564719d2e7,2017-03,Sussex Police,Sussex Police,0.259825,50.773382,On or near Salehurst Road,E01020943,Eastbourne 009C,Violence and sexual offences,Investigation complete; no suspect identified,
b2d44e9aa60178da9d0dc84cfeb58cee250949c3e59d86a887c415e9d926c4df,2017-03,Sussex Police,Sussex Police,0.263317,50.772550,On or near New Place,E01020943,Eastbourne 009C,Violence and sexual offences,Unable to prosecute suspect,
,2017-03,Sussex Police,Sussex Police,0.265070,50.770969,On or near Vicarage Road,E01020964,Eastbourne 009D,Anti-social behaviour,,
,2017-03,Sussex Police,Sussex Police,0.266011,50.771949,On or near St Mary'S Cottages,E01020964,Eastbourne 009D,Anti-social behaviour,,
,2017-03,Sussex Police,Sussex Police,0.269432,50.773168,On or near Moat Croft Road,E01020964,Eastbourne 009D,Anti-social behaviour,,
,2017-03,Sussex Police,Sussex Police,0.267711,50.772788,On or near Supermarket,E01020964,Eastbourne 009D,Anti-social behaviour,,
451c8a3b5b369d0a0eace5ca5f7ae25cc213f70ebea5c8509784dc8ba4cb1436,2017-03,Sussex Police,Sussex Police,0.268047,50.773573,On or near Star Road,E01020964,Eastbourne 009D,Criminal damage and arson,Investigation complete; no suspect identified,
c80b5d8cb37dda6aa4b64c1d6f0b01e1645a52fb24870f4bf220f66816566704,2017-03,Sussex Police,Sussex Police,0.267711,50.772788,On or near Supermarket,E01020964,Eastbourne 009D,Criminal damage and arson,Investigation complete; no suspect identified,
8dd6b4f86166371a9f020b69e0612c1e1e8a0ff2d88d630593b5a2e2ecb6837a,2017-03,Sussex Police,Sussex Police,0.269432,50.773168,On or near Moat Croft Road,E01020964,Eastbourne 009D,Criminal damage and arson,Investigation complete; no suspect identified,
9a2509262fae127246a0aef76720aa6ecdd0ab13bb0ef75c56fe3cbded1308bb,2017-03,Sussex Police,Sussex Police,0.269432,50.773168,On or near Moat Croft Road,E01020964,Eastbourne 009D,Criminal damage and arson,Investigation complete; no suspect identified,
077366a2c4a5ea26f68bc48ae1a6f1087467dda33722727ed547bc5da7066be9,2017-03,Sussex Police,Sussex Police,0.268047,50.773573,On or near Star Road,E01020964,Eastbourne 009D,Criminal damage and arson,Unable to prosecute suspect,
cdb35fce641ac7af027f52118e15c2d1e3444eadd4a5945857bdb34e550da1ea,2017-03,Sussex Police,Sussex Police,0.269432,50.773168,On or near Moat Croft Road,E01020964,Eastbourne 009D,Criminal damage and arson,Investigation complete; no suspect identified,
d38619195b48cdb9be6f193c2e1f197a9d7291590b580c7a761bc39890a40174,2017-03,Sussex Police,Sussex Police,0.265154,50.771516,On or near Greys Road,E01020964,Eastbourne 009D,Other theft,Investigation complete; no suspect identified,
22ec9e5aeb48b42c10b05d1790b67cd58958818cb4d3c07ec6c89ab7383d37bf,2017-03,Sussex Police,Sussex Police,0.267582,50.773924,On or near Crown Street,E01020964,Eastbourne 009D,Other theft,Awaiting court outcome,
afa5f8f68fd289caceb93fa78af978804bc8809a837c99d32b5c9a9cc6c796ac,2017-03,Sussex Police,Sussex Police,0.267711,50.772788,On or near Supermarket,E01020964,Eastbourne 009D,Other theft,Investigation complete; no suspect identified,
4b5bded38cfbe56c94a5d944b106cde3bdeae19c6b15bcea95deb2d27a2b6415,2017-03,Sussex Police,Sussex Police,0.270305,50.768358,On or near Compton Place Road,E01020964,Eastbourne 009D,Public order,Investigation complete; no suspect identified,
bf27be230a90996e2051f02a7ecf2976aea0b9053565144f588171f83af1c010,2017-03,Sussex Police,Sussex Police,0.267711,50.772788,On or near Supermarket,E01020964,Eastbourne 009D,Shoplifting,Investigation complete; no suspect identified,
6a5ded2cbb8c448e4fba92bf013918fb84a126f419c89f7845a8f9b12d6176a8,2017-03,Sussex Police,Sussex Police,0.267711,50.772788,On or near Supermarket,E01020964,Eastbourne 009D,Shoplifting,Offender sent to prison,
5dbcfebae4f5d27d13d699d062074d294c51dafd02aa06fc3265cfddadb3ab71,2017-03,Sussex Police,Sussex Police,0.267711,50.772788,On or near Supermarket,E01020964,Eastbourne 009D,Shoplifting,Investigation complete; no suspect identified,
bf51c5b3381584a86ccdb35636bbdde982a2f23eca9decc5b39ff7731fb18897,2017-03,Sussex Police,Sussex Police,0.267711,50.772788,On or near Supermarket,E01020964,Eastbourne 009D,Shoplifting,Unable to prosecute suspect,
2aa4c53eac7c8c47a9e85df76d67611f53aa60587337bff035032a13f0232a97,2017-03,Sussex Police,Sussex Police,0.267711,50.772788,On or near Supermarket,E01020964,Eastbourne 009D,Shoplifting,Investigation complete; no suspect identified,
b0713f706475f40936bf09ac1713da60a62596591705a49b169bfde1964ce90c,2017-03,Sussex Police,Sussex Police,0.267711,50.772788,On or near Supermarket,E01020964,Eastbourne 009D,Shoplifting,Court result unavailable,
f8a53bc66345ff5a9c83d74198b318df1118e5d8ce70501fc81ddafcd8f032d5,2017-03,Sussex Police,Sussex Police,0.267711,50.772788,On or near Supermarket,E01020964,Eastbourne 009D,Shoplifting,Investigation complete; no suspect identified,
fecef03342216a998a76e8c9f242dd055c9b810ebc4e0fd08a1feb38411da8d5,2017-03,Sussex Police,Sussex Police,0.267711,50.772788,On or near Supermarket,E01020964,Eastbourne 009D,Shoplifting,Status update unavailable,
18fa1f11f1ccc011f69f37aa8be3a38fb2f61eb89dbf1fb89566070001ad96e0,2017-03,Sussex Police,Sussex Police,0.267711,50.772788,On or near Supermarket,E01020964,Eastbourne 009D,Shoplifting,Further investigation is not in the public interest,
e073fd2965b621b860264de550e1d1bd68fd8d8b9d26b4022ed190a6fc230d0d,2017-03,Sussex Police,Sussex Police,0.267711,50.772788,On or near Supermarket,E01020964,Eastbourne 009D,Shoplifting,Court result unavailable,
9ab0bf3bd33f9e3f75ab311e0bc401714dac0d78fdb0b2cc5f80293b57f1e701,2017-03,Sussex Police,Sussex Police,0.267711,50.772788,On or near Supermarket,E01020964,Eastbourne 009D,Shoplifting,Further investigation is not in the public interest,
814b218089735a6742c1946f5607a7ace51089a10d587517fd007f400421a004,2017-03,Sussex Police,Sussex Police,0.262993,50.772007,On or near Vicarage Road,E01020964,Eastbourne 009D,Violence and sexual offences,Unable to prosecute suspect,
,2017-03,Sussex Police,Sussex Police,0.268413,50.777020,On or near De Roos Road,E01020967,Eastbourne 009E,Anti-social behaviour,,
e7ee641c994db2c47e19cd21ee742fc7099ab1720d1522611bcee2d6976cd32c,2017-03,Sussex Police,Sussex Police,0.276601,50.770079,On or near Southfields Road,E01020967,Eastbourne 009E,Other theft,Investigation complete; no suspect identified,
af82d4e50c47dc96617a14d80a30e79d0b92ce63189f0bdefce20c879ed18e5d,2017-03,Sussex Police,Sussex Police,0.276346,50.775939,On or near South Lynn Drive,E01020967,Eastbourne 009E,Other theft,Investigation complete; no suspect identified,
227b67f3fa0463757b607169f34398348064ce2122264aaee744485928a30411,2017-03,Sussex Police,Sussex Police,0.276601,50.770079,On or near Southfields Road,E01020967,Eastbourne 009E,Other theft,Investigation complete; no suspect identified,
d7c0ce9986df2dee6e6a2696642efc88299650515173f5205abc3fcc0ca4cc42,2017-03,Sussex Police,Sussex Police,0.271937,50.776277,On or near The Quadrant,E01020967,Eastbourne 009E,Violence and sexual offences,Unable to prosecute suspect,
f4ec36bed2c12aa673f54321a456f83850f8a4d6ba88e9604342248486057ee8,2017-03,Sussex Police,Sussex Police,0.270776,50.773691,On or near Upperton Road,E01020967,Eastbourne 009E,Violence and sexual offences,Unable to prosecute suspect,
d3512a0ed49d8fd2d006a826cab2030e46d82ddaec1916d2d2f40aff7cb7927a,2017-03,Sussex Police,Sussex Police,0.266797,50.777042,On or near Hurst Lane,E01020967,Eastbourne 009E,Violence and sexual offences,Status update unavailable,
bd06428b387a9f7fe1128be2aff5676f4befcbc69d2ce17bf551cde72396f84d,2017-03,Sussex Police,Sussex Police,0.268413,50.777020,On or near De Roos Road,E01020967,Eastbourne 009E,Violence and sexual offences,Investigation complete; no suspect identified,
a8217f755e9603abed0e704fdcea70ba0c4a9247f4b0a4535a52343d9ca4bb96,2017-03,Sussex Police,Sussex Police,0.269221,50.776716,On or near Ratton Road,E01020967,Eastbourne 009E,Violence and sexual offences,Unable to prosecute suspect,
99a6649a00cbb3733633251cb5c9efd13dc3023d648bf902d2ef6a59cf01e94f,2017-03,Sussex Police,Sussex Police,0.272036,50.771877,On or near The Goffs,E01020967,Eastbourne 009E,Violence and sexual offences,Defendant found not guilty,
,2017-03,Sussex Police,Sussex Police,0.298085,50.774649,On or near Redoubt Road,E01020910,Eastbourne 010A,Anti-social behaviour,,
,2017-03,Sussex Police,Sussex Police,0.297400,50.772531,On or near Bayham Road,E01020910,Eastbourne 010A,Anti-social behaviour,,
,2017-03,Sussex Police,Sussex Police,0.298085,50.774649,On or near Redoubt Road,E01020910,Eastbourne 010A,Anti-social behaviour,,
,2017-03,Sussex Police,Sussex Police,0.294766,50.773500,On or near Sheen Road,E01020910,Eastbourne 010A,Anti-social behaviour,,
,2017-03,Sussex Police,Sussex Police,0.297400,50.772531,On or near Bayham Road,E01020910,Eastbourne 010A,Anti-social behaviour,,
,2017-03,Sussex Police,Sussex Police,0.294900,50.774487,On or near Hoad Road,E01020910,Eastbourne 010A,Anti-social behaviour,,
,2017-03,Sussex Police,Sussex Police,0.295206,50.771171,On or near Leaf Hall Road,E01020910,Eastbourne 010A,Anti-social behaviour,,
,2017-03,Sussex Police,Sussex Police,0.293672,50.772002,On or near Willowfield Square,E01020910,Eastbourne 010A,Anti-social behaviour,,
41b07bbc250484d092beee050f162607da2b5dea6b4c2f8b9ea473c74fbfcb8b,2017-03,Sussex Police,Sussex Police,0.298599,50.773838,On or near Halton Road,E01020910,Eastbourne 010A,Burglary,Unable to prosecute suspect,
6c66e7dde8ccfe7a9e5c9f8aec9aa2a187f548abf3473db10ff0320ee36f6261,2017-03,Sussex Police,Sussex Police,0.296078,50.771891,On or near St Aubyn'S Road,E01020910,Eastbourne 010A,Burglary,Offender sent to prison,
00b5ff2e655568fa1736311b183a3b9ce3867b58b5bc41a7a7796144de7c2d11,2017-03,Sussex Police,Sussex Police,0.293672,50.772002,On or near Willowfield Square,E01020910,Eastbourne 010A,Burglary,Unable to prosecute suspect,
b5f980400c1377f46b000bf616c1ac4d59f855eb1ff7010a049c146122627866,2017-03,Sussex Police,Sussex Police,0.297195,50.774424,On or near Hanover Road,E01020910,Eastbourne 010A,Criminal damage and arson,Investigation complete; no suspect identified,
27c5f4259b2655cfae3ef07ce9916884fe39588d8f146e07829dcd299dd681f8,2017-03,Sussex Police,Sussex Police,0.294766,50.773500,On or near Sheen Road,E01020910,Eastbourne 010A,Criminal damage and arson,Unable to prosecute suspect,
f078390699467d31c88c4004c631d83db129aab0bf5b9ad2e65a3d5f1fc33ce6,2017-03,Sussex Police,Sussex Police,0.295447,50.770896,On or near Marine Road,E01020910,Eastbourne 010A,Criminal damage and arson,Status update unavailable,
5694622ada0075037870a3e69c7095acf68eb86f60486efb6670be1164bf55db,2017-03,Sussex Police,Sussex Police,0.297449,50.773249,On or near Cambridge Road,E01020910,Eastbourne 010A,Public order,Further investigation is not in the public interest,
6c232ca2603e4174bcdcad7a6acd985f736bb2221cc154b78283d00a981c0a3b,2017-03,Sussex Police,Sussex Police,0.293622,50.772713,On or near Willowfield Road,E01020910,Eastbourne 010A,Shoplifting,Local resolution,
7ec72a4f8452a3a2ddd7c3259e211eb40bd7613dd3068e8d1f16e26238c6ed1b,2017-03,Sussex Police,Sussex Police,0.293622,50.772713,On or near Willowfield Road,E01020910,Eastbourne 010A,Shoplifting,Further investigation is not in the public interest,
0fbb2cf7f5b0d3e815f09c698113d6fc8701b6cb845e4698ccbf3d501a08d099,2017-03,Sussex Police,Sussex Police,0.293622,50.772713,On or near Willowfield Road,E01020910,Eastbourne 010A,Shoplifting,Investigation complete; no suspect identified,
9be35b0f4646bc6e18385395bf08d22b5b0bceb3841c839cfd75ece3a4437ae5,2017-03,Sussex Police,Sussex Police,0.296784,50.773856,On or near St James Road,E01020910,Eastbourne 010A,Violence and sexual offences,Unable to prosecute suspect,
c7fdafac185235dcbbd52399b0249c7eb58ebde3acb1bc4d84fc399d52f8a5e8,2017-03,Sussex Police,Sussex Police,0.294766,50.773500,On or near Sheen Road,E01020910,Eastbourne 010A,Violence and sexual offences,Unable to prosecute suspect,
3b2f1dcc25e5b324982f93c5bd434930e71529c071fa2c757449ca7dba931528,2017-03,Sussex Police,Sussex Police,0.297195,50.774424,On or near Hanover Road,E01020910,Eastbourne 010A,Violence and sexual offences,Unable to prosecute suspect,
b4d1c6519f4abb6e88fa7df5343b9746c7d4cb639302cc2f048ab90c868e9b6a,2017-03,Sussex Police,Sussex Police,0.296784,50.773856,On or near St James Road,E01020910,Eastbourne 010A,Violence and sexual offences,Unable to prosecute suspect,
295e0452031fc0d9fc98d3858c7eff7423fdc081f8a94ee91643418cc89bd14b,2017-03,Sussex Police,Sussex Police,0.295206,50.771171,On or near Leaf Hall Road,E01020910,Eastbourne 010A,Violence and sexual offences,Unable to prosecute suspect,
dee35b6a79a413af9ed30ce2bedfc0ebd6fc216cd543a17f3a7888e847e83794,2017-03,Sussex Police,Sussex Police,0.297400,50.772531,On or near Bayham Road,E01020910,Eastbourne 010A,Violence and sexual offences,Further investigation is not in the public interest,
815e394ecc976e9c6d552133ef4dc6caf0202ae36b248240326d7831ab9bb571,2017-03,Sussex Police,Sussex Police,0.293672,50.772002,On or near Willowfield Square,E01020910,Eastbourne 010A,Violence and sexual offences,Unable to prosecute suspect,
611f90bcdbe886f8ef090d2b294c1dbc2db771196329a8253cede61654ffbf21,2017-03,Sussex Police,Sussex Police,0.302485,50.775857,On or near Theme/Adventure Park,E01020910,Eastbourne 010A,Violence and sexual offences,Unable to prosecute suspect,
,2017-03,Sussex Police,Sussex Police,0.291195,50.767472,On or near Elms Avenue,E01020911,Eastbourne 010B,Anti-social behaviour,,
,2017-03,Sussex Police,Sussex Police,0.291668,50.768722,On or near Bus/Coach Station,E01020911,Eastbourne 010B,Anti-social behaviour,,
,2017-03,Sussex Police,Sussex Police,0.291195,50.767472,On or near Elms Avenue,E01020911,Eastbourne 010B,Anti-social behaviour,,
,2017-03,Sussex Police,Sussex Police,0.291668,50.768722,On or near Bus/Coach Station,E01020911,Eastbourne 010B,Anti-social behaviour,,
,2017-03,Sussex Police,Sussex Police,0.291195,50.767472,On or near Elms Avenue,E01020911,Eastbourne 010B,Anti-social behaviour,,
,2017-03,Sussex Police,Sussex Police,0.290634,50.770200,On or near Langney Road,E01020911,Eastbourne 010B,Anti-social behaviour,,
,2017-03,Sussex Police,Sussex Police,0.290634,50.770200,On or near Langney Road,E01020911,Eastbourne 010B,Anti-social behaviour,,
,2017-03,Sussex Police,Sussex Police,0.290634,50.770200,On or near Langney Road,E01020911,Eastbourne 010B,Anti-social behaviour,,
,2017-03,Sussex Police,Sussex Police,0.290634,50.770200,On or near Langney Road,E01020911,Eastbourne 010B,Anti-social behaviour,,
,2017-03,Sussex Police,Sussex Police,0.290508,50.768790,On or near Bus/Coach Station,E01020911,Eastbourne 010B,Anti-social behaviour,,
,2017-03,Sussex Police,Sussex Police,0.290189,50.767195,On or near Elms Road,E01020911,Eastbourne 010B,Anti-social behaviour,,
,2017-03,Sussex Police,Sussex Police,0.288774,50.767844,On or near Shopping Area,E01020911,Eastbourne 010B,Anti-social behaviour,,
,2017-03,Sussex Police,Sussex Police,0.288774,50.767844,On or near Shopping Area,E01020911,Eastbourne 010B,Anti-social behaviour,,
,2017-03,Sussex Police,Sussex Police,0.288007,50.768111,On or near Lismore Road,E01020911,Eastbourne 010B,Anti-social behaviour,,
,2017-03,Sussex Police,Sussex Police,0.288253,50.768789,On or near Nightclub,E01020911,Eastbourne 010B,Anti-social behaviour,,
,2017-03,Sussex Police,Sussex Police,0.288253,50.768789,On or near Nightclub,E01020911,Eastbourne 010B,Anti-social behaviour,,
,2017-03,Sussex Police,Sussex Police,0.288380,50.770523,On or near Wellesley Road,E01020911,Eastbourne 010B,Anti-social behaviour,,
,2017-03,Sussex Police,Sussex Police,0.288380,50.770523,On or near Wellesley Road,E01020911,Eastbourne 010B,Anti-social behaviour,,
,2017-03,Sussex Police,Sussex Police,0.288380,50.770523,On or near Wellesley Road,E01020911,Eastbourne 010B,Anti-social behaviour,,
,2017-03,Sussex Police,Sussex Police,0.288380,50.770523,On or near Wellesley Road,E01020911,Eastbourne 010B,Anti-social behaviour,,
,2017-03,Sussex Police,Sussex Police,0.288380,50.770523,On or near Wellesley Road,E01020911,Eastbourne 010B,Anti-social behaviour,,
,2017-03,Sussex Police,Sussex Police,0.288253,50.768789,On or near Nightclub,E01020911,Eastbourne 010B,Anti-social behaviour,,
,2017-03,Sussex Police,Sussex Police,0.287791,50.769194,On or near Supermarket,E01020911,Eastbourne 010B,Anti-social behaviour,,
,2017-03,Sussex Police,Sussex Police,0.287791,50.769194,On or near Supermarket,E01020911,Eastbourne 010B,Anti-social behaviour,,
,2017-03,Sussex Police,Sussex Police,0.287791,50.769194,On or near Supermarket,E01020911,Eastbourne 010B,Anti-social behaviour,,
,2017-03,Sussex Police,Sussex Police,0.288007,50.768111,On or near Lismore Road,E01020911,Eastbourne 010B,Anti-social behaviour,,
,2017-03,Sussex Police,Sussex Police,0.287791,50.769194,On or near Supermarket,E01020911,Eastbourne 010B,Anti-social behaviour,,
,2017-03,Sussex Police,Sussex Police,0.287791,50.769194,On or near Supermarket,E01020911,Eastbourne 010B,Anti-social behaviour,,
,2017-03,Sussex Police,Sussex Police,0.288380,50.770523,On or near Wellesley Road,E01020911,Eastbourne 010B,Anti-social behaviour,,
,2017-03,Sussex Police,Sussex Police,0.286455,50.768564,On or near Shopping Area,E01020911,Eastbourne 010B,Anti-social behaviour,,
,2017-03,Sussex Police,Sussex Police,0.286455,50.768564,On or near Shopping Area,E01020911,Eastbourne 010B,Anti-social behaviour,,
,2017-03,Sussex Police,Sussex Police,0.286707,50.769071,On or near Shopping Area,E01020911,Eastbourne 010B,Anti-social behaviour,,
,2017-03,Sussex Police,Sussex Police,0.286707,50.769071,On or near Shopping Area,E01020911,Eastbourne 010B,Anti-social behaviour,,
,2017-03,Sussex Police,Sussex Police,0.286707,50.769071,On or near Shopping Area,E01020911,Eastbourne 010B,Anti-social behaviour,,
,2017-03,Sussex Police,Sussex Police,0.286707,50.769071,On or near Shopping Area,E01020911,Eastbourne 010B,Anti-social behaviour,,
,2017-03,Sussex Police,Sussex Police,0.286707,50.769071,On or near Shopping Area,E01020911,Eastbourne 010B,Anti-social behaviour,,
,2017-03,Sussex Police,Sussex Police,0.286707,50.769071,On or near Shopping Area,E01020911,Eastbourne 010B,Anti-social behaviour,,
,2017-03,Sussex Police,Sussex Police,0.286707,50.769071,On or near Shopping Area,E01020911,Eastbourne 010B,Anti-social behaviour,,
,2017-03,Sussex Police,Sussex Police,0.286707,50.769071,On or near Shopping Area,E01020911,Eastbourne 010B,Anti-social behaviour,,
,2017-03,Sussex Police,Sussex Police,0.286707,50.769071,On or near Shopping Area,E01020911,Eastbourne 010B,Anti-social behaviour,,
,2017-03,Sussex Police,Sussex Police,0.286707,50.769071,On or near Shopping Area,E01020911,Eastbourne 010B,Anti-social behaviour,,
,2017-03,Sussex Police,Sussex Police,0.286707,50.769071,On or near Shopping Area,E01020911,Eastbourne 010B,Anti-social behaviour,,
,2017-03,Sussex Police,Sussex Police,0.286500,50.768320,On or near Terminus Road,E01020911,Eastbourne 010B,Anti-social behaviour,,
,2017-03,Sussex Police,Sussex Police,0.285107,50.769130,On or near Eastbourne Arndale Centre,E01020911,Eastbourne 010B,Anti-social behaviour,,
,2017-03,Sussex Police,Sussex Police,0.286455,50.768564,On or near Shopping Area,E01020911,Eastbourne 010B,Anti-social behaviour,,
,2017-03,Sussex Police,Sussex Police,0.285107,50.769130,On or near Eastbourne Arndale Centre,E01020911,Eastbourne 010B,Anti-social behaviour,,
,2017-03,Sussex Police,Sussex Police,0.285107,50.769130,On or near Eastbourne Arndale Centre,E01020911,Eastbourne 010B,Anti-social behaviour,,
,2017-03,Sussex Police,Sussex Police,0.284714,50.769794,On or near Parking Area,E01020911,Eastbourne 010B,Anti-social behaviour,,
,2017-03,Sussex Police,Sussex Police,0.284714,50.769794,On or near Parking Area,E01020911,Eastbourne 010B,Anti-social behaviour,,
,2017-03,Sussex Police,Sussex Police,0.284714,50.769794,On or near Parking Area,E01020911,Eastbourne 010B,Anti-social behaviour,,
,2017-03,Sussex Police,Sussex Police,0.282757,50.768933,On or near Theme/Adventure Park,E01020911,Eastbourne 010B,Anti-social behaviour,,
,2017-03,Sussex Police,Sussex Police,0.282757,50.768933,On or near Theme/Adventure Park,E01020911,Eastbourne 010B,Anti-social behaviour,,
,2017-03,Sussex Police,Sussex Police,0.282757,50.768933,On or near Theme/Adventure Park,E01020911,Eastbourne 010B,Anti-social behaviour,,
,2017-03,Sussex Police,Sussex Police,0.282757,50.768933,On or near Theme/Adventure Park,E01020911,Eastbourne 010B,Anti-social behaviour,,
,2017-03,Sussex Police,Sussex Police,0.282757,50.768933,On or near Theme/Adventure Park,E01020911,Eastbourne 010B,Anti-social behaviour,,
,2017-03,Sussex Police,Sussex Police,0.282757,50.768933,On or near Theme/Adventure Park,E01020911,Eastbourne 010B,Anti-social behaviour,,
,2017-03,Sussex Police,Sussex Police,0.282757,50.768933,On or near Theme/Adventure Park,E01020911,Eastbourne 010B,Anti-social behaviour,,
,2017-03,Sussex Police,Sussex Police,0.282757,50.768933,On or near Theme/Adventure Park,E01020911,Eastbourne 010B,Anti-social behaviour,,
,2017-03,Sussex Police,Sussex Police,0.281372,50.769041,On or near Terminus Road,E01020911,Eastbourne 010B,Anti-social behaviour,,
,2017-03,Sussex Police,Sussex Police,0.282757,50.768933,On or near Theme/Adventure Park,E01020911,Eastbourne 010B,Anti-social behaviour,,
,2017-03,Sussex Police,Sussex Police,0.291195,50.767472,On or near Elms Avenue,E01020911,Eastbourne 010B,Anti-social behaviour,,
,2017-03,Sussex Police,Sussex Police,0.291195,50.767472,On or near Elms Avenue,E01020911,Eastbourne 010B,Anti-social behaviour,,
15bec786d2712e5d7fca251e24fb92b278aa0b11944376d665744462c7fd1526,2017-03,Sussex Police,Sussex Police,0.288037,50.771627,On or near Ashford Road,E01020911,Eastbourne 010B,Burglary,Investigation complete; no suspect identified,
9aea6a6f2dbb3afa56bb31df63a952e22aabeee10fc91668c400726add9345be,2017-03,Sussex Police,Sussex Police,0.287791,50.769194,On or near Supermarket,E01020911,Eastbourne 010B,Criminal damage and arson,Court result unavailable,
49dec380f677d38a41578242c0a012760b26113f7359c7001f1ac2fa9ed55f4b,2017-03,Sussex Police,Sussex Police,0.290242,50.770027,On or near Cavendish Place,E01020911,Eastbourne 010B,Criminal damage and arson,Investigation complete; no suspect identified,
43a6ac9c70758695140229d99b84cc14834574b636c837549bfbda6e4f1bd3cd,2017-03,Sussex Police,Sussex Police,0.290189,50.767195,On or near Elms Road,E01020911,Eastbourne 010B,Criminal damage and arson,Investigation complete; no suspect identified,
fc7a425cd8b69268e39972686d36dfe7878e776c7aefcd62d82d1a6efeb84219,2017-03,Sussex Police,Sussex Police,0.288007,50.768111,On or near Lismore Road,E01020911,Eastbourne 010B,Criminal damage and arson,Investigation complete; no suspect identified,
94bcefed4dd975bdbb0fc5688c96e37a99147ba3cde89aca85ccb014196e77b2,2017-03,Sussex Police,Sussex Police,0.281372,50.769041,On or near Terminus Road,E01020911,Eastbourne 010B,Criminal damage and arson,Investigation complete; no suspect identified,
99494bcc88b1768a515df0aa4a81769d529e9713e8cce9a911b5fe437125bdf0,2017-03,Sussex Police,Sussex Police,0.290242,50.770027,On or near Cavendish Place,E01020911,Eastbourne 010B,Criminal damage and arson,Investigation complete; no suspect identified,
c9781edb47755b0b323bad6097559af4d4602185b6fcb26488b259b5c22b9ead,2017-03,Sussex Police,Sussex Police,0.291195,50.767472,On or near Elms Avenue,E01020911,Eastbourne 010B,Drugs,Offender given a drugs possession warning,
c5201b4b7011d79258e9f93fa81209dd2d1bded5b97ab38f1e4cc6a38c47fdba,2017-03,Sussex Police,Sussex Police,0.282757,50.768933,On or near Theme/Adventure Park,E01020911,Eastbourne 010B,Drugs,Offender given a drugs possession warning,
ec4beb3b8da790762e2d4dfa11f81eeb5b5380fe4be5155abc7cd569ea22b389,2017-03,Sussex Police,Sussex Police,0.288253,50.768789,On or near Nightclub,E01020911,Eastbourne 010B,Drugs,Offender given a caution,
03e51bfe5527d37d9b37f7f6fb0def29344e3c37e3deb272b61508ba0abdd4a0,2017-03,Sussex Police,Sussex Police,0.284049,50.769249,On or near Supermarket,E01020911,Eastbourne 010B,Drugs,Status update unavailable,
e4d318689915d0ea77220fd0d7d9080a962f978b87d2726390afae0aca876196,2017-03,Sussex Police,Sussex Police,0.290634,50.770200,On or near Langney Road,E01020911,Eastbourne 010B,Drugs,Offender given a drugs possession warning,
a687dcc5592b260f751c250cd21de52462537a00bd2ccc1f481c1202e20d9940,2017-03,Sussex Police,Sussex Police,0.288253,50.768789,On or near Nightclub,E01020911,Eastbourne 010B,Other theft,Investigation complete; no suspect identified,
7e359450822a5f0467253871f9d665de7b1b8e1b0950282f377b642206b057c8,2017-03,Sussex Police,Sussex Police,0.288007,50.768111,On or near Lismore Road,E01020911,Eastbourne 010B,Other theft,Investigation complete; no suspect identified,
8615c4a7f938d7a5e313c1ebc0c83293b47733c9e81729c1c59e0110710790c9,2017-03,Sussex Police,Sussex Police,0.291195,50.767472,On or near Elms Avenue,E01020911,Eastbourne 010B,Other theft,Investigation complete; no suspect identified,
e747669fc26e3e5ab7b1cd596c586f2c027a131084e4f9dab59d2b3578cee3e0,2017-03,Sussex Police,Sussex Police,0.285148,50.770856,On or near Parking Area,E01020911,Eastbourne 010B,Other theft,Investigation complete; no suspect identified,
17f2639c7199312071f26c3de5db2fc0ae6a3783d2ac192eb95b2fbdfae91d53,2017-03,Sussex Police,Sussex Police,0.288253,50.768789,On or near Nightclub,E01020911,Eastbourne 010B,Other theft,Investigation complete; no suspect identified,
e9693b31197f674c48d2fd3e96013b97f52ed8c225de49e01dd50a46fdd9e7bc,2017-03,Sussex Police,Sussex Police,0.285107,50.769130,On or near Eastbourne Arndale Centre,E01020911,Eastbourne 010B,Other theft,Offender given community sentence,
7a56b048121f5d3650dca16f3c381d85055fc40343c6831597cda86c8c8b5bdd,2017-03,Sussex Police,Sussex Police,0.288253,50.768789,On or near Nightclub,E01020911,Eastbourne 010B,Other theft,Investigation complete; no suspect identified,
8bc07d06b48ab21637c2ba5d309d6b497ebe43b63ce41a1af5f0ac3ceab22217,2017-03,Sussex Police,Sussex Police,0.282757,50.768933,On or near Theme/Adventure Park,E01020911,Eastbourne 010B,Other theft,Investigation complete; no suspect identified,
a832233d3fb6065edbaf1a6966f81f97cdcc5343135021b0f507090ff2ce8b3e,2017-03,Sussex Police,Sussex Police,0.290189,50.767195,On or near Elms Road,E01020911,Eastbourne 010B,Other theft,Investigation complete; no suspect identified,
134c4de8caafe752224d0ed4ca98d476280d4d97595c4168f478f011b5c7dd88,2017-03,Sussex Police,Sussex Police,0.288253,50.768789,On or near Nightclub,E01020911,Eastbourne 010B,Other theft,Investigation complete; no suspect identified,
1fdbca097d61847588a385add33d4f8926b4afa77d3abc6b94208423149b0474,2017-03,Sussex Police,Sussex Police,0.287791,50.769194,On or near Supermarket,E01020911,Eastbourne 010B,Other theft,Investigation complete; no suspect identified,
eab6e42cdee119426b48807f186577bbe55e2b3263280bf875fcaed166067791,2017-03,Sussex Police,Sussex Police,0.286455,50.768564,On or near Shopping Area,E01020911,Eastbourne 010B,Other theft,Investigation complete; no suspect identified,
e1aab87f95a2f540fa25f55a8a1e46c1f630b558277accbe72c01e34bf6e335d,2017-03,Sussex Police,Sussex Police,0.288253,50.768789,On or near Nightclub,E01020911,Eastbourne 010B,Possession of weapons,Status update unavailable,
8142e49436eebbf374c343c8b018d5884b93eeaf20578f1173000833b1f5581e,2017-03,Sussex Police,Sussex Police,0.288253,50.768789,On or near Nightclub,E01020911,Eastbourne 010B,Public order,Investigation complete; no suspect identified,
6f5cb6757222300ad918bd141aa9910ae558dc893222959700dbd611c5ba3735,2017-03,Sussex Police,Sussex Police,0.285514,50.769634,On or near Shopping Area,E01020911,Eastbourne 010B,Public order,Investigation complete; no suspect identified,
4d51320f8917866f7d31d66efcf04bb1f48c4b10eb8d347d782736d8abccd776,2017-03,Sussex Police,Sussex Police,0.282757,50.768933,On or near Theme/Adventure Park,E01020911,Eastbourne 010B,Public order,Unable to prosecute suspect,
7a87245d06d10ecda9a440cb689bd530a2aaa72789a7eafbe83da89401a86027,2017-03,Sussex Police,Sussex Police,0.289158,50.768160,On or near North Street,E01020911,Eastbourne 010B,Public order,Unable to prosecute suspect,
d09eaedaa6f14a8d7d129332019e347d7ea42775b9de338afbc5ca56e23b0758,2017-03,Sussex Police,Sussex Police,0.286455,50.768564,On or near Shopping Area,E01020911,Eastbourne 010B,Public order,Investigation complete; no suspect identified,
26888431a4dc87fe2cf747cdc865d3299d27be2215572cb7cc46b858527a73aa,2017-03,Sussex Police,Sussex Police,0.286455,50.768564,On or near Shopping Area,E01020911,Eastbourne 010B,Public order,Offender ordered to pay compensation,
d1449b5024c97213b98c6921a2eb0dc4b63e3bc2b4fccf0b0cf3ab9d6981faaf,2017-03,Sussex Police,Sussex Police,0.290189,50.767195,On or near Elms Road,E01020911,Eastbourne 010B,Robbery,Unable to prosecute suspect,
9202ee5d16edef9073580527ccb4f1e197c7c79e18570f358a8dfda4a7a4164b,2017-03,Sussex Police,Sussex Police,0.285514,50.769634,On or near Shopping Area,E01020911,Eastbourne 010B,Shoplifting,Offender given community sentence,
6d4cfa12be1481c8494d6b3ffc1d6f850cbb5c1b92e3b1d09c4ee0de505226c9,2017-03,Sussex Police,Sussex Police,0.284714,50.769794,On or near Parking Area,E01020911,Eastbourne 010B,Shoplifting,Offender given conditional discharge,
03d6407a92f8904b3346c6da1b9e7280bbe5ae8e3a305896df535155a0257f34,2017-03,Sussex Police,Sussex Police,0.285107,50.769130,On or near Eastbourne Arndale Centre,E01020911,Eastbourne 010B,Shoplifting,Offender given community sentence,
262f06ca2e773932f40522073c059940783d0b6aa00482ac18670c7f1d876721,2017-03,Sussex Police,Sussex Police,0.284049,50.769249,On or near Supermarket,E01020911,Eastbourne 010B,Shoplifting,Status update unavailable,
1b2b5dfecfde4e594d1fda3cddfbad639065685176ed36213447d43c94d3e617,2017-03,Sussex Police,Sussex Police,0.285107,50.769130,On or near Eastbourne Arndale Centre,E01020911,Eastbourne 010B,Shoplifting,Offender sent to prison,
d3c02b308ffa3d600c8911b3e18501466486b651d25f81231ca30256006243c3,2017-03,Sussex Police,Sussex Police,0.284049,50.769249,On or near Supermarket,E01020911,Eastbourne 010B,Shoplifting,Status update unavailable,
9c1914de088158118f4680d8fb424a53100dc5e881e912b865567ae3e70853cb,2017-03,Sussex Police,Sussex Police,0.284049,50.769249,On or near Supermarket,E01020911,Eastbourne 010B,Shoplifting,Offender sent to prison,
c22c610e80fcfdf532005b6128ebc2d0cffc8328b1986b3b969e74dfb2e86d91,2017-03,Sussex Police,Sussex Police,0.284049,50.769249,On or near Supermarket,E01020911,Eastbourne 010B,Shoplifting,Status update unavailable,
99e6280273db634ce6218dfc7877c7596e321a75a8ac7c0b4392f2ad4b0f5126,2017-03,Sussex Police,Sussex Police,0.285107,50.769130,On or near Eastbourne Arndale Centre,E01020911,Eastbourne 010B,Shoplifting,Offender given community sentence,
ccbbf8121d6e401fd59000a68c4d1a628245e95280c0145e8202cd4f2ca7e258,2017-03,Sussex Police,Sussex Police,0.285107,50.769130,On or near Eastbourne Arndale Centre,E01020911,Eastbourne 010B,Shoplifting,Unable to prosecute suspect,
b54ae31c6b50cf1fe869a9c9e8c0d840c23a72bcdc2f959c046086ff5b73b324,2017-03,Sussex Police,Sussex Police,0.285107,50.769130,On or near Eastbourne Arndale Centre,E01020911,Eastbourne 010B,Shoplifting,Offender sent to prison,
d589ac6320b1bb438b3d0c8f432ed8db9566b0d709d6a64f9feb056282a0abcd,2017-03,Sussex Police,Sussex Police,0.284049,50.769249,On or near Supermarket,E01020911,Eastbourne 010B,Shoplifting,Investigation complete; no suspect identified,
d035850f49385f941de07b8a8bf945b52d47e079a7a7dd523d5eb7f5a727522c,2017-03,Sussex Police,Sussex Police,0.286707,50.769071,On or near Shopping Area,E01020911,Eastbourne 010B,Shoplifting,Court result unavailable,
8103fea58fbd24a881c426b6b406db49262751a0757c0a2c36f06d08e0457f6c,2017-03,Sussex Police,Sussex Police,0.288380,50.770523,On or near Wellesley Road,E01020911,Eastbourne 010B,Shoplifting,Investigation complete; no suspect identified,
bd9b81e59af60edb9347725801982caca96c05e06b28a2698b5fb2299cdeec3f,2017-03,Sussex Police,Sussex Police,0.285514,50.769634,On or near Shopping Area,E01020911,Eastbourne 010B,Shoplifting,Local resolution,
43f0ac07f801f5aaaaba68111a7afe6672914189bf5359788d9edcdeee18611a,2017-03,Sussex Police,Sussex Police,0.285107,50.769130,On or near Eastbourne Arndale Centre,E01020911,Eastbourne 010B,Shoplifting,Offender fined,
b8d4089fabc7c77239bb417395298bab8898e2c6317eaf3ec9838811619fe5d9,2017-03,Sussex Police,Sussex Police,0.287791,50.769194,On or near Supermarket,E01020911,Eastbourne 010B,Shoplifting,Status update unavailable,
b5a1e51f132e934c209db82ae6846b7b82626bb7d67dbd79b9177ccd39f1f8d2,2017-03,Sussex Police,Sussex Police,0.285107,50.769130,On or near Eastbourne Arndale Centre,E01020911,Eastbourne 010B,Shoplifting,Offender sent to prison,
670c1cc46d37d3ba4b0671fbc2555ffa61d73aade09cecad67d121be196dcfd8,2017-03,Sussex Police,Sussex Police,0.286455,50.768564,On or near Shopping Area,E01020911,Eastbourne 010B,Shoplifting,Investigation complete; no suspect identified,
4beeb0416812dbf8fb3618b7ef8bd6f825f696a08035b7363049c0525744195b,2017-03,Sussex Police,Sussex Police,0.288774,50.767844,On or near Shopping Area,E01020911,Eastbourne 010B,Shoplifting,Investigation complete; no suspect identified,
c45f097e477a141699fef50ec08c6f2d6b1896a20ebf64f4c300b27b98ef62ae,2017-03,Sussex Police,Sussex Police,0.285107,50.769130,On or near Eastbourne Arndale Centre,E01020911,Eastbourne 010B,Shoplifting,Investigation complete; no suspect identified,
23ac590dd66dc369c1cb3a3966c48e8db4afbb5210dfb9a84c630adff3385c20,2017-03,Sussex Police,Sussex Police,0.286707,50.769071,On or near Shopping Area,E01020911,Eastbourne 010B,Shoplifting,Investigation complete; no suspect identified,
7def8fb19e2d3873f39e4f51b9f6059e9ef7a2ec7611a3f59e9ea30136929f83,2017-03,Sussex Police,Sussex Police,0.288774,50.767844,On or near Shopping Area,E01020911,Eastbourne 010B,Shoplifting,Investigation complete; no suspect identified,
ca5ea36ef4148d02280054baa581ccee2c4801d793ddc6e77ff8020fd8a6f3ff,2017-03,Sussex Police,Sussex Police,0.285107,50.769130,On or near Eastbourne Arndale Centre,E01020911,Eastbourne 010B,Shoplifting,Further investigation is not in the public interest,
baaaa64d913c07f81a06e8fbaba2065fa3b92daa5fdeacbf704fe122874378db,2017-03,Sussex Police,Sussex Police,0.284714,50.769794,On or near Parking Area,E01020911,Eastbourne 010B,Shoplifting,Local resolution,
a5bc9498f99c06456cc1cd2ea07771ee1cc30011a3a4eb6694bcb6da868b2236,2017-03,Sussex Police,Sussex Police,0.288007,50.768111,On or near Lismore Road,E01020911,Eastbourne 010B,Shoplifting,Investigation complete; no suspect identified,
47d1891fdaa2c23e5970ec4af67c62cce1e15de2ae219e4336a8f0463e22f550,2017-03,Sussex Police,Sussex Police,0.285107,50.769130,On or near Eastbourne Arndale Centre,E01020911,Eastbourne 010B,Shoplifting,Unable to prosecute suspect,
a4e1e7e8df1cbb1f6858428d11c3a867ad21cbe49f45b1530c28cd643e883dce,2017-03,Sussex Police,Sussex Police,0.285514,50.769634,On or near Shopping Area,E01020911,Eastbourne 010B,Shoplifting,Investigation complete; no suspect identified,
87195d2fb29fac873e26b6d4636af1f0a9258b7640fbaac3734e3118f4a9e239,2017-03,Sussex Police,Sussex Police,0.285514,50.769634,On or near Shopping Area,E01020911,Eastbourne 010B,Shoplifting,Local resolution,
3c3fdd3c33071b9d65441c92ada7400a2ae1f6deeeec65a48e57e49fadb64d80,2017-03,Sussex Police,Sussex Police,0.287791,50.769194,On or near Supermarket,E01020911,Eastbourne 010B,Shoplifting,Investigation complete; no suspect identified,
1f3c1a87e9e4d2258241f42392178ff73338035a3df2039253130bcffc23e160,2017-03,Sussex Police,Sussex Police,0.285514,50.769634,On or near Shopping Area,E01020911,Eastbourne 010B,Shoplifting,Investigation complete; no suspect identified,
66a777ae64e9be58299adb7e1d467c4690fbb16e787673659594e7fce285cc0e,2017-03,Sussex Police,Sussex Police,0.287791,50.769194,On or near Supermarket,E01020911,Eastbourne 010B,Shoplifting,Unable to prosecute suspect,
4ebe2c9e1021ba04608985b16ac3f2128ec4f57c2d4c80b3f76ad423601c2160,2017-03,Sussex Police,Sussex Police,0.285107,50.769130,On or near Eastbourne Arndale Centre,E01020911,Eastbourne 010B,Shoplifting,Local resolution,
ff8a2214625671c0d4c4610e92d3ba5b0a4ab7582b7f651167ae36b12ffe87d5,2017-03,Sussex Police,Sussex Police,0.287791,50.769194,On or near Supermarket,E01020911,Eastbourne 010B,Shoplifting,Local resolution,
028b019f4b1cc42ac0300096e2a43b060ab2ed51128001609a7ec1fec8fe9c5e,2017-03,Sussex Police,Sussex Police,0.285107,50.769130,On or near Eastbourne Arndale Centre,E01020911,Eastbourne 010B,Shoplifting,Court result unavailable,
020a90591d7f11dd7f79a77cd9292f85caf14bbee2181e0d61b0677b6d273c10,2017-03,Sussex Police,Sussex Police,0.282757,50.768933,On or near Theme/Adventure Park,E01020911,Eastbourne 010B,Theft from the person,Investigation complete; no suspect identified,
d5f62da9f5d47a674cad7ae9f5e7a75f0c7e051bf488793ccae70c833e0c48aa,2017-03,Sussex Police,Sussex Police,0.285514,50.769634,On or near Shopping Area,E01020911,Eastbourne 010B,Theft from the person,Investigation complete; no suspect identified,
487214ddccea92293a1f9807af65243145c99103899584cad4fb25c7dc6ebdaf,2017-03,Sussex Police,Sussex Police,0.288253,50.768789,On or near Nightclub,E01020911,Eastbourne 010B,Theft from the person,Investigation complete; no suspect identified,
8bf47cd4010e016572030e620021bfd737f1025f8a655d0f04d94f079eca2094,2017-03,Sussex Police,Sussex Police,0.284049,50.769249,On or near Supermarket,E01020911,Eastbourne 010B,Theft from the person,Investigation complete; no suspect identified,
9de5e4ca64b34c5303d1577df9b1d56dd98151b825b77cab193e2f1d0feb6d81,2017-03,Sussex Police,Sussex Police,0.291195,50.767472,On or near Elms Avenue,E01020911,Eastbourne 010B,Vehicle crime,Status update unavailable,
03f3af2453407d9b937810b57aebfe5551ba26abb1570571c2aecd687cf008dc,2017-03,Sussex Police,Sussex Police,0.282757,50.768933,On or near Theme/Adventure Park,E01020911,Eastbourne 010B,Violence and sexual offences,Investigation complete; no suspect identified,
5b70c862e4d3217ccc00e9f6cc28df1153c04123610e204e6caeea4d19fd535f,2017-03,Sussex Police,Sussex Police,0.290634,50.770200,On or near Langney Road,E01020911,Eastbourne 010B,Violence and sexual offences,Unable to prosecute suspect,
d5f519893fe5f9b28f852d3b32611f7fb5692815b2d1d71f022650675c299eef,2017-03,Sussex Police,Sussex Police,0.288253,50.768789,On or near Nightclub,E01020911,Eastbourne 010B,Violence and sexual offences,Unable to prosecute suspect,
82d073e705e6f9f021af1bb82628c8819a9a772064f4160eae498136564a06c2,2017-03,Sussex Police,Sussex Police,0.284714,50.769794,On or near Parking Area,E01020911,Eastbourne 010B,Violence and sexual offences,Status update unavailable,
d251c1f794de0eea97a334e94f70e16b628407d4a4abf213d5efee716f81dfff,2017-03,Sussex Police,Sussex Police,0.284049,50.769249,On or near Supermarket,E01020911,Eastbourne 010B,Violence and sexual offences,Unable to prosecute suspect,
7f95fb1c026df86e8ecfe6e5e03ca27f05234837b1587d8810773abb078494be,2017-03,Sussex Police,Sussex Police,0.287791,50.769194,On or near Supermarket,E01020911,Eastbourne 010B,Violence and sexual offences,Investigation complete; no suspect identified,
2c66df26d00d8bea479145ed6c631e0c103b08aea2d538a1f423733c90a148b7,2017-03,Sussex Police,Sussex Police,0.285514,50.769634,On or near Shopping Area,E01020911,Eastbourne 010B,Violence and sexual offences,Investigation complete; no suspect identified,
e6fc4b5515381d7b6183df60a5eb424a30ab5e4674b0ec7e4da4b11ba628f176,2017-03,Sussex Police,Sussex Police,0.281372,50.769041,On or near Terminus Road,E01020911,Eastbourne 010B,Violence and sexual offences,Court result unavailable,
1842890939b4f613b6855cfa012a7d0b3d3d91ea124e318a220bae3daef9a312,2017-03,Sussex Police,Sussex Police,0.284049,50.769249,On or near Supermarket,E01020911,Eastbourne 010B,Violence and sexual offences,Unable to prosecute suspect,
317654b9bf8f41536250edd76816a0b884c2d91615d4115d4550d8c9593bdffb,2017-03,Sussex Police,Sussex Police,0.287791,50.769194,On or near Supermarket,E01020911,Eastbourne 010B,Violence and sexual offences,Status update unavailable,
463b9a14d3447658481018bb9257f79efc18e55222868ac5ffd60a28695b3cd4,2017-03,Sussex Police,Sussex Police,0.290634,50.770200,On or near Langney Road,E01020911,Eastbourne 010B,Violence and sexual offences,Unable to prosecute suspect,
e37fe95ead2f1b56aef3c99da5c713a50787f9e1c607e0872bf111ad42874c89,2017-03,Sussex Police,Sussex Police,0.282757,50.768933,On or near Theme/Adventure Park,E01020911,Eastbourne 010B,Violence and sexual offences,Awaiting court outcome,
ee379b99b60accaad07814bba84d8d3b0dad37978310f5b280605b416d0866d8,2017-03,Sussex Police,Sussex Police,0.288253,50.768789,On or near Nightclub,E01020911,Eastbourne 010B,Violence and sexual offences,Further investigation is not in the public interest,
6ccface9504932c33ad29205c1e43f789ded1e8cce71e1182286c474ddc331ae,2017-03,Sussex Police,Sussex Police,0.285107,50.769130,On or near Eastbourne Arndale Centre,E01020911,Eastbourne 010B,Violence and sexual offences,Unable to prosecute suspect,
06108d9871e6e0f01e9fec7d98d9284c0854acff14567274199f81464656593e,2017-03,Sussex Police,Sussex Police,0.291668,50.768722,On or near Bus/Coach Station,E01020911,Eastbourne 010B,Violence and sexual offences,Further investigation is not in the public interest,
4ded9be0ebad4251d535eba33fddf82ab06465534d1970eb5ee503be1edf9f8c,2017-03,Sussex Police,Sussex Police,0.287791,50.769194,On or near Supermarket,E01020911,Eastbourne 010B,Violence and sexual offences,Court result unavailable,
7db052d221314282f3acbfacc9d3979b54f58b84c8656563f1b3a8a57c8897b3,2017-03,Sussex Police,Sussex Police,0.282757,50.768933,On or near Theme/Adventure Park,E01020911,Eastbourne 010B,Violence and sexual offences,Unable to prosecute suspect,
f9b89e3f8d29d792fbc8b94b2f66c02c92a8e90a0e70d34fb2ae584b45a6bafd,2017-03,Sussex Police,Sussex Police,0.287791,50.769194,On or near Supermarket,E01020911,Eastbourne 010B,Violence and sexual offences,Unable to prosecute suspect,
6b21590e0ef1924fff9cb5e048d09c33e628ef17d98a6e268711da9706f04cc5,2017-03,Sussex Police,Sussex Police,0.290634,50.770200,On or near Langney Road,E01020911,Eastbourne 010B,Violence and sexual offences,Awaiting court outcome,
b359728e4c52f53cd38dd908d608a9ff57c7de689a1aaf5130f8bd5a0e2e7e20,2017-03,Sussex Police,Sussex Police,0.282757,50.768933,On or near Theme/Adventure Park,E01020911,Eastbourne 010B,Violence and sexual offences,Unable to prosecute suspect,
da885adeac0b0cf6583cf3966a44b51dd6592f26e03d87ca427f8342b5c4e2ab,2017-03,Sussex Police,Sussex Police,0.285148,50.770856,On or near Parking Area,E01020911,Eastbourne 010B,Violence and sexual offences,Unable to prosecute suspect,
a33fcded2fd04c6c4edfa7c192a1649c92bc8b7132e8e1b177fe73324814c40a,2017-03,Sussex Police,Sussex Police,0.286455,50.768564,On or near Shopping Area,E01020911,Eastbourne 010B,Violence and sexual offences,Offender fined,
843ca3831f0770f2171d386e6254cb87bf23b43301096d9910bd13c38de5074e,2017-03,Sussex Police,Sussex Police,0.288955,50.770385,On or near Tideswell Road,E01020911,Eastbourne 010B,Violence and sexual offences,Unable to prosecute suspect,
2f2de5bc8abb837be94758ba11e5aeb9121b0d19fedb1fe08484d14639958b96,2017-03,Sussex Police,Sussex Police,0.288253,50.768789,On or near Nightclub,E01020911,Eastbourne 010B,Violence and sexual offences,Unable to prosecute suspect,
b6e8eb866036a44f0692d34782bf3a6f53a8c35ab692730477aa804790c441c5,2017-03,Sussex Police,Sussex Police,0.285171,50.769272,On or near Shopping Area,E01020911,Eastbourne 010B,Violence and sexual offences,Unable to prosecute suspect,
973d7ca57429a7fcb676dda361cbe90e73a70c150305c7b1a2b6c4bfc0305bab,2017-03,Sussex Police,Sussex Police,0.288253,50.768789,On or near Nightclub,E01020911,Eastbourne 010B,Violence and sexual offences,Offender given a caution,
9f4054b578e2f4d279150b1d0e982ad50f56ddfa4292addc66c301757fc2f31a,2017-03,Sussex Police,Sussex Police,0.288774,50.767844,On or near Shopping Area,E01020911,Eastbourne 010B,Violence and sexual offences,Investigation complete; no suspect identified,
9535a5b3f424b607df757ae3d03f7d47c5d05d944efd5759a1aac3c06bbc1479,2017-03,Sussex Police,Sussex Police,0.288380,50.770523,On or near Wellesley Road,E01020911,Eastbourne 010B,Violence and sexual offences,Investigation complete; no suspect identified,
64c302636c616f8bb07afb0f9eb9c19514efe6fd64ba5a054a7aa7a3c4214643,2017-03,Sussex Police,Sussex Police,0.284049,50.769249,On or near Supermarket,E01020911,Eastbourne 010B,Violence and sexual offences,Investigation complete; no suspect identified,
48eefc3bc5383255c0d6894777cca297e2d91549c154f1a510dd89cbf5033b58,2017-03,Sussex Police,Sussex Police,0.290189,50.767195,On or near Elms Road,E01020911,Eastbourne 010B,Other crime,Investigation complete; no suspect identified,
,2017-03,Sussex Police,Sussex Police,0.292975,50.769929,On or near Ceylon Place,E01020912,Eastbourne 010C,Anti-social behaviour,,
,2017-03,Sussex Police,Sussex Police,0.291300,50.771347,On or near Bourne Street,E01020912,Eastbourne 010C,Anti-social behaviour,,
,2017-03,Sussex Police,Sussex Police,0.291300,50.771347,On or near Bourne Street,E01020912,Eastbourne 010C,Anti-social behaviour,,
,2017-03,Sussex Police,Sussex Police,0.291300,50.771347,On or near Bourne Street,E01020912,Eastbourne 010C,Anti-social behaviour,,
,2017-03,Sussex Police,Sussex Police,0.291557,50.768482,On or near Seaside Road,E01020912,Eastbourne 010C,Anti-social behaviour,,
,2017-03,Sussex Police,Sussex Police,0.291557,50.768482,On or near Seaside Road,E01020912,Eastbourne 010C,Anti-social behaviour,,
,2017-03,Sussex Police,Sussex Police,0.291300,50.771347,On or near Bourne Street,E01020912,Eastbourne 010C,Anti-social behaviour,,
,2017-03,Sussex Police,Sussex Police,0.293775,50.768600,On or near Lion Lane,E01020912,Eastbourne 010C,Anti-social behaviour,,
,2017-03,Sussex Police,Sussex Police,0.293646,50.769736,On or near Saddlers Mews,E01020912,Eastbourne 010C,Anti-social behaviour,,
,2017-03,Sussex Police,Sussex Police,0.293775,50.768600,On or near Lion Lane,E01020912,Eastbourne 010C,Anti-social behaviour,,
,2017-03,Sussex Police,Sussex Police,0.293775,50.768600,On or near Lion Lane,E01020912,Eastbourne 010C,Anti-social behaviour,,
c0fcd9803df3e81a0708683646751e17cbd3757a641cf1cde94dae3fd431ec5e,2017-03,Sussex Police,Sussex Police,0.291300,50.771347,On or near Bourne Street,E01020912,Eastbourne 010C,Criminal damage and arson,Investigation complete; no suspect identified,
cb3fea871ee6b8faea4eda44c4826b25fe76e5d287a10518eb36b2f929d4fd06,2017-03,Sussex Police,Sussex Police,0.289056,50.771292,On or near Longstone Road,E01020912,Eastbourne 010C,Criminal damage and arson,Court case unable to proceed,
219515939d7b059280146c2f92f7639fe5fcb2443da67abd748d81fb5d8c34f8,2017-03,Sussex Police,Sussex Police,0.291557,50.768482,On or near Seaside Road,E01020912,Eastbourne 010C,Criminal damage and arson,Investigation complete; no suspect identified,
78d183a1dde942a45a237f527a708ff3ba0866b4476d54b3c59ea61d79859ec6,2017-03,Sussex Police,Sussex Police,0.293775,50.768600,On or near Lion Lane,E01020912,Eastbourne 010C,Criminal damage and arson,Investigation complete; no suspect identified,
8091e2c4e3ec9cac3f651eb4fe278605c16deaed5d9ae8ea08c1e91e060d48d3,2017-03,Sussex Police,Sussex Police,0.291300,50.771347,On or near Bourne Street,E01020912,Eastbourne 010C,Criminal damage and arson,Investigation complete; no suspect identified,
704181dde252b37715f0188b965e1b3b492298bb1e1043f47f481c79817bb279,2017-03,Sussex Police,Sussex Police,0.291121,50.769731,On or near Pevensey Road,E01020912,Eastbourne 010C,Drugs,Status update unavailable,
91e286a21340cf1870f7eef13a34d42825a53d32ecd7beee8bf364ba3008617a,2017-03,Sussex Police,Sussex Police,0.291300,50.771347,On or near Bourne Street,E01020912,Eastbourne 010C,Drugs,Status update unavailable,
44500d9116ea8f99d20b6d32655ba114e235b1fe093fa6e09d4d710ada24739b,2017-03,Sussex Police,Sussex Police,0.291300,50.771347,On or near Bourne Street,E01020912,Eastbourne 010C,Drugs,Offender given a drugs possession warning,
435b33c3993f3f61b1be7576527540598f6f6b8f60e992b590936e406956b40f,2017-03,Sussex Police,Sussex Police,0.293646,50.769736,On or near Saddlers Mews,E01020912,Eastbourne 010C,Other theft,Local resolution,
3caaa10a6f4fe69e4cfe36050bd680b711c2f64c344e737819f09ee093549351,2017-03,Sussex Police,Sussex Police,0.293646,50.769736,On or near Saddlers Mews,E01020912,Eastbourne 010C,Other theft,Unable to prosecute suspect,
7cec0f54154a817989e237d8bbc38e2e77330da0ff1d5e8ea06a801ff840e68f,2017-03,Sussex Police,Sussex Police,0.292975,50.769929,On or near Ceylon Place,E01020912,Eastbourne 010C,Other theft,Investigation complete; no suspect identified,
634163fbb4de4a7b5785964a5b4a9a88c9c8bae5e2f872bd365218b16c4b4f81,2017-03,Sussex Police,Sussex Police,0.292681,50.768271,On or near Queens Gardens,E01020912,Eastbourne 010C,Other theft,Further investigation is not in the public interest,
1e4aeee4a9ab9ca05eb8869644ad4c4853d52f2dd5950aa3268f5bb4e93761dc,2017-03,Sussex Police,Sussex Police,0.292975,50.769929,On or near Ceylon Place,E01020912,Eastbourne 010C,Other theft,Investigation complete; no suspect identified,
63ed74007ccb3b7a8092d4efd4a167cab08db33dca3999b3193b53001137dfdf,2017-03,Sussex Police,Sussex Police,0.293333,50.768833,On or near Colonnade Gardens,E01020912,Eastbourne 010C,Other theft,Investigation complete; no suspect identified,
cf486448cbb0f30c96197933f6896735ca0724a7f9463027b5536f61aa3f1b25,2017-03,Sussex Police,Sussex Police,0.292975,50.769929,On or near Ceylon Place,E01020912,Eastbourne 010C,Other theft,Investigation complete; no suspect identified,
0c9200e5949347624e35696a4cc7442b5b6b0bf8ddb57cb3aa390434f167fe98,2017-03,Sussex Police,Sussex Police,0.291557,50.768482,On or near Seaside Road,E01020912,Eastbourne 010C,Other theft,Investigation complete; no suspect identified,
0be470a03ab75298356f0cdb22fdc24fc4bce67f26333ca78e64011d2bdff05b,2017-03,Sussex Police,Sussex Police,0.291300,50.771347,On or near Bourne Street,E01020912,Eastbourne 010C,Possession of weapons,Unable to prosecute suspect,
51777fee6cd5e5f1bd4af99ba48c5bb2fedd192e233bf6e303805fcdaa633c43,2017-03,Sussex Police,Sussex Police,0.291121,50.769731,On or near Pevensey Road,E01020912,Eastbourne 010C,Public order,Investigation complete; no suspect identified,
ffa9c05e4615a299c3ffe5a1fd34399fcc42d2ccaad59dc893e6dd8b63eeb39e,2017-03,Sussex Police,Sussex Police,0.293333,50.768833,On or near Colonnade Gardens,E01020912,Eastbourne 010C,Public order,Further investigation is not in the public interest,
05fb58e00515cd4e548a66b5775c5ec123984bc81fc0239853060493f36471d7,2017-03,Sussex Police,Sussex Police,0.293333,50.768833,On or near Colonnade Gardens,E01020912,Eastbourne 010C,Shoplifting,Unable to prosecute suspect,
931e90f81ec8c8c3d64be34bd7f5413b53d8510afd916c7ceb724e1d2b538484,2017-03,Sussex Police,Sussex Police,0.292975,50.769929,On or near Ceylon Place,E01020912,Eastbourne 010C,Violence and sexual offences,Unable to prosecute suspect,
3573469df91b9c983e83a944928e5ae227b0f926404ed2c123f105c1250e2c1e,2017-03,Sussex Police,Sussex Police,0.293333,50.768833,On or near Colonnade Gardens,E01020912,Eastbourne 010C,Violence and sexual offences,Investigation complete; no suspect identified,
e09ca951f2bf34af8d8b4e61a1cfdb68001d7ce29499e41087820adb57d56520,2017-03,Sussex Police,Sussex Police,0.292975,50.769929,On or near Ceylon Place,E01020912,Eastbourne 010C,Violence and sexual offences,Unable to prosecute suspect,
afdd51af3ee34275da03f9d3057416e1cf0cdd80396c98e06350779b1ba3cff4,2017-03,Sussex Police,Sussex Police,0.291300,50.771347,On or near Bourne Street,E01020912,Eastbourne 010C,Violence and sexual offences,Unable to prosecute suspect,
fe4e1b74759537674edff3a812686f52187209ccb8473fc6a6c57ad7f4c1bb21,2017-03,Sussex Police,Sussex Police,0.289056,50.771292,On or near Longstone Road,E01020912,Eastbourne 010C,Violence and sexual offences,Unable to prosecute suspect,
4806dd2505bf5606d9063e99871264f1d3713fca91b5edb026f01326dc2a72d0,2017-03,Sussex Police,Sussex Police,0.289056,50.771292,On or near Longstone Road,E01020912,Eastbourne 010C,Violence and sexual offences,Unable to prosecute suspect,
d03561bde861f4a4a551642e9d4f67ec1bbe294882c214997313e3d121f6f1de,2017-03,Sussex Police,Sussex Police,0.291121,50.769731,On or near Pevensey Road,E01020912,Eastbourne 010C,Violence and sexual offences,Unable to prosecute suspect,
8298b010b62317df104f649e4d5e6ed01516feacd4c4eeb87f1100daa2784c46,2017-03,Sussex Police,Sussex Police,0.292975,50.769929,On or near Ceylon Place,E01020912,Eastbourne 010C,Violence and sexual offences,Investigation complete; no suspect identified,
c07388ff9457c1a3238a125785c0ccb9a2561f7b47a8f3ddd003da214761bea0,2017-03,Sussex Police,Sussex Police,0.291121,50.769731,On or near Pevensey Road,E01020912,Eastbourne 010C,Other crime,Unable to prosecute suspect,
,2017-03,Sussex Police,Sussex Police,0.292372,50.773268,On or near Melbourne Road,E01020916,Eastbourne 010D,Anti-social behaviour,,
,2017-03,Sussex Police,Sussex Police,0.289010,50.773829,On or near Dursley Road,E01020916,Eastbourne 010D,Anti-social behaviour,,
,2017-03,Sussex Police,Sussex Police,0.286204,50.771276,On or near Susan'S Road,E01020916,Eastbourne 010D,Anti-social behaviour,,
661291ef8901ef599164ce221687ce1a8772ef86731f9d5bffcabae4bbc1747d,2017-03,Sussex Police,Sussex Police,0.292675,50.773370,On or near Belmore Road,E01020916,Eastbourne 010D,Criminal damage and arson,Investigation complete; no suspect identified,
dfd8a7509c28c161d955832db004118963fd73ab9f255652e19feb877c95e2a2,2017-03,Sussex Police,Sussex Police,0.292372,50.773268,On or near Melbourne Road,E01020916,Eastbourne 010D,Criminal damage and arson,Investigation complete; no suspect identified,
36fdcef78826e3a02ae02407ce416881d6dac8f585644b671ac0ed96d9f90dba,2017-03,Sussex Police,Sussex Police,0.292372,50.773268,On or near Melbourne Road,E01020916,Eastbourne 010D,Criminal damage and arson,Investigation complete; no suspect identified,
103111f19f091d9559ddec15eb91c7e74a645cf775fe995702c53537b4797525,2017-03,Sussex Police,Sussex Police,0.292675,50.773370,On or near Belmore Road,E01020916,Eastbourne 010D,Criminal damage and arson,Unable to prosecute suspect,
0397e79c5fc1fb072ec8e911b4f9ed0f202bef570253a901bb78284f0867849a,2017-03,Sussex Police,Sussex Police,0.292675,50.773370,On or near Belmore Road,E01020916,Eastbourne 010D,Drugs,Status update unavailable,
422446eb8a70db9232b7314cd188c18103f2681c691a590e1021ae79815d314c,2017-03,Sussex Police,Sussex Police,0.292675,50.773370,On or near Belmore Road,E01020916,Eastbourne 010D,Drugs,Status update unavailable,
51c5188e5a6c645d54276edc0f69cfad6d12654c40e0efcd419941aa400f1d6f,2017-03,Sussex Police,Sussex Police,0.290921,50.774043,On or near Theatre/Concert Hall,E01020916,Eastbourne 010D,Other theft,Investigation complete; no suspect identified,
0c689b32c3ea02f9de1f979b52bbdd1f0dfbe9fc473a4c0db9357563c20832a0,2017-03,Sussex Police,Sussex Police,0.292675,50.773370,On or near Belmore Road,E01020916,Eastbourne 010D,Other theft,Unable to prosecute suspect,
5d0d2496cad7478c8fe9cb3f3aa15f4985104e5ecbaf8193bb8b7b051ae1231f,2017-03,Sussex Police,Sussex Police,0.290597,50.772925,On or near New Road,E01020916,Eastbourne 010D,Vehicle crime,Investigation complete; no suspect identified,
,2017-03,Sussex Police,Sussex Police,0.281408,50.766279,On or near Gildredge Road,E01020935,Eastbourne 011A,Anti-social behaviour,,
,2017-03,Sussex Police,Sussex Police,0.285638,50.767509,On or near Bolton Road,E01020935,Eastbourne 011A,Anti-social behaviour,,
,2017-03,Sussex Police,Sussex Police,0.285638,50.767509,On or near Bolton Road,E01020935,Eastbourne 011A,Anti-social behaviour,,
,2017-03,Sussex Police,Sussex Police,0.282652,50.768234,On or near Mark Lane,E01020935,Eastbourne 011A,Anti-social behaviour,,
,2017-03,Sussex Police,Sussex Police,0.282853,50.767699,On or near Hyde Gardens,E01020935,Eastbourne 011A,Anti-social behaviour,,
,2017-03,Sussex Police,Sussex Police,0.282965,50.767076,On or near Lushington Road,E01020935,Eastbourne 011A,Anti-social behaviour,,
,2017-03,Sussex Police,Sussex Police,0.282965,50.767076,On or near Lushington Road,E01020935,Eastbourne 011A,Anti-social behaviour,,
,2017-03,Sussex Police,Sussex Police,0.282853,50.767699,On or near Hyde Gardens,E01020935,Eastbourne 011A,Anti-social behaviour,,
,2017-03,Sussex Police,Sussex Police,0.282853,50.767699,On or near Hyde Gardens,E01020935,Eastbourne 011A,Anti-social behaviour,,
,2017-03,Sussex Police,Sussex Police,0.282853,50.767699,On or near Hyde Gardens,E01020935,Eastbourne 011A,Anti-social behaviour,,
,2017-03,Sussex Police,Sussex Police,0.282652,50.768234,On or near Mark Lane,E01020935,Eastbourne 011A,Anti-social behaviour,,
,2017-03,Sussex Police,Sussex Police,0.282296,50.768501,On or near Station Street,E01020935,Eastbourne 011A,Anti-social behaviour,,
,2017-03,Sussex Police,Sussex Police,0.282296,50.768501,On or near Station Street,E01020935,Eastbourne 011A,Anti-social behaviour,,
,2017-03,Sussex Police,Sussex Police,0.282296,50.768501,On or near Station Street,E01020935,Eastbourne 011A,Anti-social behaviour,,
,2017-03,Sussex Police,Sussex Police,0.281408,50.766279,On or near Gildredge Road,E01020935,Eastbourne 011A,Anti-social behaviour,,
,2017-03,Sussex Police,Sussex Police,0.281408,50.766279,On or near Gildredge Road,E01020935,Eastbourne 011A,Anti-social behaviour,,
,2017-03,Sussex Police,Sussex Police,0.281140,50.766590,On or near Parking Area,E01020935,Eastbourne 011A,Anti-social behaviour,,
,2017-03,Sussex Police,Sussex Police,0.281140,50.766590,On or near Parking Area,E01020935,Eastbourne 011A,Anti-social behaviour,,
,2017-03,Sussex Police,Sussex Police,0.279263,50.765611,On or near Furness Road,E01020935,Eastbourne 011A,Anti-social behaviour,,
,2017-03,Sussex Police,Sussex Police,0.279527,50.766973,On or near York Road,E01020935,Eastbourne 011A,Anti-social behaviour,,
,2017-03,Sussex Police,Sussex Police,0.281892,50.768347,On or near Stables Lane,E01020935,Eastbourne 011A,Anti-social behaviour,,
8e77183b98ae7152279307980906529e62a7936f22c9a0a5e94068b22d983fc8,2017-03,Sussex Police,Sussex Police,0.282652,50.768234,On or near Mark Lane,E01020935,Eastbourne 011A,Bicycle theft,Investigation complete; no suspect identified,
05a9d800d373025f98bbb1c205e81d0c3a3b9484fffc34f782e8791e4a75c2e4,2017-03,Sussex Police,Sussex Police,0.279527,50.766973,On or near York Road,E01020935,Eastbourne 011A,Criminal damage and arson,Investigation complete; no suspect identified,
e0fc633c15002604da3a8472bf3140e4da9814bfe9fb2bfc45ba2f5260a7adcc,2017-03,Sussex Police,Sussex Police,0.281140,50.766590,On or near Parking Area,E01020935,Eastbourne 011A,Criminal damage and arson,Investigation complete; no suspect identified,
a79230bd4c3f4f584c2574d5774755cc309fcc33243ec640cd7ef7dc70000d10,2017-03,Sussex Police,Sussex Police,0.279220,50.767653,On or near Further/Higher Educational Building,E01020935,Eastbourne 011A,Criminal damage and arson,Court result unavailable,
89372047efb49a5f730387c20c48ffaf902432b00fe1e1dfe40a56e37c72c8a3,2017-03,Sussex Police,Sussex Police,0.279797,50.766401,On or near South Street,E01020935,Eastbourne 011A,Criminal damage and arson,Investigation complete; no suspect identified,
045b348c5460e5d1a42423bfa92a69b69b4c0987fd7e779b81c6dc479a5d3f30,2017-03,Sussex Police,Sussex Police,0.280696,50.769126,On or near Terminus Road,E01020935,Eastbourne 011A,Criminal damage and arson,Unable to prosecute suspect,
8a4825f1524b96b6bf59667c46b95227228bafbc8b62488fdc3d26643fccc1ca,2017-03,Sussex Police,Sussex Police,0.279527,50.766973,On or near York Road,E01020935,Eastbourne 011A,Drugs,Court result unavailable,
65891d7eae904716e983e8c166494ef9030d9e435b8fe821238e25b3a15d2f38,2017-03,Sussex Police,Sussex Police,0.280696,50.769126,On or near Terminus Road,E01020935,Eastbourne 011A,Drugs,Offender given a drugs possession warning,
ae261c20b82ccb55072104dae50b5257d2b8bce797840f3c3a642a15514ab88e,2017-03,Sussex Police,Sussex Police,0.280696,50.769126,On or near Terminus Road,E01020935,Eastbourne 011A,Drugs,Offender given a caution,
13895bf2f8ce844d85bd6232e4cd34a69184182d9ee5ad68d5c16379d5bb0c85,2017-03,Sussex Police,Sussex Police,0.280696,50.769126,On or near Terminus Road,E01020935,Eastbourne 011A,Drugs,Offender given a drugs possession warning,
4a4a49597f479a26b1abe1e495c27aa9381982e56113e5ca03feb3a124c4e5a6,2017-03,Sussex Police,Sussex Police,0.288932,50.767301,On or near Supermarket,E01020935,Eastbourne 011A,Other theft,Unable to prosecute suspect,
7e724369a1b7742daec3c36112a39823ad646d762ca0fb4d0e3491441a09981c,2017-03,Sussex Police,Sussex Police,0.283795,50.767537,On or near Connaught Road,E01020935,Eastbourne 011A,Other theft,Investigation complete; no suspect identified,
92e11c5930b7d226791c40bdfdc4b3ddcca4c044463ee3e51f2d8c01eb377053,2017-03,Sussex Police,Sussex Police,0.282296,50.768501,On or near Station Street,E01020935,Eastbourne 011A,Other theft,Investigation complete; no suspect identified,
3e950890ad209fa1a2dd46157e531e9eb5ef3f111ac0babd7150a72f76892fff,2017-03,Sussex Police,Sussex Police,0.283795,50.767537,On or near Connaught Road,E01020935,Eastbourne 011A,Other theft,Investigation complete; no suspect identified,
0338250529d8df70cf600b15d837a0d3ba1a9842a41974fb71a59dad450c55bb,2017-03,Sussex Police,Sussex Police,0.282227,50.765319,On or near Spencer Road,E01020935,Eastbourne 011A,Other theft,Investigation complete; no suspect identified,
734c62dc8f375c8c3f9df6b1c36184f96529599aba48e2030ec77f14b25bb987,2017-03,Sussex Police,Sussex Police,0.282853,50.767699,On or near Hyde Gardens,E01020935,Eastbourne 011A,Other theft,Investigation complete; no suspect identified,
d8bbe447cbd8d2a85f95aa6679440e6eca68cb9b58e249aaea61e444fd42229b,2017-03,Sussex Police,Sussex Police,0.284729,50.767482,On or near Supermarket,E01020935,Eastbourne 011A,Other theft,Investigation complete; no suspect identified,
87ec5299de093645af4e3a9cf37f4f6ed38ac5073104fd83ad69531b5070d085,2017-03,Sussex Police,Sussex Police,0.280696,50.769126,On or near Terminus Road,E01020935,Eastbourne 011A,Other theft,Unable to prosecute suspect,
da67d768985b7d19ec9f809fcb50fe73ed34a130ee1d8ec0cfdaafdc4ef669af,2017-03,Sussex Police,Sussex Police,0.280696,50.769126,On or near Terminus Road,E01020935,Eastbourne 011A,Public order,Offender given penalty notice,
e98957cf46121eb89fdb6df9a717b9cdca6f2b802dbac45f6ff258eb42f9466e,2017-03,Sussex Police,Sussex Police,0.279527,50.766973,On or near York Road,E01020935,Eastbourne 011A,Public order,Unable to prosecute suspect,
31b8faeb711d81be1291e0d678d4c543d49be0c93bf4b18ab4a8c0544943d3cc,2017-03,Sussex Police,Sussex Police,0.282227,50.765319,On or near Spencer Road,E01020935,Eastbourne 011A,Public order,Unable to prosecute suspect,
3f1264ae2027cdb22532aef436e3c6d31eedd3aa2b13ef6a6085bd2f56af60a4,2017-03,Sussex Police,Sussex Police,0.282227,50.765319,On or near Spencer Road,E01020935,Eastbourne 011A,Public order,Unable to prosecute suspect,
b9b7c47bde9925a5539dda254df17c217c83084fb4ae181800a8e05d87cd6e5f,2017-03,Sussex Police,Sussex Police,0.288932,50.767301,On or near Supermarket,E01020935,Eastbourne 011A,Robbery,Unable to prosecute suspect,
3f10ad06b64f32d087decc1de47d7b5577897990a8d2a8f3253d0fba66dd0cb9,2017-03,Sussex Police,Sussex Police,0.284729,50.767482,On or near Supermarket,E01020935,Eastbourne 011A,Shoplifting,Investigation complete; no suspect identified,
6ebe349e6b3db2f95fad20ef87a26317d42072dda427b1fc2d6424543b4008c8,2017-03,Sussex Police,Sussex Police,0.286578,50.768184,On or near Nightclub,E01020935,Eastbourne 011A,Shoplifting,Unable to prosecute suspect,
5d7b78f86d9ea1b4523e3e627db8b09eb613bc42775aaa79af467be93abc8d2c,2017-03,Sussex Police,Sussex Police,0.282296,50.768501,On or near Station Street,E01020935,Eastbourne 011A,Theft from the person,Investigation complete; no suspect identified,
858b6893d1b1dfa1d8ef19062e494674d08efed032375f88a1c1fe2732483105,2017-03,Sussex Police,Sussex Police,0.280696,50.769126,On or near Terminus Road,E01020935,Eastbourne 011A,Theft from the person,Investigation complete; no suspect identified,
c4e5368b5ce5b4cf55ab06a2f4505f151dca2ea79f63688e0cafa13d683cdea3,2017-03,Sussex Police,Sussex Police,0.281140,50.766590,On or near Parking Area,E01020935,Eastbourne 011A,Violence and sexual offences,Investigation complete; no suspect identified,
d499ceb9c3f79d6b3eecbcee505390ed82700780f1b9ae3350474741cb8065b0,2017-03,Sussex Police,Sussex Police,0.282296,50.768501,On or near Station Street,E01020935,Eastbourne 011A,Violence and sexual offences,Unable to prosecute suspect,
b02b97b557addfb49bbc8edf38ca41963994a78fdf86656718c5fa27fd408199,2017-03,Sussex Police,Sussex Police,0.288669,50.767432,On or near Seaside Road,E01020935,Eastbourne 011A,Violence and sexual offences,Court result unavailable,
92ea241d58c671b2c460b398e1160b07a32794ec4f9636631b055bf4ccb28754,2017-03,Sussex Police,Sussex Police,0.282853,50.767699,On or near Hyde Gardens,E01020935,Eastbourne 011A,Violence and sexual offences,Unable to prosecute suspect,
d9bfb78a4aa03d9605e80622dabbda12cf753e37b7f19f586f75959f8229323e,2017-03,Sussex Police,Sussex Police,0.286578,50.768184,On or near Nightclub,E01020935,Eastbourne 011A,Violence and sexual offences,Investigation complete; no suspect identified,
52af69111581e552a737f0e45bdaa06380036f1298593f0dee6930b534df0abf,2017-03,Sussex Police,Sussex Police,0.279527,50.766973,On or near York Road,E01020935,Eastbourne 011A,Violence and sexual offences,Unable to prosecute suspect,
72e8521581ff31ca3fe965ab11f10d5120bb78310d08842ec8abb50914dedb83,2017-03,Sussex Police,Sussex Police,0.281140,50.766590,On or near Parking Area,E01020935,Eastbourne 011A,Violence and sexual offences,Unable to prosecute suspect,
b1d02c50310487f0576b4bbba60a8fe52dc9d7e40a49490eb18c900ebd3f3d01,2017-03,Sussex Police,Sussex Police,0.281892,50.768347,On or near Stables Lane,E01020935,Eastbourne 011A,Violence and sexual offences,Further investigation is not in the public interest,
f57cda3a3882a6f96d63c84e3882d1308b86e93e586e134c3fa6c8be9ea663b6,2017-03,Sussex Police,Sussex Police,0.280696,50.769126,On or near Terminus Road,E01020935,Eastbourne 011A,Violence and sexual offences,Unable to prosecute suspect,
724bbf37272b47803ea1a983e92f49dfd7113e2deb46e063ec174d66d52fe632,2017-03,Sussex Police,Sussex Police,0.280696,50.769126,On or near Terminus Road,E01020935,Eastbourne 011A,Violence and sexual offences,Offender given community sentence,
9b580cb0ed7aa74eae5f1200ba5ac21d6b1697ea76e509ccea967fffb7461a02,2017-03,Sussex Police,Sussex Police,0.280696,50.769126,On or near Terminus Road,E01020935,Eastbourne 011A,Violence and sexual offences,Investigation complete; no suspect identified,
,2017-03,Sussex Police,Sussex Police,0.289821,50.766339,On or near Parking Area,E01020936,Eastbourne 011B,Anti-social behaviour,,
,2017-03,Sussex Police,Sussex Police,0.287992,50.763722,On or near Grand Parade,E01020936,Eastbourne 011B,Anti-social behaviour,,
,2017-03,Sussex Police,Sussex Police,0.288973,50.766392,On or near Trinity Place,E01020936,Eastbourne 011B,Anti-social behaviour,,
,2017-03,Sussex Police,Sussex Police,0.287992,50.763722,On or near Grand Parade,E01020936,Eastbourne 011B,Anti-social behaviour,,
,2017-03,Sussex Police,Sussex Police,0.286762,50.764681,On or near Burlington Place,E01020936,Eastbourne 011B,Anti-social behaviour,,
,2017-03,Sussex Police,Sussex Police,0.286894,50.763617,On or near Howard Square,E01020936,Eastbourne 011B,Anti-social behaviour,,
,2017-03,Sussex Police,Sussex Police,0.286871,50.766919,On or near Trinity Trees,E01020936,Eastbourne 011B,Anti-social behaviour,,
2ba5c0fc3a2d5e87a6651a7e6c5894eba1cd0abdd80a14a551bc9ec891df917d,2017-03,Sussex Police,Sussex Police,0.286318,50.763134,On or near Lascelles Terrace,E01020936,Eastbourne 011B,Criminal damage and arson,Court result unavailable,
af3a61f92c51cabe96a4399db461733a0e186d6191e877124b4537329467c462,2017-03,Sussex Police,Sussex Police,0.280041,50.762663,On or near Old Wish Road,E01020936,Eastbourne 011B,Criminal damage and arson,Investigation complete; no suspect identified,
ff2ec2f67e261628cde6b1c9b128a58d6e2b9388d87d8a7d93fd476796553a27,2017-03,Sussex Police,Sussex Police,0.286762,50.764681,On or near Burlington Place,E01020936,Eastbourne 011B,Other theft,Investigation complete; no suspect identified,
51875f85c97e06f630af6401a5bf6e3724eb4d2cfca2e685bd958f81290ad48d,2017-03,Sussex Police,Sussex Police,0.283396,50.762823,On or near Theatre/Concert Hall,E01020936,Eastbourne 011B,Other theft,Unable to prosecute suspect,
ec27b6ac7955c186f1b3f67fea388647dca371ae07788e2901c78a47598591c9,2017-03,Sussex Police,Sussex Police,0.288973,50.766392,On or near Trinity Place,E01020936,Eastbourne 011B,Vehicle crime,Investigation complete; no suspect identified,
2145e19e65414ddbfb43cc2ca695789247981887b143a05499b3774de36e6361,2017-03,Sussex Police,Sussex Police,0.287144,50.765528,On or near B2106,E01020936,Eastbourne 011B,Vehicle crime,Investigation complete; no suspect identified,
e2bc2420b7f5ceb717a3bc70990a247990b283adf8037aebb48490b516ea52ac,2017-03,Sussex Police,Sussex Police,0.286318,50.763134,On or near Lascelles Terrace,E01020936,Eastbourne 011B,Violence and sexual offences,Unable to prosecute suspect,
db1ce5643cc6e0d7b7caf8817c9efd86bd2dea45dc29d0a3d6577b7322d97e4e,2017-03,Sussex Police,Sussex Police,0.285457,50.763214,On or near Compton Street,E01020936,Eastbourne 011B,Violence and sexual offences,Unable to prosecute suspect,
,2017-03,Sussex Police,Sussex Police,0.283535,50.762190,On or near Wilmington Gardens,E01020937,Eastbourne 011C,Anti-social behaviour,,
,2017-03,Sussex Police,Sussex Police,0.281712,50.761165,On or near Jevington Gardens,E01020937,Eastbourne 011C,Anti-social behaviour,,
,2017-03,Sussex Police,Sussex Police,0.281712,50.761165,On or near Jevington Gardens,E01020937,Eastbourne 011C,Anti-social behaviour,,
,2017-03,Sussex Police,Sussex Police,0.280960,50.759399,On or near South Cliff Avenue,E01020937,Eastbourne 011C,Anti-social behaviour,,
cc761796c7d0e3c617f28be83d39160c390983a69e61b742c5714a802e726005,2017-03,Sussex Police,Sussex Police,0.284602,50.761684,On or near Wilmington Square,E01020937,Eastbourne 011C,Criminal damage and arson,Investigation complete; no suspect identified,
4fa99dfeeacdeb0cdfc8150e64a7b07aec4f3b793dd58671e34bf1d1e6244fd4,2017-03,Sussex Police,Sussex Police,0.276982,50.762741,On or near Grassington Road,E01020937,Eastbourne 011C,Other theft,Investigation complete; no suspect identified,
89a1103d0f16956773e01c22c8c76ac57fdcace9af3619618046b0fa00412e3d,2017-03,Sussex Police,Sussex Police,0.280960,50.759399,On or near South Cliff Avenue,E01020937,Eastbourne 011C,Violence and sexual offences,Unable to prosecute suspect,
d8793f54907e5f03d3f938c063c28ae38c6b38107da65d7ee458adcc846e61e5,2017-03,Sussex Police,Sussex Police,0.281712,50.761165,On or near Jevington Gardens,E01020937,Eastbourne 011C,Violence and sexual offences,Unable to prosecute suspect,
21c198f36e734c22a58166f1d6ec09d40c85faeee6dae3f21745c746b85224b1,2017-03,Sussex Police,Sussex Police,0.281712,50.761165,On or near Jevington Gardens,E01020937,Eastbourne 011C,Violence and sexual offences,Status update unavailable,
a30eb0cdb2d63a244d6bd35d8a70c43ef36f68888d6864104e60c176d5e3e2f4,2017-03,Sussex Police,Sussex Police,0.281712,50.761165,On or near Jevington Gardens,E01020937,Eastbourne 011C,Violence and sexual offences,Unable to prosecute suspect,
073aec57b6f63b93afeb0236d57bdb5b0fe0a0f06c9a34a6549ccb4ec06217ee,2017-03,Sussex Police,Sussex Police,0.281712,50.761165,On or near Jevington Gardens,E01020937,Eastbourne 011C,Violence and sexual offences,Unable to prosecute suspect,
0cdedefde752f40597179469c79ce4fbb31cea357c63f0bf6098199bb48c33b7,2017-03,Sussex Police,Sussex Police,0.277768,50.759947,On or near Silverdale Road,E01020937,Eastbourne 011C,Violence and sexual offences,Unable to prosecute suspect,
96ba04ac79115f274d5e23248d595522c5654a9bc8c7efedc50cb554caf20209,2017-03,Sussex Police,Sussex Police,0.281712,50.761165,On or near Jevington Gardens,E01020937,Eastbourne 011C,Violence and sexual offences,Investigation complete; no suspect identified,
ec03b06255d3811ce33dd14067157e552da7672a46fe55ebac6feb018f04afe6,2017-03,Sussex Police,Sussex Police,0.281712,50.761165,On or near Jevington Gardens,E01020937,Eastbourne 011C,Violence and sexual offences,Unable to prosecute suspect,
79f1a49e8225684ff6aee37871c55222d15d8f9f9397cef98af55496019dc6a2,2017-03,Sussex Police,Sussex Police,0.283535,50.762190,On or near Wilmington Gardens,E01020937,Eastbourne 011C,Violence and sexual offences,Unable to prosecute suspect,
d9a3047faed8a7c311cb2440f70cd01eeba15e06027cb76fb127657852a99325,2017-03,Sussex Police,Sussex Police,0.284602,50.761684,On or near Wilmington Square,E01020937,Eastbourne 011C,Other crime,Unable to prosecute suspect,
,2017-03,Sussex Police,Sussex Police,0.283954,50.771959,On or near Commercial Road,E01020968,Eastbourne 011D,Anti-social behaviour,,
,2017-03,Sussex Police,Sussex Police,0.283954,50.771959,On or near Commercial Road,E01020968,Eastbourne 011D,Anti-social behaviour,,
,2017-03,Sussex Police,Sussex Police,0.283954,50.771959,On or near Commercial Road,E01020968,Eastbourne 011D,Anti-social behaviour,,
,2017-03,Sussex Police,Sussex Police,0.279085,50.767782,On or near Grove Road,E01020968,Eastbourne 011D,Anti-social behaviour,,
,2017-03,Sussex Police,Sussex Police,0.277412,50.771313,On or near Upperton Lane,E01020968,Eastbourne 011D,Anti-social behaviour,,
,2017-03,Sussex Police,Sussex Police,0.283954,50.771959,On or near Commercial Road,E01020968,Eastbourne 011D,Anti-social behaviour,,
,2017-03,Sussex Police,Sussex Police,0.280615,50.769209,On or near Terminus Road,E01020968,Eastbourne 011D,Anti-social behaviour,,
,2017-03,Sussex Police,Sussex Police,0.280667,50.769999,On or near Shopping Area,E01020968,Eastbourne 011D,Anti-social behaviour,,
,2017-03,Sussex Police,Sussex Police,0.280615,50.769209,On or near Terminus Road,E01020968,Eastbourne 011D,Anti-social behaviour,,
,2017-03,Sussex Police,Sussex Police,0.280615,50.769209,On or near Terminus Road,E01020968,Eastbourne 011D,Anti-social behaviour,,
,2017-03,Sussex Police,Sussex Police,0.279709,50.769253,On or near A259,E01020968,Eastbourne 011D,Anti-social behaviour,,
,2017-03,Sussex Police,Sussex Police,0.279085,50.767782,On or near Grove Road,E01020968,Eastbourne 011D,Anti-social behaviour,,
,2017-03,Sussex Police,Sussex Police,0.279085,50.767782,On or near Grove Road,E01020968,Eastbourne 011D,Anti-social behaviour,,
,2017-03,Sussex Police,Sussex Police,0.279085,50.767782,On or near Grove Road,E01020968,Eastbourne 011D,Anti-social behaviour,,
,2017-03,Sussex Police,Sussex Police,0.275533,50.768247,On or near Saffrons Road,E01020968,Eastbourne 011D,Anti-social behaviour,,
,2017-03,Sussex Police,Sussex Police,0.280615,50.769209,On or near Terminus Road,E01020968,Eastbourne 011D,Anti-social behaviour,,
,2017-03,Sussex Police,Sussex Police,0.282388,50.771557,On or near St Leonard'S Road,E01020968,Eastbourne 011D,Anti-social behaviour,,
,2017-03,Sussex Police,Sussex Police,0.279308,50.767993,On or near Grove Road,E01020968,Eastbourne 011D,Anti-social behaviour,,
7c2aeebe4cc9d82cc0584eebe8dc30890bd148a5e0c912290f82b177d6239856,2017-03,Sussex Police,Sussex Police,0.279308,50.767993,On or near Grove Road,E01020968,Eastbourne 011D,Criminal damage and arson,Awaiting court outcome,
36d9818b99d01d66b3acd60fc9eed313317e8f4b6c92495eb57a3710cd893619,2017-03,Sussex Police,Sussex Police,0.279085,50.767782,On or near Grove Road,E01020968,Eastbourne 011D,Criminal damage and arson,Investigation complete; no suspect identified,
30049d064f49d456a368ecc609f9bbdebc70a87d2814aebd1b08553d20c0da16,2017-03,Sussex Police,Sussex Police,0.283954,50.771959,On or near Commercial Road,E01020968,Eastbourne 011D,Criminal damage and arson,Unable to prosecute suspect,
8570e53bc30f133ad1d901f01de30f72420ca6802dd23e48d1c898172d673612,2017-03,Sussex Police,Sussex Police,0.278238,50.766998,On or near Police Station,E01020968,Eastbourne 011D,Criminal damage and arson,Investigation complete; no suspect identified,
a146fa64b9192313aa0d5dd61e986b56f2616791c7685ede7d27138a03aecf60,2017-03,Sussex Police,Sussex Police,0.275533,50.768247,On or near Saffrons Road,E01020968,Eastbourne 011D,Drugs,Formal action is not in the public interest,
cc501443e70be90531d570ae63c7f2a0cdd056e603e41bd9b75fdbd8edce3daf,2017-03,Sussex Police,Sussex Police,0.279085,50.767782,On or near Grove Road,E01020968,Eastbourne 011D,Other theft,Investigation complete; no suspect identified,
2775e16b9bce8a529b573f8195a12e1467a25d7e96b79e6dc2f0a63e591ddce1,2017-03,Sussex Police,Sussex Police,0.280615,50.769209,On or near Terminus Road,E01020968,Eastbourne 011D,Other theft,Investigation complete; no suspect identified,
0775f269fc073e05785a2738945148816004832761590e314c09611b7c50fe12,2017-03,Sussex Police,Sussex Police,0.279085,50.767782,On or near Grove Road,E01020968,Eastbourne 011D,Other theft,Investigation complete; no suspect identified,
aed571e52de0f236b7b7c9c8f78d16ac20ca7f0b8160cd664f7ba101253653a1,2017-03,Sussex Police,Sussex Police,0.283954,50.771959,On or near Commercial Road,E01020968,Eastbourne 011D,Public order,Status update unavailable,
abf25fc48db7ea08a4121494f242e05d8cf07cef24ef3af3713c510e6bdf0474,2017-03,Sussex Police,Sussex Police,0.277517,50.770555,On or near Upperton Road,E01020968,Eastbourne 011D,Public order,Further investigation is not in the public interest,
7af8dd13528c4727367eb0d851b02916254d56fe8eca2569b39c0b2148610666,2017-03,Sussex Police,Sussex Police,0.279308,50.767993,On or near Grove Road,E01020968,Eastbourne 011D,Theft from the person,Investigation complete; no suspect identified,
7caedda6312295bf97a0892a8e38c03aa92e3c3749d80794b3ec2b3b22b4137c,2017-03,Sussex Police,Sussex Police,0.276268,50.769069,On or near Arlington Road,E01020968,Eastbourne 011D,Violence and sexual offences,Offender given a caution,
e1eec9bb4da105e0ff683707d2bce7b08c1b0d4074fd3cc16ed7131c41c22a45,2017-03,Sussex Police,Sussex Police,0.282388,50.771557,On or near St Leonard'S Road,E01020968,Eastbourne 011D,Violence and sexual offences,Further investigation is not in the public interest,
2c5ae5dd531632d3d2e9afa475e314ece82bf3104f7dfd1c4917094c772bfca8,2017-03,Sussex Police,Sussex Police,0.278238,50.766998,On or near Police Station,E01020968,Eastbourne 011D,Violence and sexual offences,Investigation complete; no suspect identified,
19fa246a25d516513ce5b3e076511a64b838987506cda6cd01f167ae7921f033,2017-03,Sussex Police,Sussex Police,0.279308,50.767993,On or near Grove Road,E01020968,Eastbourne 011D,Violence and sexual offences,Unable to prosecute suspect,
93f5f2d04d5e4cf7b9f499ea61fe64cd2c6bd18dc7953a9595a801c6bdc08b6c,2017-03,Sussex Police,Sussex Police,0.276268,50.769069,On or near Arlington Road,E01020968,Eastbourne 011D,Violence and sexual offences,Offender given a caution,
e3f83b3874f0a0223ed54e4314812bd872765b2b8a5e1e0d90fe371c5655a9cb,2017-03,Sussex Police,Sussex Police,0.282388,50.771557,On or near St Leonard'S Road,E01020968,Eastbourne 011D,Violence and sexual offences,Investigation complete; no suspect identified,
9d0d4eb881edfabc47b348ac56821ac49fc703d112805de2dea136e43b9ff99b,2017-03,Sussex Police,Sussex Police,0.275092,50.758569,On or near Jephson Close,E01020931,Eastbourne 012A,Criminal damage and arson,Investigation complete; no suspect identified,
92778b0bea70dcbf9470049b64e68a03c28415b26c04f0e9b73a660c4fe160f5,2017-03,Sussex Police,Sussex Police,0.268042,50.760568,On or near Gaudick Road,E01020931,Eastbourne 012A,Other theft,Investigation complete; no suspect identified,
53cd0ed6eafd590fa2ac68ccc7f9040d690b07d68f96b7f27145829fcbf78b9a,2017-03,Sussex Police,Sussex Police,0.274887,50.758429,On or near St John'S Road,E01020931,Eastbourne 012A,Other theft,Investigation complete; no suspect identified,
1e3e86ffafb74b6fb412ba1e457fc419d4184a96ab44181ee4b21422a407693d,2017-03,Sussex Police,Sussex Police,0.270324,50.761126,On or near Ascham Place,E01020931,Eastbourne 012A,Other theft,Investigation complete; no suspect identified,
83ffdbbec0517dd4477f2fd47cf573c81508406ccfa92dcd0b8d833d2728fec5,2017-03,Sussex Police,Sussex Police,0.270324,50.761126,On or near Ascham Place,E01020931,Eastbourne 012A,Violence and sexual offences,Unable to prosecute suspect,
,2017-03,Sussex Police,Sussex Police,0.277626,50.757899,On or near Mount Road,E01020932,Eastbourne 012B,Anti-social behaviour,,
,2017-03,Sussex Police,Sussex Police,0.274977,50.759704,On or near Fitzgerald Close,E01020932,Eastbourne 012B,Anti-social behaviour,,
d79eb2d47b5d403021fa4a567a855affbf2fd93e32a7ad51707d001a2f3792a0,2017-03,Sussex Police,Sussex Police,0.272680,50.767322,On or near Compton Place Road,E01020932,Eastbourne 012B,Vehicle crime,Investigation complete; no suspect identified,
,2017-03,Sussex Police,Sussex Police,0.265569,50.758107,On or near The Dentons,E01020933,Eastbourne 012C,Anti-social behaviour,,
,2017-03,Sussex Police,Sussex Police,0.262952,50.746474,On or near Sports/Recreation Area,E01020933,Eastbourne 012C,Anti-social behaviour,,
,2017-03,Sussex Police,Sussex Police,0.262952,50.746474,On or near Sports/Recreation Area,E01020933,Eastbourne 012C,Anti-social behaviour,,
a5cce5ac079cc8f668f2306db66656b72a9c056ad35b25452208e4f9cb0ac257,2017-03,Sussex Police,Sussex Police,0.262952,50.746474,On or near Sports/Recreation Area,E01020933,Eastbourne 012C,Other theft,Unable to prosecute suspect,
,2017-03,Sussex Police,Sussex Police,0.271208,50.755964,On or near Chesterfield Road,E01020934,Eastbourne 012D,Anti-social behaviour,,
,2017-03,Sussex Police,Sussex Police,0.278852,50.757461,On or near King Edward'S Parade,E01020934,Eastbourne 012D,Anti-social behaviour,,
c61ad48e35899ef61232bcc397849f35a45746f3c65cc36b177a73681480d9bd,2017-03,Sussex Police,Sussex Police,0.278852,50.757461,On or near King Edward'S Parade,E01020934,Eastbourne 012D,Drugs,Offender given a caution,
d754ac63b64f5f1c35917e3eed4c21ef638611b01b0e0680e3306fc28a7d3ac9,2017-03,Sussex Police,Sussex Police,0.271208,50.755964,On or near Chesterfield Road,E01020934,Eastbourne 012D,Other theft,Investigation complete; no suspect identified,
533467f926697d6545b6c14f59e670aaa702a0b960c9c73415cf48efb2e9fdd3,2017-03,Sussex Police,Sussex Police,0.267857,50.755265,On or near Meads Street,E01020934,Eastbourne 012D,Public order,Investigation complete; no suspect identified,
e710d0700750305537bcc20764b2644ef395b8f1deefc78cf947ec1e3e4ea659,2017-03,Sussex Police,Sussex Police,0.267851,50.756317,On or near Supermarket,E01020934,Eastbourne 012D,Public order,Investigation complete; no suspect identified,
7a9788ad3dfb992936d2785684c03c07e3554d9f087484852efae0b9b137be0c,2017-03,Sussex Police,Sussex Police,0.267875,50.754761,On or near Darley Road,E01020934,Eastbourne 012D,Public order,Unable to prosecute suspect,
b43742f7527110d9857c09b7bd531fc018c5dc9a38c913f8d9922347f1cf1645,2017-03,Sussex Police,Sussex Police,0.267851,50.756317,On or near Supermarket,E01020934,Eastbourne 012D,Shoplifting,Investigation complete; no suspect identified,
745a17b10cbe9b5df8eb8f124bc04bffc67d3f75f188f21572cc390f9806300c,2017-03,Sussex Police,Sussex Police,0.267851,50.756317,On or near Supermarket,E01020934,Eastbourne 012D,Shoplifting,Investigation complete; no suspect identified,
3aaee495cf849796636fa17707d92b1514417f41677949179230f8b8ffe68ecc,2017-03,Sussex Police,Sussex Police,0.267851,50.756317,On or near Supermarket,E01020934,Eastbourne 012D,Shoplifting,Investigation complete; no suspect identified,
be1c4b180845f371d727f8ab8eb53b3ae4698f358edc146756278ede16ad5ba5,2017-03,Sussex Police,Sussex Police,0.267851,50.756317,On or near Supermarket,E01020934,Eastbourne 012D,Shoplifting,Offender sent to prison,
5a96a679f34e5d87ad2fd54ce915c96f2325cd69b8860f2483d6051227ec963c,2017-03,Sussex Police,Sussex Police,0.267851,50.756317,On or near Supermarket,E01020934,Eastbourne 012D,Shoplifting,Investigation complete; no suspect identified,
0ea3dd5c80bde2ae37ee6f748f80bcbf7ab8958d9060860aeefb76450b1e5327,2017-03,Sussex Police,Sussex Police,0.267442,50.752854,On or near Holywell Close,E01020934,Eastbourne 012D,Violence and sexual offences,Unable to prosecute suspect,
6f71fe5bc9cdf1c813212d8dafce0266b2e755acb11ff1acf1d6b271635675d8,2017-03,Sussex Police,Sussex Police,0.262234,50.770673,On or near Vicarage Drive,E01020944,Eastbourne 012E,Criminal damage and arson,Offender given community sentence,
,2017-03,Sussex Police,Sussex Police,0.302984,50.781972,On or near Sandwich Street,E01020913,Eastbourne 013A,Anti-social behaviour,,
,2017-03,Sussex Police,Sussex Police,0.306338,50.783534,On or near Norway Road,E01020913,Eastbourne 013A,Anti-social behaviour,,
,2017-03,Sussex Police,Sussex Police,0.305573,50.783837,On or near Allfrey Road,E01020913,Eastbourne 013A,Anti-social behaviour,,
,2017-03,Sussex Police,Sussex Police,0.305573,50.783837,On or near Allfrey Road,E01020913,Eastbourne 013A,Anti-social behaviour,,
,2017-03,Sussex Police,Sussex Police,0.305573,50.783837,On or near Allfrey Road,E01020913,Eastbourne 013A,Anti-social behaviour,,
,2017-03,Sussex Police,Sussex Police,0.302627,50.781638,On or near Archery Lane,E01020913,Eastbourne 013A,Anti-social behaviour,,
,2017-03,Sussex Police,Sussex Police,0.312757,50.782229,On or near Pedestrian Subway,E01020913,Eastbourne 013A,Anti-social behaviour,,
,2017-03,Sussex Police,Sussex Police,0.311257,50.781737,On or near Sports/Recreation Area,E01020913,Eastbourne 013A,Anti-social behaviour,,
,2017-03,Sussex Police,Sussex Police,0.309705,50.783629,On or near Wakehurst Road,E01020913,Eastbourne 013A,Anti-social behaviour,,
,2017-03,Sussex Police,Sussex Police,0.311051,50.780437,On or near Theme/Adventure Park,E01020913,Eastbourne 013A,Anti-social behaviour,,
,2017-03,Sussex Police,Sussex Police,0.311051,50.780437,On or near Theme/Adventure Park,E01020913,Eastbourne 013A,Anti-social behaviour,,
,2017-03,Sussex Police,Sussex Police,0.305573,50.783837,On or near Allfrey Road,E01020913,Eastbourne 013A,Anti-social behaviour,,
32cf883d312e7e671d260878c0e775d79a93c8052dd8fc5fe36bd78aec1794e7,2017-03,Sussex Police,Sussex Police,0.311257,50.781737,On or near Sports/Recreation Area,E01020913,Eastbourne 013A,Bicycle theft,Investigation complete; no suspect identified,
bf94bd455865b4bd8aa042d02ed3b9051d301e8850ff65821c3f099ecff55407,2017-03,Sussex Police,Sussex Police,0.304501,50.779937,On or near Channel View Road,E01020913,Eastbourne 013A,Bicycle theft,Investigation complete; no suspect identified,
44cc07e96fee2d9f541e3553aabd9cf9c3291519a8b72726a18ab757cac12c67,2017-03,Sussex Police,Sussex Police,0.305573,50.783837,On or near Allfrey Road,E01020913,Eastbourne 013A,Burglary,Investigation complete; no suspect identified,
4040587bb044eeca0343eae9f1ce4b9fd928ad2487191df46c81698487058c1b,2017-03,Sussex Police,Sussex Police,0.309705,50.783629,On or near Wakehurst Road,E01020913,Eastbourne 013A,Criminal damage and arson,Unable to prosecute suspect,
6f62a4fa7326d3f761873ee4d01f99fb8e6b8aa1db52dff3b1df8d5877889e30,2017-03,Sussex Police,Sussex Police,0.307041,50.783979,On or near Myrtle Road,E01020913,Eastbourne 013A,Criminal damage and arson,Investigation complete; no suspect identified,
6dbb6dd38943e3bc5080373d1d1de933acc8665ed0f02a92182186ce3cdc1432,2017-03,Sussex Police,Sussex Police,0.306215,50.778725,On or near Guestling Road,E01020913,Eastbourne 013A,Criminal damage and arson,Investigation complete; no suspect identified,
46bb962adcc1431892341cd62964c5959478e89cdbee46510f7d6a8e06dd885a,2017-03,Sussex Police,Sussex Police,0.306578,50.784959,On or near Fort Road,E01020913,Eastbourne 013A,Criminal damage and arson,Investigation complete; no suspect identified,
3592b459041d7de6c8c2602ac8f254f7ae79a975e31142302ce673c39a7657ce,2017-03,Sussex Police,Sussex Police,0.302627,50.781638,On or near Archery Lane,E01020913,Eastbourne 013A,Drugs,Local resolution,
e51c6ea0735adbb05f74e4b761dce2248a3997336787468a891b402bb1d345bc,2017-03,Sussex Police,Sussex Police,0.312757,50.782229,On or near Pedestrian Subway,E01020913,Eastbourne 013A,Public order,Unable to prosecute suspect,
e30fd063313bea67b254a8bbafee273518d075072cb1824ff1d6c133f0a7e7d5,2017-03,Sussex Police,Sussex Police,0.302627,50.781638,On or near Archery Lane,E01020913,Eastbourne 013A,Public order,Investigation complete; no suspect identified,
c233f4d6eac7469bec974ed24112016598011ba12346f79c5c01e47e79e5fa2d,2017-03,Sussex Police,Sussex Police,0.306578,50.784959,On or near Fort Road,E01020913,Eastbourne 013A,Shoplifting,Investigation complete; no suspect identified,
966f2a4b8af4c139b704b7634dd030b0e37c26cd0472c80972b7816c61f04933,2017-03,Sussex Police,Sussex Police,0.302984,50.781972,On or near Sandwich Street,E01020913,Eastbourne 013A,Vehicle crime,Investigation complete; no suspect identified,
4af00a8a1be70c1b22da95aa0412efb2ed6755daed2970cab18d0af60782603b,2017-03,Sussex Police,Sussex Police,0.302984,50.781972,On or near Sandwich Street,E01020913,Eastbourne 013A,Vehicle crime,Investigation complete; no suspect identified,
db780bce1728eb3acf9489dce0b890d9d0e792632d19b59ae71668b950331be4,2017-03,Sussex Police,Sussex Police,0.302984,50.781972,On or near Sandwich Street,E01020913,Eastbourne 013A,Vehicle crime,Investigation complete; no suspect identified,
b31cb5ffca07b4cb2a4e7f7147c8655a64301fcd710e6794ee079d6628da0b1c,2017-03,Sussex Police,Sussex Police,0.306215,50.778725,On or near Guestling Road,E01020913,Eastbourne 013A,Violence and sexual offences,Investigation complete; no suspect identified,
4efe912715fe98264f43acb99b782ad52e8d6b03320c2780307781967d06901b,2017-03,Sussex Police,Sussex Police,0.306578,50.784959,On or near Fort Road,E01020913,Eastbourne 013A,Violence and sexual offences,Unable to prosecute suspect,
851f50542d9dfaf5a0775769f2a17b07874b21c18c3f62ea2ad9bad0921736bc,2017-03,Sussex Police,Sussex Police,0.310294,50.783483,On or near Parking Area,E01020913,Eastbourne 013A,Violence and sexual offences,Status update unavailable,
80d2bc41c3c6eb9c41e2e5a8f8d1e32139aca41bccfc9e9fac05039e41f77d5a,2017-03,Sussex Police,Sussex Police,0.304501,50.779937,On or near Channel View Road,E01020913,Eastbourne 013A,Violence and sexual offences,Unable to prosecute suspect,
bde9ed3f3f15e67717881c00880c1df94645aed77ca1ca4f7b1d8111db625541,2017-03,Sussex Police,Sussex Police,0.305230,50.782638,On or near Winchelsea Road,E01020913,Eastbourne 013A,Violence and sexual offences,Unable to prosecute suspect,
552afc1aef22137d5950b0aa27a89254937670fe3899a13f2026b1b180b4a709,2017-03,Sussex Police,Sussex Police,0.306215,50.778725,On or near Guestling Road,E01020913,Eastbourne 013A,Violence and sexual offences,Unable to prosecute suspect,
9ea562be79be9f81dc1cbdcfb5b8dd1b8628fd27be11b60f2be696487ecd10dc,2017-03,Sussex Police,Sussex Police,0.311257,50.781737,On or near Sports/Recreation Area,E01020913,Eastbourne 013A,Violence and sexual offences,Unable to prosecute suspect,
,2017-03,Sussex Police,Sussex Police,0.303395,50.786011,On or near Supermarket,E01020951,Eastbourne 013B,Anti-social behaviour,,
,2017-03,Sussex Police,Sussex Police,0.291389,50.796096,On or near A22,E01020951,Eastbourne 013B,Anti-social behaviour,,
,2017-03,Sussex Police,Sussex Police,0.309127,50.790908,On or near The Circus,E01020951,Eastbourne 013B,Anti-social behaviour,,
,2017-03,Sussex Police,Sussex Police,0.303395,50.786011,On or near Supermarket,E01020951,Eastbourne 013B,Anti-social behaviour,,
,2017-03,Sussex Police,Sussex Police,0.308693,50.790449,On or near Rotunda Road,E01020951,Eastbourne 013B,Anti-social behaviour,,
,2017-03,Sussex Police,Sussex Police,0.308693,50.790449,On or near Rotunda Road,E01020951,Eastbourne 013B,Anti-social behaviour,,
,2017-03,Sussex Police,Sussex Police,0.309127,50.790908,On or near The Circus,E01020951,Eastbourne 013B,Anti-social behaviour,,
,2017-03,Sussex Police,Sussex Police,0.303395,50.786011,On or near Supermarket,E01020951,Eastbourne 013B,Anti-social behaviour,,
,2017-03,Sussex Police,Sussex Police,0.303395,50.786011,On or near Supermarket,E01020951,Eastbourne 013B,Anti-social behaviour,,
,2017-03,Sussex Police,Sussex Police,0.308693,50.790449,On or near Rotunda Road,E01020951,Eastbourne 013B,Anti-social behaviour,,
,2017-03,Sussex Police,Sussex Police,0.308693,50.790449,On or near Rotunda Road,E01020951,Eastbourne 013B,Anti-social behaviour,,
,2017-03,Sussex Police,Sussex Police,0.310232,50.790571,On or near Seaville Drive,E01020951,Eastbourne 013B,Anti-social behaviour,,
,2017-03,Sussex Police,Sussex Police,0.302310,50.784432,On or near Finmere Road,E01020951,Eastbourne 013B,Anti-social behaviour,,
521855a740e79ca7bbe2ea8f7a28441e27ed60fd0b99e2513b7d34ec2fe43a0b,2017-03,Sussex Police,Sussex Police,0.309127,50.790908,On or near The Circus,E01020951,Eastbourne 013B,Criminal damage and arson,Investigation complete; no suspect identified,
eefc2030a0f71ed4875fcfe82de9cc3899a91da310c97499eb72b1b75d9187de,2017-03,Sussex Police,Sussex Police,0.297680,50.790109,On or near Lottbridge Drove,E01020951,Eastbourne 013B,Criminal damage and arson,Court result unavailable,
93bc705680e9e66607e3eca472ecfcdade181ecb0c715633602dbc2651a3c5fa,2017-03,Sussex Police,Sussex Police,0.309127,50.790908,On or near The Circus,E01020951,Eastbourne 013B,Drugs,Offender given a drugs possession warning,
35dfded3534b3500672df4cfa8a031fe67759d50a59ca01ebacab61399127657,2017-03,Sussex Police,Sussex Police,0.303395,50.786011,On or near Supermarket,E01020951,Eastbourne 013B,Other theft,Investigation complete; no suspect identified,
726c19e096d78d2cec16879d7d0f782ca3ef39f6f59421f216d1d8ea2a763302,2017-03,Sussex Police,Sussex Police,0.303395,50.786011,On or near Supermarket,E01020951,Eastbourne 013B,Other theft,Investigation complete; no suspect identified,
406e1f4b9944ce8c5a7aa2936e5b087ec5e3139b34835b5e122b6f0e1af9435a,2017-03,Sussex Police,Sussex Police,0.303395,50.786011,On or near Supermarket,E01020951,Eastbourne 013B,Other theft,Investigation complete; no suspect identified,
0e2253434f4c1811de4f5c6d47fc018d42a6675212dd4669266ba0d8e830b0b2,2017-03,Sussex Police,Sussex Police,0.303395,50.786011,On or near Supermarket,E01020951,Eastbourne 013B,Other theft,Status update unavailable,
4a85e8c91e1ce24d5592deb23fb03ef8513dae6bba9ec706cb8b67cf442b991e,2017-03,Sussex Police,Sussex Police,0.303395,50.786011,On or near Supermarket,E01020951,Eastbourne 013B,Public order,Investigation complete; no suspect identified,
7ba3d6a31ce39296b8b0a9951121c1b70340fad0809d1e38ed7a6ac21f1116cc,2017-03,Sussex Police,Sussex Police,0.303395,50.786011,On or near Supermarket,E01020951,Eastbourne 013B,Public order,Status update unavailable,
5705193a30264f86a27660a99115a608b148dbfcf92de9707fe19ca9bf3503b4,2017-03,Sussex Police,Sussex Police,0.306042,50.787893,On or near Maple Road,E01020951,Eastbourne 013B,Shoplifting,Offender given a caution,
4c4cd1e32b9350409fe3ef02b7e25cd8a34fdf48f8f18971000c9e0d22832de7,2017-03,Sussex Police,Sussex Police,0.303395,50.786011,On or near Supermarket,E01020951,Eastbourne 013B,Shoplifting,Offender sent to prison,
47708dbe3f3a58190885f2a33f9a600491aef6f2a95d9e23bb48babe4539879e,2017-03,Sussex Police,Sussex Police,0.303395,50.786011,On or near Supermarket,E01020951,Eastbourne 013B,Shoplifting,Status update unavailable,
682635a0489c7d4af0a20dfc739fbf807c3bc8c35438715f54deaff6ca3bea24,2017-03,Sussex Police,Sussex Police,0.303395,50.786011,On or near Supermarket,E01020951,Eastbourne 013B,Shoplifting,Offender sent to prison,
d4729957c62be6efa8a4bbbaf460b79ea3c6f9c4259532f3b5fbcc6ead800a1e,2017-03,Sussex Police,Sussex Police,0.303395,50.786011,On or near Supermarket,E01020951,Eastbourne 013B,Shoplifting,Local resolution,
f4f0881967d322d1ab9bb2f57ef59a7505d858b67fa285693befea111d74341a,2017-03,Sussex Police,Sussex Police,0.309090,50.788705,On or near Winston Crescent,E01020951,Eastbourne 013B,Theft from the person,Investigation complete; no suspect identified,
e52c7b198d603d47fc9e18db2206654ee41f42ab0a86211455e38047c64a3c99,2017-03,Sussex Police,Sussex Police,0.303395,50.786011,On or near Supermarket,E01020951,Eastbourne 013B,Violence and sexual offences,Unable to prosecute suspect,
a53b479e2a4ecfecf3dc434fd8ab5398ad5a6d30f4177e2a24bee18a5e41fd41,2017-03,Sussex Police,Sussex Police,0.303395,50.786011,On or near Supermarket,E01020951,Eastbourne 013B,Violence and sexual offences,Investigation complete; no suspect identified,
41f9d8f93969243f1c4b2f779e23e7b8e905027e9b2aa4ca5d570f9eadb336f3,2017-03,Sussex Police,Sussex Police,0.312146,50.791127,On or near St Anthony'S Avenue,E01020951,Eastbourne 013B,Violence and sexual offences,Unable to prosecute suspect,
7d67c31c3be53b833858dbf4b9c544b202ee88fef9cbc4a6e5b801a042f70447,2017-03,Sussex Police,Sussex Police,0.312146,50.791127,On or near St Anthony'S Avenue,E01020951,Eastbourne 013B,Violence and sexual offences,Further investigation is not in the public interest,
c33ac16a41da7b99cf212f079449d53622f2d8e791d58b5390bf13f25311eb8f,2017-03,Sussex Police,Sussex Police,0.303395,50.786011,On or near Supermarket,E01020951,Eastbourne 013B,Violence and sexual offences,Court result unavailable,
fd9614c85995db184052dff867866b843c644cfd23eb938cb0de28ad07dd27f8,2017-03,Sussex Police,Sussex Police,0.297680,50.790109,On or near Lottbridge Drove,E01020951,Eastbourne 013B,Violence and sexual offences,Offender given conditional discharge,
6a6727c0affd3ce50698119b7a9e704fcd095da083bfdf4937d2d3810dd01be4,2017-03,Sussex Police,Sussex Police,0.297925,50.788458,On or near Hammonds Drive,E01020951,Eastbourne 013B,Violence and sexual offences,Unable to prosecute suspect,
b112f597bfe8db18348c7b736d5b443dc086ebf3ff3a68cc49cdc76d70473364,2017-03,Sussex Police,Sussex Police,0.297680,50.790109,On or near Lottbridge Drove,E01020951,Eastbourne 013B,Violence and sexual offences,Court result unavailable,
0b78e3ff06c426690ca8c02fcafaf9b2f00dcc616634d0068ca86dffd57a9064,2017-03,Sussex Police,Sussex Police,0.297680,50.790109,On or near Lottbridge Drove,E01020951,Eastbourne 013B,Violence and sexual offences,Court result unavailable,
960c660b0569c33fba30320771cbc4955eead2253f42d6a13ba909d851ed1c8a,2017-03,Sussex Police,Sussex Police,0.303770,50.789008,On or near Birch Road,E01020951,Eastbourne 013B,Other crime,Further investigation is not in the public interest,
,2017-03,Sussex Police,Sussex Police,0.312101,50.791074,On or near St Anthony'S Avenue,E01020959,Eastbourne 013C,Anti-social behaviour,,
e1bfdf0beb91a027472b6f87d3c369fa2e371bc17201016036529d48f2865108,2017-03,Sussex Police,Sussex Police,0.316325,50.790414,On or near Fair Isle Close,E01020959,Eastbourne 013C,Burglary,Investigation complete; no suspect identified,
b66876221345bbbd32eae087be378faaebbc5e8fee3d8b09c3860bec3a25da40,2017-03,Sussex Police,Sussex Police,0.314610,50.789018,On or near Harwood Close,E01020959,Eastbourne 013C,Violence and sexual offences,Unable to prosecute suspect,
e23ee9a85221aa2959255151b69d5d0a27f15072b1bc161655ef9ec8671b9d49,2017-03,Sussex Police,Sussex Police,0.310971,50.788299,On or near Queen'S Road,E01020959,Eastbourne 013C,Violence and sexual offences,Status update unavailable,
8d30df802481d9d5282a69a34b574e57f2a84db920078a898f81d475c07262e1,2017-03,Sussex Police,Sussex Police,0.318155,50.786394,On or near Frobisher Close,E01020961,Eastbourne 013D,Criminal damage and arson,Unable to prosecute suspect,
a299106d9fc3c1553fda42e7cf5a6c405c1b1194afaf6f0ec9626948cd3ed11f,2017-03,Sussex Police,Sussex Police,0.319493,50.788768,On or near Wade Close,E01020961,Eastbourne 013D,Criminal damage and arson,Status update unavailable,
e4f0c9d9430fe7851cd969e41fea89ced9b0fc4b701919e9b3015e21f68707ee,2017-03,Sussex Police,Sussex Police,0.317606,50.785604,On or near Beatty Road,E01020961,Eastbourne 013D,Shoplifting,Further investigation is not in the public interest,
f50934c75ac3046ef7a37e47879022fdc417c40773d49a3dc990422bade89a8b,2017-03,Sussex Police,Sussex Police,0.317606,50.785604,On or near Beatty Road,E01020961,Eastbourne 013D,Shoplifting,Further investigation is not in the public interest,
854fa7e2cdc8d868eced3081afe8f614896ef70c30238ec9c28a2c20dd9207b0,2017-03,Sussex Police,Sussex Police,0.317606,50.785604,On or near Beatty Road,E01020961,Eastbourne 013D,Shoplifting,Offender sent to prison,
7dd6d57cfb54be63cec7cf2199e2674a70779d301b576fff6e1e2627b46ecfc9,2017-03,Sussex Police,Sussex Police,0.318253,50.787786,On or near Rodney Close,E01020961,Eastbourne 013D,Violence and sexual offences,Status update unavailable,
81e230a1f8409f10dd078b4669c17008a9600515834dffa0d2df08fe116acf22,2017-03,Sussex Police,Sussex Police,0.310026,50.784378,On or near Lottbridge Drove,E01020961,Eastbourne 013D,Violence and sexual offences,Investigation complete; no suspect identified,
,2017-03,Sussex Police,Sussex Police,0.327300,50.787111,On or near St Kitts Drive,E01020962,Eastbourne 013E,Anti-social behaviour,,
,2017-03,Sussex Police,Sussex Police,0.326619,50.786549,On or near Hudson Close,E01020962,Eastbourne 013E,Anti-social behaviour,,
,2017-03,Sussex Police,Sussex Police,0.321047,50.786345,On or near Fisher Close,E01020962,Eastbourne 013E,Anti-social behaviour,,
c0a64f67b46975ec266fb9f61d3a528e4242e8bbc0dfe8bc169086b689494b0a,2017-03,Sussex Police,Sussex Police,0.326619,50.786549,On or near Hudson Close,E01020962,Eastbourne 013E,Violence and sexual offences,Court case unable to proceed,
ef597782303ffa9e4a6a480975edc8fbdaa8c95619ca12b66b520c726167a867,2017-03,Sussex Police,Sussex Police,0.327300,50.787111,On or near St Kitts Drive,E01020962,Eastbourne 013E,Violence and sexual offences,Unable to prosecute suspect,
3aaee5255a259dce5cd2046a9092bf7f347a81694e7a7e37cedbdcb34abe7c52,2017-03,Sussex Police,Sussex Police,0.327300,50.787111,On or near St Kitts Drive,E01020962,Eastbourne 013E,Other crime,Further investigation is not in the public interest,
,2017-03,Sussex Police,Sussex Police,0.326275,50.789326,On or near Barbuda Quay,E01020960,Eastbourne 014A,Anti-social behaviour,,
,2017-03,Sussex Police,Sussex Police,0.324721,50.788898,On or near Salvador Close,E01020960,Eastbourne 014A,Anti-social behaviour,,
,2017-03,Sussex Police,Sussex Police,0.320963,50.791797,On or near Plymouth Close,E01020960,Eastbourne 014A,Anti-social behaviour,,
68bbdc9906e6ecba23f7e3997f828ef201705008425edaaf4df579f743eb666f,2017-03,Sussex Police,Sussex Police,0.326823,50.790088,On or near Bermuda Place,E01020960,Eastbourne 014A,Other theft,Investigation complete; no suspect identified,
0b1ce1f1869440061398256c10ce2a51f103894d815a131a05f7fdf42c9a2fec,2017-03,Sussex Police,Sussex Police,0.324721,50.788898,On or near Salvador Close,E01020960,Eastbourne 014A,Other theft,Investigation complete; no suspect identified,
7af1207903cd584ce5a75681ce1a3b5c26ee3258bb21053a908262b564572e6b,2017-03,Sussex Police,Sussex Police,0.326823,50.790088,On or near Bermuda Place,E01020960,Eastbourne 014A,Violence and sexual offences,Unable to prosecute suspect,
7413966fee0a34c84ec303200820ce81ff634f78c09ed8a98b7cb5c907a633f0,2017-03,Sussex Police,Sussex Police,0.325362,50.788660,On or near Santa Cruz Drive,E01020960,Eastbourne 014A,Violence and sexual offences,Unable to prosecute suspect,
a96a17ae5632ae03afed70a7bc1fbb7ed183c6298167a64c0b7c3da824abeae7,2017-03,Sussex Police,Sussex Police,0.324919,50.792609,On or near Santos Wharf,E01020960,Eastbourne 014A,Violence and sexual offences,Unable to prosecute suspect,
4d60402646f03090b796f66772a49e8578d886010b115764c98bdd8b2ca79c14,2017-03,Sussex Police,Sussex Police,0.321061,50.789762,On or near Quebec Close,E01020960,Eastbourne 014A,Violence and sexual offences,Unable to prosecute suspect,
,2017-03,Sussex Police,Sussex Police,0.330901,50.795053,On or near Silver Strand West,E01032831,Eastbourne 014B,Anti-social behaviour,,
,2017-03,Sussex Police,Sussex Police,0.330901,50.795053,On or near Silver Strand West,E01032831,Eastbourne 014B,Anti-social behaviour,,
f8e06a48c22dda064f233912489224253a183e109d2b3795bac4076c50aa37bd,2017-03,Sussex Police,Sussex Police,0.328830,50.797639,On or near Campbell Mews,E01032831,Eastbourne 014B,Criminal damage and arson,Investigation complete; no suspect identified,
2ef39f89705ea6457d4f1afa972ab8b52854df7799624c8544b6fd601f7a80ea,2017-03,Sussex Police,Sussex Police,0.333875,50.796918,On or near Long Beach Mews,E01032831,Eastbourne 014B,Criminal damage and arson,Investigation complete; no suspect identified,
91a3ff2a89e793e46b439bb496bc94acc8243ec51364fc936b1772164e6ca80c,2017-03,Sussex Police,Sussex Police,0.332247,50.795295,On or near Belvedere,E01032831,Eastbourne 014B,Public order,Further investigation is not in the public interest,
,2017-03,Sussex Police,Sussex Police,0.319653,50.793712,On or near Canute Close,E01032832,Eastbourne 014C,Anti-social behaviour,,
,2017-03,Sussex Police,Sussex Police,0.331568,50.794769,On or near Kensington,E01032832,Eastbourne 014C,Anti-social behaviour,,
,2017-03,Sussex Police,Sussex Police,0.319909,50.794588,On or near Hereward Road,E01032832,Eastbourne 014C,Anti-social behaviour,,
,2017-03,Sussex Police,Sussex Police,0.319909,50.794588,On or near Hereward Road,E01032832,Eastbourne 014C,Anti-social behaviour,,
,2017-03,Sussex Police,Sussex Police,0.318966,50.794175,On or near Athelstan Close,E01032832,Eastbourne 014C,Anti-social behaviour,,
,2017-03,Sussex Police,Sussex Police,0.318966,50.794175,On or near Athelstan Close,E01032832,Eastbourne 014C,Anti-social behaviour,,
e6a8bff3b9628d203790d245f562ec9938700633f9a1363dad040c6bc54f48da,2017-03,Sussex Police,Sussex Police,0.318251,50.792625,On or near Hengist Close,E01032832,Eastbourne 014C,Drugs,Offender given a caution,
5ecc1beaab997d1f23dacb83c1f4610a5f3093238664cc2d0194a4ba6bf43ea2,2017-03,Sussex Police,Sussex Police,0.319909,50.794588,On or near Hereward Road,E01032832,Eastbourne 014C,Other theft,Offender given a caution,
839df5c4f2d91f9b06963af416bcb937fa2d46e321e98593d98f21f6533ba7d3,2017-03,Sussex Police,Sussex Police,0.319909,50.794588,On or near Hereward Road,E01032832,Eastbourne 014C,Other theft,Investigation complete; no suspect identified,
269473bb0cbfdb73ebfa7a2285c1a3200d4b5af3beb7c78899f15b0e358d6cde,2017-03,Sussex Police,Sussex Police,0.319909,50.794588,On or near Hereward Road,E01032832,Eastbourne 014C,Other theft,Status update unavailable,
78f8d0210e661ecbd386f6daecc29cc1158a2e025cb395eb12fc873cff4bccd6,2017-03,Sussex Police,Sussex Police,0.318251,50.792625,On or near Hengist Close,E01032832,Eastbourne 014C,Other theft,Offender given a caution,
659b955f8cfb511f16950c671f3a6254be24efdc1a7937bf7f6cb13a111303c3,2017-03,Sussex Police,Sussex Police,0.322845,50.794845,On or near Shopping Area,E01032832,Eastbourne 014C,Possession of weapons,Unable to prosecute suspect,
05809df3e82596897adc215c793cd9b5313f8aaff65618a4eee2f9435006995b,2017-03,Sussex Police,Sussex Police,0.319909,50.794588,On or near Hereward Road,E01032832,Eastbourne 014C,Public order,Status update unavailable,
ed4ba0fbfde9039c3a992cb1b07a3883b8ed6f04e1182692451cbcd28d3fab95,2017-03,Sussex Police,Sussex Police,0.330405,50.794208,On or near Phoenix Drive,E01032832,Eastbourne 014C,Public order,Court result unavailable,
5b0587d8a402c50d204cc1602a0b32b367d84b97c957124cc610cc074282d7ce,2017-03,Sussex Police,Sussex Police,0.322845,50.794845,On or near Shopping Area,E01032832,Eastbourne 014C,Shoplifting,Local resolution,
63964090f599f58e53584c1a6bbd6890d6136f7ca75467c1c6e911dc6aeea379,2017-03,Sussex Police,Sussex Police,0.322845,50.794845,On or near Shopping Area,E01032832,Eastbourne 014C,Shoplifting,Further investigation is not in the public interest,
2f639e1b9620954565f41126824ae99c3f6dee2599a7035c96c78ee20b419335,2017-03,Sussex Police,Sussex Police,0.322845,50.794845,On or near Shopping Area,E01032832,Eastbourne 014C,Shoplifting,Court result unavailable,
0f8fd919e5e2b0430ee6b1ec68270f9bb30196d7fe441349a90a58752b4f2c8d,2017-03,Sussex Police,Sussex Police,0.319909,50.794588,On or near Hereward Road,E01032832,Eastbourne 014C,Shoplifting,Further investigation is not in the public interest,
d2a3aad28b7777790851a32705ecd45f3fb772894705f83a5efa317f4a0653cb,2017-03,Sussex Police,Sussex Police,0.322845,50.794845,On or near Shopping Area,E01032832,Eastbourne 014C,Shoplifting,Offender sent to prison,
ae23d69370d023bf33cf7fc5561955fb5293ab64d1ae0630fd501c35e8c16242,2017-03,Sussex Police,Sussex Police,0.322845,50.794845,On or near Shopping Area,E01032832,Eastbourne 014C,Shoplifting,Unable to prosecute suspect,
e6f1a23d70c5d2037a63355f6ccb1a76c709fad1beecce571992fa8783f1323e,2017-03,Sussex Police,Sussex Police,0.322845,50.794845,On or near Shopping Area,E01032832,Eastbourne 014C,Violence and sexual offences,Investigation complete; no suspect identified,
5b7cb02fc35a9f222cb75e3c1fba23adeb737f230e1d104d4a6dc03da2da6efd,2017-03,Sussex Police,Sussex Police,0.319909,50.794588,On or near Hereward Road,E01032832,Eastbourne 014C,Violence and sexual offences,Unable to prosecute suspect,
6905ddd2d9a9ea9fd04ca3f9b8ea3a6a967473ca9f541ebd842a8f66fdcfe929,2017-03,Sussex Police,Sussex Police,0.318966,50.794175,On or near Athelstan Close,E01032832,Eastbourne 014C,Violence and sexual offences,Investigation complete; no suspect identified,
6c80145a71e047774a4bf3cc05ee67db2710a845be2eb4964dc17495aff76dac,2017-03,Sussex Police,Sussex Police,0.325832,50.796125,On or near Parking Area,E01032832,Eastbourne 014C,Violence and sexual offences,Unable to prosecute suspect,
eb0cb95c62acdae3b5b15b66ec89b5fa8d78bc863e50ab3eaeaa9dac1a931da0,2017-03,Sussex Police,Sussex Police,0.319909,50.794588,On or near Hereward Road,E01032832,Eastbourne 014C,Violence and sexual offences,Unable to prosecute suspect,
53f9d8ebd9ee9b75ee72693efec4ddd2b821fc4cf4402a06cee2a0ef8d1cb0e5,2017-03,Sussex Police,Sussex Police,0.319909,50.794588,On or near Hereward Road,E01032832,Eastbourne 014C,Violence and sexual offences,Unable to prosecute suspect,
,2017-03,Sussex Police,Sussex Police,0.330884,50.792984,On or near Macquarie Quay,E01032833,Eastbourne 014D,Anti-social behaviour,,
,2017-03,Sussex Police,Sussex Police,0.330884,50.792984,On or near Macquarie Quay,E01032833,Eastbourne 014D,Anti-social behaviour,,
e5f35b69a5cc153a93ddb3edda04d38c0c058e5b9871366f7d6977657393e582,2017-03,Sussex Police,Sussex Police,0.333876,50.795515,On or near Caroline Way,E01032833,Eastbourne 014D,Bicycle theft,Investigation complete; no suspect identified,
c6dfc5f781242900ec312b70faa81008f0ce98e17b0ed6e7228a9e8081bfce8e,2017-03,Sussex Police,Sussex Police,0.330884,50.792984,On or near Macquarie Quay,E01032833,Eastbourne 014D,Other theft,Investigation complete; no suspect identified,
6ce42cb0fd439c250e280ee7a1ede9be7d0ec63b1c04aec8a7231a5b32e565c7,2017-03,Sussex Police,Sussex Police,0.334216,50.797487,On or near Long Beach Close,E01032833,Eastbourne 014D,Public order,Action to be taken by another organisation,
b76c3188c7bfa4fe8eb58e665f0c06e27073b560eb65b723002e2c65244bbece,2017-03,Sussex Police,Sussex Police,0.337278,50.798846,On or near Chatham Green,E01032833,Eastbourne 014D,Violence and sexual offences,Local resolution,
0c7d0b2c65b5e063adbacf0d3b92a151c4f14a0e718dc60e3bea534f40007702,2017-03,Sussex Police,Sussex Police,-0.833133,51.076818,On or near Beechcroft Close,E01022586,East Hampshire 009D,Violence and sexual offences,Unable to prosecute suspect,
,2017-03,Sussex Police,Sussex Police,-0.909963,51.015332,On or near B2070,E01022597,East Hampshire 011B,Anti-social behaviour,,
65e4e3d7ad275216acc51eb40b8de107f8d681be9494e9702d9a3ff1e8eba733,2017-03,Sussex Police,Sussex Police,-0.896099,51.024005,On or near Stodham Lane,E01022597,East Hampshire 011B,Other theft,Investigation complete; no suspect identified,
f0fc48143e1da373f0ce4544a0ac5087e6e6a78408c6896bf54febdacf09863e,2017-03,Sussex Police,Sussex Police,-0.896099,51.024005,On or near Stodham Lane,E01022597,East Hampshire 011B,Other theft,Investigation complete; no suspect identified,
e864ff0f8291319bb8dbeb7fac50cf4b825b6d4ecd59412badf3fef6d9baf2bb,2017-03,Sussex Police,Sussex Police,-0.911049,51.001196,On or near Harrier Way,E01022623,East Hampshire 012D,Other theft,Investigation complete; no suspect identified,
e64b3d7d49800876b74795a4833a16d6e103b549743cd9663bfe8da9e3b0e850,2017-03,Sussex Police,Sussex Police,-0.385795,51.387355,On or near Fernbank Avenue,E01030362,Elmbridge 004B,Shoplifting,Investigation complete; no suspect identified,
c58833d4c1fad884779a612cbdf8580afd528430c80261244402629d1909dabd,2017-03,Sussex Police,Sussex Police,-0.248297,51.370408,On or near Wolsey Close,E01030387,Epsom and Ewell 001B,Violence and sexual offences,Status update unavailable,
5f171be7b2087c1a162bef2f004e02c800bac14a7a86bc5649bb32d40f5e7b2d,2017-03,Sussex Police,Sussex Police,-1.265544,50.853706,On or near Penhale Gardens,E01022785,Fareham 007C,Violence and sexual offences,Status update unavailable,
70832770424474d17263dfa4ac603b83d391c898b97aac45d15b89ea11e0659e,2017-03,Sussex Police,Sussex Police,-1.166016,50.862345,On or near M27,E01022721,Fareham 008A,Public order,Unable to prosecute suspect,
bc480bcf8b930a2323214da11e3d879f41dea72c28e8f8f4d9f2101d6bb4a40f,2017-03,Sussex Police,Sussex Police,-0.857643,51.295070,On or near Motorway Service Area,E01032852,Hart 005E,Violence and sexual offences,Unable to prosecute suspect,
,2017-03,Sussex Police,Sussex Police,0.552274,50.876151,On or near Battle Crescent,E01020969,Hastings 001A,Anti-social behaviour,,
,2017-03,Sussex Police,Sussex Police,0.552263,50.877239,On or near Bellingham Close,E01020969,Hastings 001A,Anti-social behaviour,,
2e17eb6ae05a60715e80e3e66df366668d46fdd4f243cd6b7f31fa2d409adb4f,2017-03,Sussex Police,Sussex Police,0.548682,50.879620,On or near Battle Road,E01020969,Hastings 001A,Criminal damage and arson,Status update unavailable,
bcdc482213e5dd6765b66f2696a5aed66b8ad2176b834ffdb7773dc2743512c8,2017-03,Sussex Police,Sussex Police,0.550876,50.880490,On or near Wadhurst Close,E01020969,Hastings 001A,Criminal damage and arson,Investigation complete; no suspect identified,
90a07b4a2535678aaddca687fa79c233c429f4bda6c7457642cb417dc16dbdea,2017-03,Sussex Police,Sussex Police,0.552230,50.878463,On or near Upper Church Road,E01020969,Hastings 001A,Drugs,Offender given a drugs possession warning,
6bfefae05928d2c06c7d2046ec943175941cb5bdfbf2c54775b4bdbba50b469c,2017-03,Sussex Police,Sussex Police,0.551683,50.875993,On or near Battle Crescent,E01020969,Hastings 001A,Robbery,Unable to prosecute suspect,
0d024089d4174f171fd17f120b68995fde84c9f3a1d2785100176cc8a5f07725,2017-03,Sussex Police,Sussex Police,0.551683,50.875993,On or near Battle Crescent,E01020969,Hastings 001A,Shoplifting,Investigation complete; no suspect identified,
257d188ec5c76d38589a015ecedaed8c2cf4b7b9a4b6b80b7842b4ca4cc9abdd,2017-03,Sussex Police,Sussex Police,0.552263,50.877239,On or near Bellingham Close,E01020969,Hastings 001A,Violence and sexual offences,Further investigation is not in the public interest,
30aa9a83e169e2622dc03335ac97e601a37940cacf6e597900f3c9c8eb3fc425,2017-03,Sussex Police,Sussex Police,0.555734,50.878333,On or near Clarendon Close,E01020969,Hastings 001A,Violence and sexual offences,Status update unavailable,
38852b5214d48e69ee780595854b681d03d54a4d054454b3628418ef87b249cc,2017-03,Sussex Police,Sussex Police,0.548682,50.879620,On or near Battle Road,E01020969,Hastings 001A,Violence and sexual offences,Unable to prosecute suspect,
06a844f03462721dd6900bc8e9e8f880cb81ad87ceb5d085cdd2c2a3aacf5319,2017-03,Sussex Police,Sussex Police,0.549982,50.878171,On or near Upper Church Road,E01020969,Hastings 001A,Violence and sexual offences,Further investigation is not in the public interest,
225de19347c38203eca5b14d6690f3070091177098a9ac3e1b3e22a5c29749c8,2017-03,Sussex Police,Sussex Police,0.548682,50.879620,On or near Battle Road,E01020969,Hastings 001A,Violence and sexual offences,Court result unavailable,
,2017-03,Sussex Police,Sussex Police,0.537166,50.892436,On or near Highwater View,E01020970,Hastings 001B,Anti-social behaviour,,
76df79f7b50ff0d44397a72f1e81331a8e92e7ddf313775ee0da4e2a427872aa,2017-03,Sussex Police,Sussex Police,0.538003,50.887426,On or near Vermont Way,E01020970,Hastings 001B,Criminal damage and arson,Court result unavailable,
1320c89c13460cda6c24ec4573c9ae19195a93934a724b38e59282f02ff1be1f,2017-03,Sussex Police,Sussex Police,0.537166,50.892436,On or near Highwater View,E01020970,Hastings 001B,Drugs,Offender given penalty notice,
7b97658f8377c0bfe369f3dde5082d03ce05d177afbe7642e06445cda6628a96,2017-03,Sussex Police,Sussex Police,0.538003,50.887426,On or near Vermont Way,E01020970,Hastings 001B,Possession of weapons,Court result unavailable,
f4cc01f57662a4998aa8a5fe359dc5d9e642dc9bf30bdcbb01793499abcef8de,2017-03,Sussex Police,Sussex Police,0.538003,50.887426,On or near Vermont Way,E01020970,Hastings 001B,Possession of weapons,Status update unavailable,
182311937ff2c0a37776dd352031d34dc15999142ac672c2f7a003fede32de9b,2017-03,Sussex Police,Sussex Police,0.536758,50.887273,On or near Montana Court,E01020970,Hastings 001B,Vehicle crime,Investigation complete; no suspect identified,
b3f0a8b43e4c788b67d37ee3ac7859bffe549d1e633b0c7a91aec738942f55d3,2017-03,Sussex Police,Sussex Police,0.538003,50.887426,On or near Vermont Way,E01020970,Hastings 001B,Violence and sexual offences,Offender fined,
a9e9789de7d8f903c63a0d4dafc7dc9ede3896c5bd138d20e17d4aa5a0ce48aa,2017-03,Sussex Police,Sussex Police,0.537166,50.892436,On or near Highwater View,E01020970,Hastings 001B,Violence and sexual offences,Unable to prosecute suspect,
9c58241206483fca5959bc49a5b1ae0993f57086fdffbcfa3b2026a8855a2218,2017-03,Sussex Police,Sussex Police,0.546743,50.890725,On or near Beauport Gardens,E01020970,Hastings 001B,Violence and sexual offences,Unable to prosecute suspect,
33be30b5bc9f19fdb83f2446549e1ed2250dec10e5ba76589cbedf42ffec4cd3,2017-03,Sussex Police,Sussex Police,0.546743,50.890725,On or near Beauport Gardens,E01020970,Hastings 001B,Violence and sexual offences,Unable to prosecute suspect,
63781523036d3f3fc34f820a9e87d89f1988424137e4bcb11e4bd5dc18155093,2017-03,Sussex Police,Sussex Police,0.541829,50.887442,On or near Johnson Close,E01020970,Hastings 001B,Violence and sexual offences,Unable to prosecute suspect,
b688dc1769e00049db74065e216022fd3cff765d90a4ad7038a9e65730ab1d99,2017-03,Sussex Police,Sussex Police,0.538003,50.887426,On or near Vermont Way,E01020970,Hastings 001B,Violence and sexual offences,Court result unavailable,
34808d8f7daced45563b54031476d81a58fd126c7dfdf984c83299ced9c3a2b7,2017-03,Sussex Police,Sussex Police,0.541156,50.886053,On or near High Beech Close,E01020970,Hastings 001B,Violence and sexual offences,Status update unavailable,
4c4ef40a039e78a4fec2767e936d9396e8739b3396367206e5dc1ea9bbf1ab62,2017-03,Sussex Police,Sussex Police,0.538003,50.887426,On or near Vermont Way,E01020970,Hastings 001B,Violence and sexual offences,Formal action is not in the public interest,
f6029c4028fcbef1de8d96cc5c35a457873b3483c09fce26d965f031c3cab763,2017-03,Sussex Police,Sussex Police,0.546743,50.890725,On or near Beauport Gardens,E01020970,Hastings 001B,Violence and sexual offences,Unable to prosecute suspect,
,2017-03,Sussex Police,Sussex Police,0.558359,50.885767,On or near Mistral Close,E01020971,Hastings 001C,Anti-social behaviour,,
,2017-03,Sussex Police,Sussex Police,0.556163,50.891095,On or near Maplehurst Road,E01020971,Hastings 001C,Anti-social behaviour,,
,2017-03,Sussex Police,Sussex Police,0.553498,50.883976,On or near Plough Lane,E01020971,Hastings 001C,Anti-social behaviour,,
,2017-03,Sussex Police,Sussex Police,0.552685,50.884183,On or near Holmhurst Lane,E01020971,Hastings 001C,Anti-social behaviour,,
,2017-03,Sussex Police,Sussex Police,0.551642,50.884619,On or near The Hoe,E01020971,Hastings 001C,Anti-social behaviour,,
,2017-03,Sussex Police,Sussex Police,0.550726,50.883722,On or near Sedlescombe Road North,E01020971,Hastings 001C,Anti-social behaviour,,
,2017-03,Sussex Police,Sussex Police,0.550726,50.883722,On or near Sedlescombe Road North,E01020971,Hastings 001C,Anti-social behaviour,,
,2017-03,Sussex Police,Sussex Police,0.550726,50.883722,On or near Sedlescombe Road North,E01020971,Hastings 001C,Anti-social behaviour,,
,2017-03,Sussex Police,Sussex Police,0.550726,50.883722,On or near Sedlescombe Road North,E01020971,Hastings 001C,Anti-social behaviour,,
,2017-03,Sussex Police,Sussex Police,0.550726,50.883722,On or near Sedlescombe Road North,E01020971,Hastings 001C,Anti-social behaviour,,
,2017-03,Sussex Police,Sussex Police,0.549759,50.885290,On or near Harlequin Gardens,E01020971,Hastings 001C,Anti-social behaviour,,
25cde51736b55e713d24d95325367de1658ec41fac68977d1d8b607f7cb4e245,2017-03,Sussex Police,Sussex Police,0.547566,50.882622,On or near Monarch Gardens,E01020971,Hastings 001C,Burglary,Investigation complete; no suspect identified,
34d7df12e659644a1ffad5f1bc8f98fa9c9f9d863f1c4cea5395e3e03050b3e0,2017-03,Sussex Police,Sussex Police,0.554195,50.883727,On or near Roundwood Road,E01020971,Hastings 001C,Burglary,Investigation complete; no suspect identified,
2d82019db4478d3cf0c07c78661ff6d68c5a9b8d65d1561827cfe646271652c7,2017-03,Sussex Police,Sussex Police,0.546699,50.882362,On or near Kingsley Close,E01020971,Hastings 001C,Criminal damage and arson,Investigation complete; no suspect identified,
9689c97cfe71a9c1fad41bc16ea460bda3257f8cfca09d6f7122c42dc0de99d2,2017-03,Sussex Police,Sussex Police,0.550879,50.882100,On or near Thomas Brassey Close,E01020971,Hastings 001C,Criminal damage and arson,Investigation complete; no suspect identified,
cb19689f678ba60cd3d95887415222bc6ce77b65a8fb594925f4220984484278,2017-03,Sussex Police,Sussex Police,0.550879,50.882100,On or near Thomas Brassey Close,E01020971,Hastings 001C,Criminal damage and arson,Status update unavailable,
ea82cf72317cfd89e6c363a361076c99f5cc1801ce2db53eb1e55ac582a6498c,2017-03,Sussex Police,Sussex Police,0.549759,50.885290,On or near Harlequin Gardens,E01020971,Hastings 001C,Criminal damage and arson,Investigation complete; no suspect identified,
2bbb1db4333c8dae5d869b7ff3d24105e5bbbcc87d84c5e680636f2aafc0a1d0,2017-03,Sussex Police,Sussex Police,0.557004,50.885428,On or near Welton Rise,E01020971,Hastings 001C,Drugs,Offender given community sentence,
a843ae6a2ca4a93a7a603d1390784dc25ebe55c6d5ae30fc28d89457a6f50e5a,2017-03,Sussex Police,Sussex Police,0.550879,50.882100,On or near Thomas Brassey Close,E01020971,Hastings 001C,Drugs,Unable to prosecute suspect,
998cc69d4519d0482611105d055a3435a1cddcf0f8cdc5c3c19626afd7feb427,2017-03,Sussex Police,Sussex Police,0.550879,50.882100,On or near Thomas Brassey Close,E01020971,Hastings 001C,Other theft,Investigation complete; no suspect identified,
d0ae8ff490a8a0d637cdbdf26de01079556c921a1e373ce6e07832467e171570,2017-03,Sussex Police,Sussex Police,0.552823,50.888263,On or near Petrol Station,E01020971,Hastings 001C,Other theft,Investigation complete; no suspect identified,
83c1c6f4d29e2b3cc40ce932d9047d308e4251363ed05451d9cf2fc58463d918,2017-03,Sussex Police,Sussex Police,0.552823,50.888263,On or near Petrol Station,E01020971,Hastings 001C,Other theft,Status update unavailable,
c77ca9a6bee79683652e944dbb595a631cbf8f070f8e497cd77aba68ff336e8f,2017-03,Sussex Police,Sussex Police,0.549759,50.885290,On or near Harlequin Gardens,E01020971,Hastings 001C,Public order,Investigation complete; no suspect identified,
0e0a2dca8fe6061b7bb954ad852af52910403d46049e16faf523db4e998aaa73,2017-03,Sussex Police,Sussex Police,0.552823,50.888263,On or near Petrol Station,E01020971,Hastings 001C,Public order,Unable to prosecute suspect,
0b2041f7b7a7821faf190a0ac669584aa2171c0800db80825e08323856a1e675,2017-03,Sussex Police,Sussex Police,0.552823,50.888263,On or near Petrol Station,E01020971,Hastings 001C,Shoplifting,Offender given a caution,
3fd47b19dd89ea473c011f7f0da3cfed88cbeb7fc3a3d74c864972d3dc118256,2017-03,Sussex Police,Sussex Police,0.550879,50.882100,On or near Thomas Brassey Close,E01020971,Hastings 001C,Vehicle crime,Status update unavailable,
65993c1781e16fbd7e48ee84c00ac35f4b7746b6ef776ee612942edce6846524,2017-03,Sussex Police,Sussex Police,0.555713,50.890412,On or near The Ridge,E01020971,Hastings 001C,Vehicle crime,Investigation complete; no suspect identified,
65fadc1b76b9c0a9181c2a8c82d05fc3931130b0293f9c900bffbb2348e08771,2017-03,Sussex Police,Sussex Police,0.552823,50.888263,On or near Petrol Station,E01020971,Hastings 001C,Violence and sexual offences,Local resolution,
802d1889bca4f5318ba56b6cbf0b2cc7c8e5bbeec9d6c57d128f1934e8464500,2017-03,Sussex Police,Sussex Police,0.549443,50.883669,On or near Seven Acre Close,E01020971,Hastings 001C,Violence and sexual offences,Action to be taken by another organisation,
e6de206d5b58b89c02fe0c502dcf7d17456c38c37a9e9c37d8f9a9ebbeda8669,2017-03,Sussex Police,Sussex Police,0.555299,50.885178,On or near Fleet Wood Close,E01020971,Hastings 001C,Violence and sexual offences,Status update unavailable,
f4fd8f39b39459b4c1386e9df16c06f7333a5a229533aa6ae42b59655dffd154,2017-03,Sussex Police,Sussex Police,0.557004,50.885428,On or near Welton Rise,E01020971,Hastings 001C,Violence and sexual offences,Offender given community sentence,
66aca35611fb3f676e9c97d55ba6d51163aea2c4dc374f34e23f05d98dfd5e78,2017-03,Sussex Police,Sussex Police,0.555713,50.890412,On or near The Ridge,E01020971,Hastings 001C,Violence and sexual offences,Investigation complete; no suspect identified,
376f8f53cdefee0aa9a080b4e9fa2069d38ab5907fdf98cf20ceb77b5b8a4c57,2017-03,Sussex Police,Sussex Police,0.552823,50.888263,On or near Petrol Station,E01020971,Hastings 001C,Other crime,Status update unavailable,
,2017-03,Sussex Police,Sussex Police,0.563679,50.881918,On or near Martingale Close,E01020987,Hastings 001D,Anti-social behaviour,,
c81d6b6556cdc787d388b4c1aa201dfe7cafc31fd51c8fbd59c596831c594ea3,2017-03,Sussex Police,Sussex Police,0.556897,50.884774,On or near Greenfields Close,E01020987,Hastings 001D,Drugs,Unable to prosecute suspect,
42dac2f229b928d88772c2c27d70319314de479e43edaca82410fe38b15bd27b,2017-03,Sussex Police,Sussex Police,0.560992,50.880889,On or near Smithy'S Close,E01020987,Hastings 001D,Drugs,Offender given a drugs possession warning,
69d52d813db5a6e2632c4ccb0e0a6d3e80c6d91e69bfc3ac45e37e7dbcf831b6,2017-03,Sussex Police,Sussex Police,0.562570,50.881924,On or near Pentland Close,E01020987,Hastings 001D,Violence and sexual offences,Further investigation is not in the public interest,
a91cbe5e8228f5d8294a55d697cd3b44c3e1099eca7ba3b74f7c8690277eca46,2017-03,Sussex Police,Sussex Police,0.558933,50.882490,On or near Barn Court,E01020987,Hastings 001D,Violence and sexual offences,Unable to prosecute suspect,
680067c934fb71407f15e0b4ac635d6759822f0d0d7376686558077496e18613,2017-03,Sussex Police,Sussex Police,0.565754,50.883194,On or near The Oaks,E01020987,Hastings 001D,Violence and sexual offences,Unable to prosecute suspect,
a7fb135a7af2290a40da653ff0775858be4e30761b3c6f292e3c57c1ef1a55af,2017-03,Sussex Police,Sussex Police,0.556897,50.884774,On or near Greenfields Close,E01020987,Hastings 001D,Violence and sexual offences,Unable to prosecute suspect,
4978ccc72adda6213f78e092e18b11ac9755a81b294bf56c602a71168150da3e,2017-03,Sussex Police,Sussex Police,0.563857,50.882562,On or near Little Ridge Avenue,E01020987,Hastings 001D,Violence and sexual offences,Unable to prosecute suspect,
4ee4dfe661f57e419ee63acdd661e2bf540df085a69dbd68294215bd4fcb5a2e,2017-03,Sussex Police,Sussex Police,0.558933,50.882490,On or near Barn Court,E01020987,Hastings 001D,Violence and sexual offences,Action to be taken by another organisation,
cefc9e582124deb6b39ab408151cd0753e224d76801ebf23f73361ece104f6ef,2017-03,Sussex Police,Sussex Police,0.562570,50.881924,On or near Pentland Close,E01020987,Hastings 001D,Other crime,Action to be taken by another organisation,
,2017-03,Sussex Police,Sussex Police,0.592138,50.874399,On or near Amberstone Close,E01020974,Hastings 002A,Anti-social behaviour,,
,2017-03,Sussex Police,Sussex Police,0.589938,50.871903,On or near Hoad'S Wood Road,E01020974,Hastings 002A,Anti-social behaviour,,
,2017-03,Sussex Police,Sussex Police,0.589040,50.877490,On or near Ochiltree Road,E01020974,Hastings 002A,Anti-social behaviour,,
301b650c7ae25a7260506bf71d240f44822e3ebf63a07fbb8f5529b57786c428,2017-03,Sussex Police,Sussex Police,0.594532,50.879122,On or near Norcross Close,E01020974,Hastings 002A,Criminal damage and arson,Status update unavailable,
fff6f9125170e249232bcfae368c0283c913bfe5d21cbd057c0166cc90c623d4,2017-03,Sussex Police,Sussex Police,0.596408,50.874763,On or near Pine Avenue,E01020974,Hastings 002A,Public order,Investigation complete; no suspect identified,
a19e61ef2c83a418ed78571c0b8b6f5e8a6b1cedaa9cca1b3171da1d7bfb5f30,2017-03,Sussex Police,Sussex Police,0.589938,50.871903,On or near Hoad'S Wood Road,E01020974,Hastings 002A,Public order,Further investigation is not in the public interest,
8b2a7c8ea5ce2892db702add201a836fda6bec32bcb474af347a43de4aca8205,2017-03,Sussex Police,Sussex Police,0.594532,50.879122,On or near Norcross Close,E01020974,Hastings 002A,Violence and sexual offences,Status update unavailable,
d3f28276cbbfa733e4cdac2d7ff0b698cfe51497b6f7c0107b66857244401024,2017-03,Sussex Police,Sussex Police,0.594532,50.879122,On or near Norcross Close,E01020974,Hastings 002A,Violence and sexual offences,Action to be taken by another organisation,
781e2609f546f6640034ceb9c91cc142c2265e0b452a2f4a3539c315364d7495,2017-03,Sussex Police,Sussex Police,0.591288,50.878043,On or near Sovereign Close,E01020974,Hastings 002A,Other crime,Investigation complete; no suspect identified,
,2017-03,Sussex Police,Sussex Police,0.568029,50.886050,On or near Parking Area,E01020986,Hastings 002B,Anti-social behaviour,,
,2017-03,Sussex Police,Sussex Police,0.568029,50.886050,On or near Parking Area,E01020986,Hastings 002B,Anti-social behaviour,,
,2017-03,Sussex Police,Sussex Police,0.568029,50.886050,On or near Parking Area,E01020986,Hastings 002B,Anti-social behaviour,,
5b531bba45fb5cc491a41e20f19c11d70d4058892ebae8043cd5da15c027778d,2017-03,Sussex Police,Sussex Police,0.568029,50.886050,On or near Parking Area,E01020986,Hastings 002B,Criminal damage and arson,Investigation complete; no suspect identified,
a39b47c516bfc8bd00c556a9075e9aa6ab69d6ac51c5d3d193e10ed8f40ab64b,2017-03,Sussex Police,Sussex Police,0.568029,50.886050,On or near Parking Area,E01020986,Hastings 002B,Criminal damage and arson,Unable to prosecute suspect,
10db7b82dff0881249b2a4739f977c31bc7ff92961c6baa7518745160368f3fc,2017-03,Sussex Police,Sussex Police,0.568029,50.886050,On or near Parking Area,E01020986,Hastings 002B,Other theft,Investigation complete; no suspect identified,
a47297373699787993630e24f6cb3cc6f0fe25923b535e0b38c8e1cf1a580e32,2017-03,Sussex Police,Sussex Police,0.568029,50.886050,On or near Parking Area,E01020986,Hastings 002B,Violence and sexual offences,Unable to prosecute suspect,
98dcf49858744491ac5a9bb7cab8e119f3e61a253e78657ad3ff294df88dd464,2017-03,Sussex Police,Sussex Police,0.568029,50.886050,On or near Parking Area,E01020986,Hastings 002B,Violence and sexual offences,Further investigation is not in the public interest,
ce2872362d4bef661372ce31df0ee1001bacc43c91fe42dd0100190b38b1d579,2017-03,Sussex Police,Sussex Police,0.568029,50.886050,On or near Parking Area,E01020986,Hastings 002B,Violence and sexual offences,Unable to prosecute suspect,
ad0473c2817c2ed755955c6ed2ffff127190be22e126290ca41862ea28375c6e,2017-03,Sussex Police,Sussex Police,0.568029,50.886050,On or near Parking Area,E01020986,Hastings 002B,Violence and sexual offences,Further investigation is not in the public interest,
fdde2434de3afab897bc75ffcd7a1b29c5934d2790411213ae29c0c79c3d2fae,2017-03,Sussex Police,Sussex Police,0.568029,50.886050,On or near Parking Area,E01020986,Hastings 002B,Violence and sexual offences,Investigation complete; no suspect identified,
bda59b8c59d585fd73fa281730bb81518a8581eb980a36fef58233ba9aa40acf,2017-03,Sussex Police,Sussex Police,0.572239,50.882188,On or near Hillside Road,E01020986,Hastings 002B,Violence and sexual offences,Investigation complete; no suspect identified,
,2017-03,Sussex Police,Sussex Police,0.571010,50.881568,On or near Cedar Close,E01020988,Hastings 002C,Anti-social behaviour,,
920b78f918b9ffd2947df0dde63962b08cfad45317c3c5820c0a59831c0b7dca,2017-03,Sussex Police,Sussex Police,0.566518,50.874849,On or near Parkstone Road,E01020988,Hastings 002C,Public order,Unable to prosecute suspect,
180eb4e6ac3ab436ab6334532bc32cde9b3bd5fe23c3ddbdf4178a79a3891ba8,2017-03,Sussex Police,Sussex Police,0.568548,50.877646,On or near Parkstone Road,E01020988,Hastings 002C,Violence and sexual offences,Unable to prosecute suspect,
,2017-03,Sussex Police,Sussex Police,0.572525,50.871128,On or near Ashford Way,E01021007,Hastings 002D,Anti-social behaviour,,
31e28d320a938b2160bd35e13ba696b943fbcfd0e24617ddf35f57368a70b430,2017-03,Sussex Police,Sussex Police,0.573801,50.872872,On or near Canterbury Rise,E01021007,Hastings 002D,Burglary,Local resolution,
dc78764723714c974985c25317d14eff9add0c20a1d187165074dd2ed864c6d6,2017-03,Sussex Police,Sussex Police,0.577696,50.871850,On or near St Helen'S Park Road,E01021007,Hastings 002D,Burglary,Status update unavailable,
c71cc83428709c8979fcd63082772bf1c7263f401dc71223fa53474599a3ad54,2017-03,Sussex Police,Sussex Police,0.577696,50.871850,On or near St Helen'S Park Road,E01021007,Hastings 002D,Burglary,Status update unavailable,
a8c735e1556a38c630d2d0f59ea76e58bfcfcfab19954ab7c6f1d6ea7864fc3b,2017-03,Sussex Police,Sussex Police,0.572525,50.871128,On or near Ashford Way,E01021007,Hastings 002D,Criminal damage and arson,Investigation complete; no suspect identified,
a17c24a2a088a52ce1716fc0dd9da704068b282556c8ae4b70eee3249c039a1e,2017-03,Sussex Police,Sussex Police,0.587488,50.883101,On or near Chown'S Hill,E01021007,Hastings 002D,Other theft,Unable to prosecute suspect,
36cffd2f8151e1acb7298d7acf1347b9567535039e04ea9cfd2645444047ed08,2017-03,Sussex Police,Sussex Police,0.587495,50.878613,On or near Centurion Rise,E01021007,Hastings 002D,Public order,Status update unavailable,
c9ec09772d2ca07c2d537b62e3cc3a1fa63eda054f5a6c66e7a43921201de1b0,2017-03,Sussex Police,Sussex Police,0.577493,50.874346,On or near St Helen'S Avenue,E01021007,Hastings 002D,Vehicle crime,Investigation complete; no suspect identified,
8ff0d96359f08086efd4a9ec50ffeca06844f81dc8f054a62e708c1f2929f7e1,2017-03,Sussex Police,Sussex Police,0.586650,50.884136,On or near Hurst Way,E01021007,Hastings 002D,Violence and sexual offences,Unable to prosecute suspect,
6fc8e13187d06826d6f7fc426b1890f7fb228a5ac7ec295fdcba334e9f626361,2017-03,Sussex Police,Sussex Police,0.586776,50.879231,On or near Ore Place,E01021007,Hastings 002D,Other crime,Action to be taken by another organisation,
,2017-03,Sussex Police,Sussex Police,0.580637,50.868214,On or near Blacklands Drive,E01021008,Hastings 002E,Anti-social behaviour,,
,2017-03,Sussex Police,Sussex Police,0.577261,50.868073,On or near St Helen'S Court,E01021008,Hastings 002E,Anti-social behaviour,,
,2017-03,Sussex Police,Sussex Police,0.566134,50.869677,On or near St Helen'S Road,E01021009,Hastings 002F,Anti-social behaviour,,
,2017-03,Sussex Police,Sussex Police,0.566134,50.869677,On or near St Helen'S Road,E01021009,Hastings 002F,Anti-social behaviour,,
0748c1ad0f4de40d933b416fa8e8483cdcb8190051d6daf51b99b1350cc84147,2017-03,Sussex Police,Sussex Police,0.572522,50.867980,On or near Hole Farm Close,E01021009,Hastings 002F,Burglary,Investigation complete; no suspect identified,
5dfa1e616b734bc775a014b2ae13b57b9c41e6b11b392a6f3b38ff74a46f1c7c,2017-03,Sussex Police,Sussex Police,0.576366,50.868867,On or near Osborne Close,E01021009,Hastings 002F,Vehicle crime,Investigation complete; no suspect identified,
,2017-03,Sussex Police,Sussex Police,0.545486,50.874716,On or near Jameson Crescent,E01020993,Hastings 003A,Anti-social behaviour,,
746f644fa29f84fc139b00db43cd7ea86b3d937260858408b93c9a8c8b3ac187,2017-03,Sussex Police,Sussex Police,0.547077,50.875482,On or near Beauchamp Road,E01020993,Hastings 003A,Criminal damage and arson,Court result unavailable,
437be4d6b7f60b8c78c27bc708424b6a01e3add62e5427dc5b796737f0cca721,2017-03,Sussex Police,Sussex Police,0.543801,50.875104,On or near Wishing Tree Road,E01020993,Hastings 003A,Criminal damage and arson,Unable to prosecute suspect,
4d9a16f46ba663a91b2f3ae0b3a91b7a03b93fd550424b778640099bc72cc120,2017-03,Sussex Police,Sussex Police,0.547077,50.875482,On or near Beauchamp Road,E01020993,Hastings 003A,Public order,Status update unavailable,
269c0edc44394f096dc2417674ad67fe1515af12222042ba42101a73c80c6af1,2017-03,Sussex Police,Sussex Police,0.545961,50.875596,On or near Quebec Road,E01020993,Hastings 003A,Violence and sexual offences,Action to be taken by another organisation,
36f7598d90457071ae20f200836fb62056245002b076c83226e423dd162fe917,2017-03,Sussex Police,Sussex Police,0.547077,50.875482,On or near Beauchamp Road,E01020993,Hastings 003A,Violence and sexual offences,Unable to prosecute suspect,
16a52fb8575ae6bec677644c7fc733feef39f230d3c8b1fba1029aa4dc752b88,2017-03,Sussex Police,Sussex Police,0.545175,50.876054,On or near Marline Avenue,E01020993,Hastings 003A,Violence and sexual offences,Action to be taken by another organisation,
e9be2ba17b7e951ba40d2517c932fec57b2388cc2fabc609b6bc70c9c46796cb,2017-03,Sussex Police,Sussex Police,0.550195,50.876601,On or near Hollington Old Lane,E01020993,Hastings 003A,Violence and sexual offences,Unable to prosecute suspect,
802f9e0a39f3dcd6f954253c1744b6e95bcecc5c515ed822fd6fb96311ed8b65,2017-03,Sussex Police,Sussex Police,0.545961,50.875596,On or near Quebec Road,E01020993,Hastings 003A,Violence and sexual offences,Action to be taken by another organisation,
ee8386079f814f5753e10208131f2e720e3d63e0904daa4dcc05952fd079032b,2017-03,Sussex Police,Sussex Police,0.543801,50.875104,On or near Wishing Tree Road,E01020993,Hastings 003A,Violence and sexual offences,Unable to prosecute suspect,
afcdfd5e9a49ab7296c39f898b9e2c2013bada5736dccb7841e1c1d188335d72,2017-03,Sussex Police,Sussex Police,0.548735,50.875122,On or near Sports/Recreation Area,E01020993,Hastings 003A,Violence and sexual offences,Investigation complete; no suspect identified,
c7e9482934fadc7aeb05e4e208dc2080dd5701dbc0c78679c8d31c61d9e8a9fc,2017-03,Sussex Police,Sussex Police,0.550195,50.876601,On or near Hollington Old Lane,E01020993,Hastings 003A,Other crime,Status update unavailable,
cc87115739a384a3c674b2c399edcaf8cc239f94a9cccfa6a87662e5cb5b78d8,2017-03,Sussex Police,Sussex Police,0.550195,50.876601,On or near Hollington Old Lane,E01020993,Hastings 003A,Other crime,Investigation complete; no suspect identified,
,2017-03,Sussex Police,Sussex Police,0.546184,50.882562,On or near Cooper Rise,E01020994,Hastings 003B,Anti-social behaviour,,
,2017-03,Sussex Police,Sussex Police,0.544872,50.882752,On or near Telford Road,E01020994,Hastings 003B,Anti-social behaviour,,
,2017-03,Sussex Police,Sussex Police,0.544980,50.878739,On or near Meadow Close,E01020994,Hastings 003B,Anti-social behaviour,,
f28892490ca495a663a272e9c85a45ff3f34ea87051ce27180cbdf49cd5634bc,2017-03,Sussex Police,Sussex Police,0.543428,50.879474,On or near Northampton Way,E01020994,Hastings 003B,Burglary,Investigation complete; no suspect identified,
d53d5b383f981a06bde7c37d550ba77a1098612817083851c2d120b9b85e9c3a,2017-03,Sussex Police,Sussex Police,0.543259,50.880017,On or near Norfolk Drive,E01020994,Hastings 003B,Criminal damage and arson,Offender given a caution,
70f33f1417a7559d21053dd0e4e05a6004297bb5ec3d1640467c3d4dc305e164,2017-03,Sussex Police,Sussex Police,0.545973,50.878177,On or near Edward Terrace,E01020994,Hastings 003B,Other theft,Investigation complete; no suspect identified,
b14e40b7e8caba8339afd7bdf211194530641522d1f1dccf521dddd04a1c5197,2017-03,Sussex Police,Sussex Police,0.546273,50.880024,On or near Willingdon Avenue,E01020994,Hastings 003B,Other theft,Further investigation is not in the public interest,
6012a19320c883c35463e00b27ecd9cbb3bd8315e5c8dd44b683baf9cd85fdfd,2017-03,Sussex Police,Sussex Police,0.544872,50.882752,On or near Telford Road,E01020994,Hastings 003B,Other theft,Investigation complete; no suspect identified,
8ca435c34346f2e67b7fc0ed702947980d49e56fa07034f3eab86548f8a1066d,2017-03,Sussex Police,Sussex Police,0.546114,50.881016,On or near Willingdon Close,E01020994,Hastings 003B,Public order,Investigation complete; no suspect identified,
7ebf5a4f146e9649499a62fc15cccc963cd9aca0207c17fc1dd5065f167f61b1,2017-03,Sussex Police,Sussex Police,0.543850,50.880949,On or near The Finches,E01020994,Hastings 003B,Vehicle crime,Investigation complete; no suspect identified,
d2d3e640605cc0c627c10de9bf805a4a19eecb678b94b491711cd728bdc5e40e,2017-03,Sussex Police,Sussex Police,0.545973,50.878177,On or near Edward Terrace,E01020994,Hastings 003B,Violence and sexual offences,Action to be taken by another organisation,
,2017-03,Sussex Police,Sussex Police,0.539563,50.878992,On or near Taylor Close,E01020995,Hastings 003C,Anti-social behaviour,,
,2017-03,Sussex Police,Sussex Police,0.535784,50.877455,On or near Supermarket,E01020995,Hastings 003C,Anti-social behaviour,,
,2017-03,Sussex Police,Sussex Police,0.533395,50.876922,On or near Inglewood Gardens,E01020995,Hastings 003C,Anti-social behaviour,,
,2017-03,Sussex Police,Sussex Police,0.535784,50.877455,On or near Supermarket,E01020995,Hastings 003C,Anti-social behaviour,,
399faa57799b8127e503921d03053eb00e90383fa2bb6e06ffdd74deff5f95ff,2017-03,Sussex Police,Sussex Police,0.540160,50.876100,On or near Parsons Close,E01020995,Hastings 003C,Drugs,Status update unavailable,
d03236deeba9ac72c0b051626f077a00ebc6217cfc8457e7290077ca097bcfa7,2017-03,Sussex Police,Sussex Police,0.537098,50.878892,On or near Chatfield Close,E01020995,Hastings 003C,Other theft,Unable to prosecute suspect,
6f45dcaf1f883dbf78eca6eb0c0a1b27a738f0581590aa2b9af01c868c2f3e25,2017-03,Sussex Police,Sussex Police,0.535784,50.877455,On or near Supermarket,E01020995,Hastings 003C,Public order,Unable to prosecute suspect,
29fa42a75f75fc09cb860eae78be5612d0f2154e2b8fff728b3f861fdd3fbadd,2017-03,Sussex Police,Sussex Police,0.535784,50.877455,On or near Supermarket,E01020995,Hastings 003C,Public order,Status update unavailable,
8610c654509fa0e48ff2945fb65cc6b360213b742632d1d402a5628e7b1cbaba,2017-03,Sussex Police,Sussex Police,0.538441,50.879268,On or near Carpenter Drive,E01020995,Hastings 003C,Vehicle crime,Investigation complete; no suspect identified,
455be8a804665b6a3ba0c8483e6f4c90913cbfbbdb22f8423805d9c3c599799d,2017-03,Sussex Police,Sussex Police,0.531311,50.876239,On or near Brunel Road,E01020995,Hastings 003C,Vehicle crime,Investigation complete; no suspect identified,
e6de2fb79ac30d119d012696a9f4ddd9977c34a4439e87cdc154d36aadf738a9,2017-03,Sussex Police,Sussex Police,0.537098,50.878892,On or near Chatfield Close,E01020995,Hastings 003C,Violence and sexual offences,Unable to prosecute suspect,
e9ed5d1cd0772fc9dad23b5414180e5d84f265462d28bd3580a17d1a2433fc2c,2017-03,Sussex Police,Sussex Police,0.536672,50.879684,On or near Harvey Close,E01020995,Hastings 003C,Violence and sexual offences,Further investigation is not in the public interest,
1e6802600d1a6bc7e877bbbb78f8682a1d872e0a08ce95f8980deaa28f72967a,2017-03,Sussex Police,Sussex Police,0.535784,50.877455,On or near Supermarket,E01020995,Hastings 003C,Violence and sexual offences,Status update unavailable,
0f17bc65883a4aff9b3612eb1aca08eca07f9153d6b7e7336436f4d7ea38ae1a,2017-03,Sussex Police,Sussex Police,0.536672,50.879684,On or near Harvey Close,E01020995,Hastings 003C,Violence and sexual offences,Unable to prosecute suspect,
7c9f6c0e809d9b44c31fcc464a6f7fc397efc1189eac9452f0252fe82d7accd1,2017-03,Sussex Police,Sussex Police,0.539563,50.878992,On or near Taylor Close,E01020995,Hastings 003C,Violence and sexual offences,Unable to prosecute suspect,
d2ffe7b784c990821aa87c87e3e61d2f1a94c6bf0adabf8b361d139c5b087a13,2017-03,Sussex Police,Sussex Police,0.537098,50.878892,On or near Chatfield Close,E01020995,Hastings 003C,Violence and sexual offences,Awaiting court outcome,
7b514aaa87b7c5435e5a5e1466d82463824b1926054e69f454455603e9835d6f,2017-03,Sussex Police,Sussex Police,0.538371,50.878766,On or near Michelson Close,E01020995,Hastings 003C,Other crime,Investigation complete; no suspect identified,
,2017-03,Sussex Police,Sussex Police,0.526785,50.871156,On or near Flimwell Close,E01020996,Hastings 003D,Anti-social behaviour,,
654eb06e198f1796bf3c71f96af879038cbc7a5f4e853cf403bd07d8ca5c80c1,2017-03,Sussex Police,Sussex Police,0.527552,50.868774,On or near Catsfield Close,E01020996,Hastings 003D,Criminal damage and arson,Unable to prosecute suspect,
47b42b8ba3468406ba1dee76f131e983d7e0707ce85d6dc7f8ada232dd0f8237,2017-03,Sussex Police,Sussex Police,0.527645,50.870769,On or near Northiam Rise,E01020996,Hastings 003D,Criminal damage and arson,Unable to prosecute suspect,
a8d5191a7edc7d0ac559bf8b95b4bdbc16817f6022370769b984b9908cf07a0e,2017-03,Sussex Police,Sussex Police,0.526741,50.870860,On or near Salehurst Gardens,E01020996,Hastings 003D,Drugs,Offender given a caution,
27ed2a692f8349ef791b41ed83fbcc925159f28bafd4da218919611e5dca5042,2017-03,Sussex Police,Sussex Police,0.526741,50.870860,On or near Salehurst Gardens,E01020996,Hastings 003D,Drugs,Offender fined,
40af8da72d4373b521bee8fc76ad8593457edfc61c0f0067fa9318c9611d9627,2017-03,Sussex Police,Sussex Police,0.526741,50.870860,On or near Salehurst Gardens,E01020996,Hastings 003D,Other theft,Investigation complete; no suspect identified,
cf601ad59797dc91dc540c6b8ff507f78165e8afa3563feba7d894b364a4f028,2017-03,Sussex Police,Sussex Police,0.534580,50.875709,On or near Silvan Road,E01020996,Hastings 003D,Public order,Formal action is not in the public interest,
f9177c3aff59c55abc489fb38d2cd92e31333538f845a281b0d596e6c994f147,2017-03,Sussex Police,Sussex Police,0.527552,50.868774,On or near Catsfield Close,E01020996,Hastings 003D,Vehicle crime,Investigation complete; no suspect identified,
773734e34f098525e9df41280c4b291e6a33eb621dbdc92a2a104fa3bcb1dc62,2017-03,Sussex Police,Sussex Police,0.534580,50.875709,On or near Silvan Road,E01020996,Hastings 003D,Violence and sexual offences,Unable to prosecute suspect,
4dd6128c2b3f494dd964cedc134b9842a176e628a2bee4a02baf89c8cef394c4,2017-03,Sussex Police,Sussex Police,0.527552,50.868774,On or near Catsfield Close,E01020996,Hastings 003D,Violence and sexual offences,Further investigation is not in the public interest,
0b28cca166cbc37a5158c452159043100309e929dc9eeef9b08cf621f4057863,2017-03,Sussex Police,Sussex Police,0.525825,50.871807,On or near Sandringham Heights,E01020996,Hastings 003D,Other crime,Status update unavailable,
,2017-03,Sussex Police,Sussex Police,0.552637,50.871601,On or near Sydney Close,E01021019,Hastings 003E,Anti-social behaviour,,
,2017-03,Sussex Police,Sussex Police,0.550752,50.873261,On or near Coventry Road,E01021019,Hastings 003E,Anti-social behaviour,,
,2017-03,Sussex Police,Sussex Police,0.548465,50.870433,On or near Stonehouse Drive,E01021019,Hastings 003E,Anti-social behaviour,,
,2017-03,Sussex Police,Sussex Police,0.548465,50.870433,On or near Stonehouse Drive,E01021019,Hastings 003E,Anti-social behaviour,,
,2017-03,Sussex Police,Sussex Police,0.548465,50.870433,On or near Stonehouse Drive,E01021019,Hastings 003E,Anti-social behaviour,,
9c878e62537969aab8c1c69d68257cc57401006611b44e159fc531c4eb9f5641,2017-03,Sussex Police,Sussex Police,0.549860,50.874378,On or near Rymill Road,E01021019,Hastings 003E,Drugs,Status update unavailable,
86508d5edc69ed0bc652a700e16fff084ee52ac06901d2c4825f67639fbe958d,2017-03,Sussex Police,Sussex Police,0.552637,50.871601,On or near Sydney Close,E01021019,Hastings 003E,Other theft,Investigation complete; no suspect identified,
a8043d9ea5c697bf13ad8500f9995e1d9047f381c9c5c2eaecd2a6c4a74bd2bb,2017-03,Sussex Police,Sussex Police,0.547783,50.874612,On or near Marline Road,E01021019,Hastings 003E,Public order,Status update unavailable,
23bd61c887c39c3d7134633348f3322d43d6ed07e595aa4606407ab9cc841798,2017-03,Sussex Police,Sussex Police,0.547473,50.873881,On or near Larkfield Close,E01021019,Hastings 003E,Robbery,Offender sent to prison,
e7756c9ed5e22070ae2df8f7e262960c3b7da38a3ed6c5a414fa312448a19be4,2017-03,Sussex Police,Sussex Police,0.547473,50.873881,On or near Larkfield Close,E01021019,Hastings 003E,Shoplifting,Investigation complete; no suspect identified,
7f17b023cad3d40f06f63c52f68933b20209efa52125476fc5934dbfa63f5240,2017-03,Sussex Police,Sussex Police,0.547473,50.873881,On or near Larkfield Close,E01021019,Hastings 003E,Shoplifting,Investigation complete; no suspect identified,
05bc9d23895ce7685ce1efd6479962edb538d3174e7aabcd885b402a01bdd605,2017-03,Sussex Police,Sussex Police,0.547473,50.873881,On or near Larkfield Close,E01021019,Hastings 003E,Shoplifting,Investigation complete; no suspect identified,
cd86af4817cc28c53179a47b9c25e9f4bf5563f6b2daa49267586efd48184aac,2017-03,Sussex Police,Sussex Police,0.547473,50.873881,On or near Larkfield Close,E01021019,Hastings 003E,Shoplifting,Investigation complete; no suspect identified,
d398496d80d72b7344eb8399edc0449149f81389f05098b66beb58b84d208338,2017-03,Sussex Police,Sussex Police,0.548465,50.870433,On or near Stonehouse Drive,E01021019,Hastings 003E,Theft from the person,Unable to prosecute suspect,
a4df3e0ca0e3a23dd2a4a7e6ea37a7e0023451e191c431f5ecf9b61841b1dbe5,2017-03,Sussex Police,Sussex Police,0.551610,50.870247,On or near Menzies Road,E01021019,Hastings 003E,Vehicle crime,Investigation complete; no suspect identified,
2221d294df90e651062547354b71d7a3b1f193bff8eca83282c39a841ab6cb42,2017-03,Sussex Police,Sussex Police,0.547473,50.873881,On or near Larkfield Close,E01021019,Hastings 003E,Violence and sexual offences,Investigation complete; no suspect identified,
8f02c504e715e71ed03d4404f7c72cea41a441b5ba66814d844cb47b6d8077a1,2017-03,Sussex Police,Sussex Police,0.552637,50.871601,On or near Sydney Close,E01021019,Hastings 003E,Violence and sexual offences,Unable to prosecute suspect,
197dce7dbac217c7ae3a3add0f2cb4836f493c07ac5f6b3a77f7207f61606eb3,2017-03,Sussex Police,Sussex Police,0.548465,50.870433,On or near Stonehouse Drive,E01021019,Hastings 003E,Violence and sexual offences,Unable to prosecute suspect,
551ffc5262acaf294b2956f747d328ec6d2b4b6788cb8fb32ce04cdcf520015c,2017-03,Sussex Police,Sussex Police,0.547473,50.873881,On or near Larkfield Close,E01021019,Hastings 003E,Violence and sexual offences,Status update unavailable,
a8c4d4be2b8d86beed8dcb44a532e7a7efda9c5e5927a1f72de2bb9b57f21fc9,2017-03,Sussex Police,Sussex Police,0.548465,50.870433,On or near Stonehouse Drive,E01021019,Hastings 003E,Violence and sexual offences,Investigation complete; no suspect identified,
8d79a7c220c408e7d173f27ea2558689059941a7b6a9a9fde96ea2ae28730bbd,2017-03,Sussex Police,Sussex Police,0.547473,50.873881,On or near Larkfield Close,E01021019,Hastings 003E,Violence and sexual offences,Status update unavailable,
0a6d19e0c4d94af0aa8848d89c5d0fdfde7b04e21e3c4a4c68d4e9483fbcd970,2017-03,Sussex Police,Sussex Police,0.547473,50.873881,On or near Larkfield Close,E01021019,Hastings 003E,Violence and sexual offences,Investigation complete; no suspect identified,
530046dab028c5234dd1adead1d3204af20960c0aa182487334ef4b410a11b3f,2017-03,Sussex Police,Sussex Police,0.552072,50.873745,On or near Hollington Old Lane,E01021019,Hastings 003E,Violence and sexual offences,Unable to prosecute suspect,
6d0e4779d32a954065df693243f04ddf92429d262342b1c49d688724fa1ade5c,2017-03,Sussex Police,Sussex Police,0.547473,50.873881,On or near Larkfield Close,E01021019,Hastings 003E,Violence and sexual offences,Unable to prosecute suspect,
,2017-03,Sussex Police,Sussex Police,0.606422,50.874621,On or near Clifton Road,E01021004,Hastings 004A,Anti-social behaviour,,
60ee5cb9d3638c7baaee3e00589b71e86384bf57c44e1f6e352709dcadbd6e38,2017-03,Sussex Police,Sussex Police,0.625770,50.875635,On or near Parking Area,E01021004,Hastings 004A,Criminal damage and arson,Status update unavailable,
50857ebcd764a2398f9a0e010116ce732ed0ad85c0d1335880ed247ade132d0d,2017-03,Sussex Police,Sussex Police,0.608782,50.874613,On or near Old London Road,E01021004,Hastings 004A,Other theft,Investigation complete; no suspect identified,
082bfd259b27ebfbf09cc4f52bd38b4faed0cdac1494a116da4100d4980a3e3a,2017-03,Sussex Police,Sussex Police,0.611541,50.875649,On or near Sports/Recreation Area,E01021004,Hastings 004A,Other theft,Investigation complete; no suspect identified,
3a284ce3233298dee7ded0e6304bd85cd72f16c024dd7937ababd5bad358b160,2017-03,Sussex Police,Sussex Police,0.608782,50.874613,On or near Old London Road,E01021004,Hastings 004A,Other theft,Investigation complete; no suspect identified,
7c38967166e66afea5c30eeea086e7db8672ddcb4a572ee64ca2151c999df8c4,2017-03,Sussex Police,Sussex Police,0.609833,50.875876,On or near Red Lake Terrace,E01021004,Hastings 004A,Shoplifting,Investigation complete; no suspect identified,
8068791f5d20ef75e22deebcbc43669b18015d174bb814f927b18932e73d09bb,2017-03,Sussex Police,Sussex Police,0.615110,50.882009,On or near Winchelsea Lane,E01021004,Hastings 004A,Vehicle crime,Investigation complete; no suspect identified,
c269e06726df3e5e1432864d169ebd1dda772be06840b41e916a24151b52b20e,2017-03,Sussex Police,Sussex Police,0.616139,50.875770,On or near Firle Close,E01021004,Hastings 004A,Violence and sexual offences,Unable to prosecute suspect,
daa5f3163a877fdce6a2d6f40ed0d94d99c3a7b9c04b3c9756dce200b58c720e,2017-03,Sussex Police,Sussex Police,0.608782,50.874613,On or near Old London Road,E01021004,Hastings 004A,Violence and sexual offences,Unable to prosecute suspect,
74b3c84aec586948cafb80bb435dade4177c82da10122b99b07d22462df9b7a2,2017-03,Sussex Police,Sussex Police,0.616139,50.875770,On or near Firle Close,E01021004,Hastings 004A,Violence and sexual offences,Unable to prosecute suspect,
52f7f29941ff7aa44635fc635b16d03e9fbb831280cdbe44171580227be5a2bc,2017-03,Sussex Police,Sussex Police,0.611733,50.873747,On or near Nook Close,E01021004,Hastings 004A,Violence and sexual offences,Offender given conditional discharge,
822e3cbf8d4fa45587a18d74b69fbc4183ce119f2e27a1f9a3fc9de0db98aa98,2017-03,Sussex Police,Sussex Police,0.616139,50.875770,On or near Firle Close,E01021004,Hastings 004A,Violence and sexual offences,Unable to prosecute suspect,
a81e673a04fdd85154c3a49cece43909b10f3f86dfca935361b1f7b1816f9bfd,2017-03,Sussex Police,Sussex Police,0.613815,50.873862,On or near Newmans Way,E01021004,Hastings 004A,Violence and sexual offences,Investigation complete; no suspect identified,
,2017-03,Sussex Police,Sussex Police,0.611192,50.879578,On or near Churchill Avenue,E01021005,Hastings 004B,Anti-social behaviour,,
,2017-03,Sussex Police,Sussex Police,0.611192,50.879578,On or near Churchill Avenue,E01021005,Hastings 004B,Anti-social behaviour,,
,2017-03,Sussex Police,Sussex Police,0.609768,50.877757,On or near Rock Close,E01021005,Hastings 004B,Anti-social behaviour,,
,2017-03,Sussex Police,Sussex Police,0.608884,50.876958,On or near Broadlands,E01021005,Hastings 004B,Anti-social behaviour,,
,2017-03,Sussex Police,Sussex Police,0.608884,50.876958,On or near Broadlands,E01021005,Hastings 004B,Anti-social behaviour,,
c9cca3259c9359867fb60fc1583088551015907926b184715594d6d6257cf6ca,2017-03,Sussex Police,Sussex Police,0.613846,50.879240,On or near Rye Road,E01021005,Hastings 004B,Criminal damage and arson,Unable to prosecute suspect,
c7ed7db980c79ee8473dcb20088e86a7a8c43133699ff835a2501bfdb956d197,2017-03,Sussex Police,Sussex Police,0.614376,50.877042,On or near Crowborough Road,E01021005,Hastings 004B,Possession of weapons,Unable to prosecute suspect,
0705477f4f002031dfe85c9309dd1c162a819de5cd1f2dd0b73a15d48e95d0ec,2017-03,Sussex Police,Sussex Police,0.609768,50.877757,On or near Rock Close,E01021005,Hastings 004B,Public order,Status update unavailable,
4d45c5f3eebc72acca196521c2d1cf2c66d33fefcfe6ec963ed3459b4d36c286,2017-03,Sussex Police,Sussex Police,0.615529,50.876549,On or near Ditchling Drive,E01021005,Hastings 004B,Public order,Status update unavailable,
1f4a3773236d7cb7c3465259d975c6f4605b26a482828165aa708884e5788116,2017-03,Sussex Police,Sussex Police,0.611192,50.879578,On or near Churchill Avenue,E01021005,Hastings 004B,Public order,Court result unavailable,
e033d56b8ed18ae95f2884f0e87b98ffabd74b439745a3f77f7b9179b482593c,2017-03,Sussex Police,Sussex Police,0.613846,50.879240,On or near Rye Road,E01021005,Hastings 004B,Vehicle crime,Investigation complete; no suspect identified,
4d4b243bca09e42ceaa024b5b15b036fd488387df1ca0cdbcf64926211ef8bdc,2017-03,Sussex Police,Sussex Police,0.614053,50.875574,On or near Brightling Avenue,E01021005,Hastings 004B,Vehicle crime,Investigation complete; no suspect identified,
d6dfd91d6c904eee88b386e04699716acdc99c56aac02bcac1cec573a8e8ab72,2017-03,Sussex Police,Sussex Police,0.613846,50.879240,On or near Rye Road,E01021005,Hastings 004B,Violence and sexual offences,Status update unavailable,
783de5429bb3c2fffb3b63a42fc6a5d5341c08a69a15e5d73c0a1800bdd2be79,2017-03,Sussex Police,Sussex Police,0.612270,50.879032,On or near Mountbatten Close,E01021005,Hastings 004B,Violence and sexual offences,Unable to prosecute suspect,
46e1845f4280eb77021b39d3a0ff56e2931e2ab6b4a7570a542e5669098eb5ef,2017-03,Sussex Police,Sussex Police,0.613846,50.879240,On or near Rye Road,E01021005,Hastings 004B,Violence and sexual offences,Further investigation is not in the public interest,
b2f89252428d86513ae8af42dc5268049630213914d34004c29211d76d9e8c69,2017-03,Sussex Police,Sussex Police,0.614376,50.877042,On or near Crowborough Road,E01021005,Hastings 004B,Violence and sexual offences,Unable to prosecute suspect,
a1e4d7c75b26a8ad07d15058649c8998c2a8a29d8f8d4b0207abc9a5a2d27802,2017-03,Sussex Police,Sussex Police,0.611192,50.879578,On or near Churchill Avenue,E01021005,Hastings 004B,Violence and sexual offences,Unable to prosecute suspect,
,2017-03,Sussex Police,Sussex Police,0.612821,50.868290,On or near Hawthorn Road,E01021006,Hastings 004C,Anti-social behaviour,,
a439e91254090e45e88e0758de6c5f8d5c31fca28a63379a23814c46abca33f5,2017-03,Sussex Police,Sussex Police,0.607993,50.871699,On or near Old London Road,E01021006,Hastings 004C,Burglary,Unable to prosecute suspect,
43f1c204bcad415b502e6ba84dd6ec7262200e5d6cfdf16792ece7105ea2255e,2017-03,Sussex Police,Sussex Police,0.607993,50.871699,On or near Old London Road,E01021006,Hastings 004C,Criminal damage and arson,Investigation complete; no suspect identified,
f2eb16415da556a2135d0ff49a29c8652a6bdb6741c9d8e0961b59dae96fd5a7,2017-03,Sussex Police,Sussex Police,0.612821,50.868290,On or near Hawthorn Road,E01021006,Hastings 004C,Criminal damage and arson,Investigation complete; no suspect identified,
b9996d2fffb3993514e7e5477d6fe8a388349ee9c0411b4189f0c2cdba569db2,2017-03,Sussex Police,Sussex Police,0.611890,50.868418,On or near Brackendale,E01021006,Hastings 004C,Criminal damage and arson,Investigation complete; no suspect identified,
ce9038abcc7b41031bc5d53c41784e6ea7057617d398a8d000f8aedecd3484cd,2017-03,Sussex Police,Sussex Police,0.609194,50.871060,On or near Canute Road,E01021006,Hastings 004C,Criminal damage and arson,Investigation complete; no suspect identified,
a8fd25aa577ae0ab29441c6d4e412b2ce61382914f4fd5f68acfeefed2fd35a5,2017-03,Sussex Police,Sussex Police,0.608486,50.866516,On or near Shaw Close,E01021006,Hastings 004C,Other theft,Investigation complete; no suspect identified,
cf6c9b9949ba2f94007ecb073fb390a9503fc58ad0e490aacb9fc3cbc6d01268,2017-03,Sussex Police,Sussex Police,0.608486,50.866516,On or near Shaw Close,E01021006,Hastings 004C,Public order,Investigation complete; no suspect identified,
8fd972014ed85137a19bb38fe55d12701c491aaee4f50c08a24aaae5e2961907,2017-03,Sussex Police,Sussex Police,0.609194,50.871060,On or near Canute Road,E01021006,Hastings 004C,Vehicle crime,Investigation complete; no suspect identified,
9581bbf0b7ed665124ad634244d59761eaca452d628ac9b5566d5e885d3af5d6,2017-03,Sussex Police,Sussex Police,0.608486,50.866516,On or near Shaw Close,E01021006,Hastings 004C,Violence and sexual offences,Unable to prosecute suspect,
e84ff3817b8a6ea5036e4a904a75fc97034c8fcf27f5e3b3904fd3c2ff25d2ac,2017-03,Sussex Police,Sussex Police,0.610324,50.872708,On or near Lords Lane,E01021006,Hastings 004C,Violence and sexual offences,Action to be taken by another organisation,
cab18f6b38ae9a0c901120555faf2effa25491ca5ab8dfeac7f834b56aa69540,2017-03,Sussex Police,Sussex Police,0.609554,50.864522,On or near Glenview Close,E01021006,Hastings 004C,Violence and sexual offences,Status update unavailable,
,2017-03,Sussex Police,Sussex Police,0.608817,50.873200,On or near Victoria Avenue,E01021013,Hastings 004D,Anti-social behaviour,,
,2017-03,Sussex Police,Sussex Police,0.604215,50.873528,On or near Clifton Road,E01021013,Hastings 004D,Anti-social behaviour,,
f3184c29ca84a50781ae6bbfcc36a227cc7113ba37e6de7b8ffcbaaaad55639e,2017-03,Sussex Police,Sussex Police,0.602909,50.874843,On or near Coghurst Road,E01021013,Hastings 004D,Burglary,Unable to prosecute suspect,
c6b097df66f4f7015b0a39274b3c81b69dbc32a4fdc0166e40e9996ce10ab2ea,2017-03,Sussex Police,Sussex Police,0.603133,50.870692,On or near Sandown Road,E01021013,Hastings 004D,Public order,Court result unavailable,
986dd4c38d2f6fc35aeddfe0dc09f42303f581f6d1804370f2dbc1055d22da3c,2017-03,Sussex Police,Sussex Police,0.604077,50.874107,On or near Travellers Lane,E01021013,Hastings 004D,Public order,Further investigation is not in the public interest,
f179ed6bb21543794871c5720867ba3524e967a857cacc79b519da3d4bbfbd53,2017-03,Sussex Police,Sussex Police,0.601294,50.871614,On or near Valley Side Road,E01021013,Hastings 004D,Violence and sexual offences,Status update unavailable,
456f496ef4cc7513d2275ca745f6dd70a91341b6495aee0b8655e991f60b97b1,2017-03,Sussex Police,Sussex Police,0.608817,50.873200,On or near Victoria Avenue,E01021013,Hastings 004D,Violence and sexual offences,Investigation complete; no suspect identified,
405d2b83ffdc5c42572e299dab0d9acd68e109a3a60410758a39ef1c38e94552,2017-03,Sussex Police,Sussex Police,0.608817,50.873200,On or near Victoria Avenue,E01021013,Hastings 004D,Other crime,Investigation complete; no suspect identified,
,2017-03,Sussex Police,Sussex Police,0.598772,50.873047,On or near Quantock Gardens,E01020972,Hastings 005A,Anti-social behaviour,,
,2017-03,Sussex Police,Sussex Police,0.598772,50.873047,On or near Quantock Gardens,E01020972,Hastings 005A,Anti-social behaviour,,
,2017-03,Sussex Police,Sussex Police,0.598772,50.873047,On or near Quantock Gardens,E01020972,Hastings 005A,Anti-social behaviour,,
,2017-03,Sussex Police,Sussex Police,0.598772,50.873047,On or near Quantock Gardens,E01020972,Hastings 005A,Anti-social behaviour,,
,2017-03,Sussex Police,Sussex Police,0.597709,50.871307,On or near Chiltern Drive,E01020972,Hastings 005A,Anti-social behaviour,,
,2017-03,Sussex Police,Sussex Police,0.598944,50.875111,On or near Pennine Rise,E01020972,Hastings 005A,Anti-social behaviour,,
,2017-03,Sussex Police,Sussex Police,0.595496,50.879326,On or near Harkness Drive,E01020972,Hastings 005A,Anti-social behaviour,,
,2017-03,Sussex Police,Sussex Police,0.595496,50.879326,On or near Harkness Drive,E01020972,Hastings 005A,Anti-social behaviour,,
,2017-03,Sussex Police,Sussex Police,0.594395,50.878702,On or near The Ridge,E01020972,Hastings 005A,Anti-social behaviour,,
,2017-03,Sussex Police,Sussex Police,0.593537,50.870420,On or near Clement Hill Road,E01020972,Hastings 005A,Anti-social behaviour,,
,2017-03,Sussex Police,Sussex Police,0.593537,50.870420,On or near Clement Hill Road,E01020972,Hastings 005A,Anti-social behaviour,,
,2017-03,Sussex Police,Sussex Police,0.593537,50.870420,On or near Clement Hill Road,E01020972,Hastings 005A,Anti-social behaviour,,
,2017-03,Sussex Police,Sussex Police,0.593253,50.869913,On or near Fellows Road,E01020972,Hastings 005A,Anti-social behaviour,,
29a590f1e47d6b339831e65be60826fe646ff90c6c94343d81c5527f9f0ea6d0,2017-03,Sussex Police,Sussex Police,0.598772,50.873047,On or near Quantock Gardens,E01020972,Hastings 005A,Criminal damage and arson,Investigation complete; no suspect identified,
f830150f14abfd6b319439deedaabee504c4858dd2f9281e24bf22bf364a272a,2017-03,Sussex Police,Sussex Police,0.595496,50.879326,On or near Harkness Drive,E01020972,Hastings 005A,Criminal damage and arson,Investigation complete; no suspect identified,
eadeb38f1d1daaca954301a966db98fc347a89609e0a3200f45258761ace1bd6,2017-03,Sussex Police,Sussex Police,0.595846,50.871295,On or near Southdown Avenue,E01020972,Hastings 005A,Criminal damage and arson,Unable to prosecute suspect,
1116b7ae0e9e98fa263007ab738721f2959901083b4788d092211eeff997d855,2017-03,Sussex Police,Sussex Police,0.595496,50.879326,On or near Harkness Drive,E01020972,Hastings 005A,Criminal damage and arson,Investigation complete; no suspect identified,
dd2957e4bdd6bd417f77532f2bf80323732ce19d9dd8d0c49162ce33c4673c77,2017-03,Sussex Police,Sussex Police,0.595846,50.871295,On or near Southdown Avenue,E01020972,Hastings 005A,Criminal damage and arson,Investigation complete; no suspect identified,
7a0aeb1797801c5101c2781ed917c7881aad426783ba3b4ceb43f7db2b6616d7,2017-03,Sussex Police,Sussex Police,0.598944,50.875111,On or near Pennine Rise,E01020972,Hastings 005A,Criminal damage and arson,Investigation complete; no suspect identified,
0b8400aba78d5bd91e29be59957b7d7161a21af9cb3351eb62525e0cf9aa00f1,2017-03,Sussex Police,Sussex Police,0.593537,50.870420,On or near Clement Hill Road,E01020972,Hastings 005A,Other theft,Investigation complete; no suspect identified,
6d6a54b52af9946dddebc76d58431b999e0cf4dd0bc9a28e415fa64afcb8f839,2017-03,Sussex Police,Sussex Police,0.598944,50.875111,On or near Pennine Rise,E01020972,Hastings 005A,Other theft,Investigation complete; no suspect identified,
a855dbd93385bf18380306a9eec3a4af51e01aa14d09552147a6763e31c60ad4,2017-03,Sussex Police,Sussex Police,0.593253,50.869913,On or near Fellows Road,E01020972,Hastings 005A,Public order,Further investigation is not in the public interest,
d7558c5b48f89240c2c586c764041e8d787378cc66f211579180c5898539abbc,2017-03,Sussex Police,Sussex Police,0.598772,50.873047,On or near Quantock Gardens,E01020972,Hastings 005A,Public order,Unable to prosecute suspect,
fd8f19829ff3f92861dbf89ef0a3740e4dea51d5fa950107d5cfba40593d9dd3,2017-03,Sussex Police,Sussex Police,0.598772,50.873047,On or near Quantock Gardens,E01020972,Hastings 005A,Public order,Status update unavailable,
71065415f650404ee83c5f0021bbd059ae784590645e9fa6b0b82ffed85bd9a7,2017-03,Sussex Police,Sussex Police,0.598944,50.875111,On or near Pennine Rise,E01020972,Hastings 005A,Public order,Further investigation is not in the public interest,
de0780f3783d43b881218433883a45b59fb00e070286ac81e06533f901338962,2017-03,Sussex Police,Sussex Police,0.594395,50.878702,On or near The Ridge,E01020972,Hastings 005A,Public order,Status update unavailable,
de60af5d1139f128c6aac66c12cb57856e21f2a7804ae86036cb3dba53500e9e,2017-03,Sussex Police,Sussex Police,0.598944,50.875111,On or near Pennine Rise,E01020972,Hastings 005A,Public order,Unable to prosecute suspect,
30a3c64f1aede4b13210a0adb6292274aa354bd0057e333f7a1fa27b2d4a5937,2017-03,Sussex Police,Sussex Police,0.593253,50.869913,On or near Fellows Road,E01020972,Hastings 005A,Vehicle crime,Investigation complete; no suspect identified,
86d92a8857cf2222d5efe2bc18fc4d1353451dfb8140c24e3155f2dbbdbf7729,2017-03,Sussex Police,Sussex Police,0.598772,50.873047,On or near Quantock Gardens,E01020972,Hastings 005A,Violence and sexual offences,Unable to prosecute suspect,
872a3f1faf688f6420e13edd2c6d5eda91fc079cf96655cf0b2d52c317df0b1f,2017-03,Sussex Police,Sussex Police,0.596670,50.871546,On or near Brendon Rise,E01020972,Hastings 005A,Violence and sexual offences,Offender given a caution,
66fa0913d541cc776de6de65d5219a4b21a516941e46aef65ebe6b5b44f90653,2017-03,Sussex Police,Sussex Police,0.595846,50.871295,On or near Southdown Avenue,E01020972,Hastings 005A,Violence and sexual offences,Unable to prosecute suspect,
9449d8067795349cbc6c451f960612008aee282266213418b0afb5310271c799,2017-03,Sussex Police,Sussex Police,0.597709,50.871307,On or near Chiltern Drive,E01020972,Hastings 005A,Violence and sexual offences,Unable to prosecute suspect,
d1c1e55c98bd5553a05d01dd59b7e97cf0ccc9de698c76c2050ce254ac74b44e,2017-03,Sussex Police,Sussex Police,0.593537,50.870420,On or near Clement Hill Road,E01020972,Hastings 005A,Violence and sexual offences,Further investigation is not in the public interest,
31cbb525da060331d8e94975b40102727576c8b0612cbfcf98674ed4311c51bc,2017-03,Sussex Police,Sussex Police,0.596670,50.871546,On or near Brendon Rise,E01020972,Hastings 005A,Violence and sexual offences,Unable to prosecute suspect,
e9ab79df4e08c5195e96b4378b8bace28107fa940f62e48e77bd98bdfd600099,2017-03,Sussex Police,Sussex Police,0.597514,50.874442,On or near Malvern Way,E01020972,Hastings 005A,Violence and sexual offences,Unable to prosecute suspect,
9b2105fcad8d451e1e65c27de86b0ba48e715f8c91273a3db2122ff9a8fd07b6,2017-03,Sussex Police,Sussex Police,0.597709,50.871307,On or near Chiltern Drive,E01020972,Hastings 005A,Violence and sexual offences,Unable to prosecute suspect,
c59d623b79e9824f2219f7aab6c374a95c955b8fa62f912124299710233b8974,2017-03,Sussex Police,Sussex Police,0.598772,50.873047,On or near Quantock Gardens,E01020972,Hastings 005A,Violence and sexual offences,Status update unavailable,
,2017-03,Sussex Police,Sussex Police,0.585589,50.871397,On or near Scutes Close,E01020973,Hastings 005B,Anti-social behaviour,,
,2017-03,Sussex Police,Sussex Police,0.587449,50.870087,On or near Linley Close,E01020973,Hastings 005B,Anti-social behaviour,,
,2017-03,Sussex Police,Sussex Police,0.584327,50.867341,On or near Brookland Close,E01020973,Hastings 005B,Anti-social behaviour,,
,2017-03,Sussex Police,Sussex Police,0.582644,50.868530,On or near Elphinstone Avenue,E01020973,Hastings 005B,Anti-social behaviour,,
,2017-03,Sussex Police,Sussex Police,0.587765,50.866285,On or near Hughenden Road,E01020973,Hastings 005B,Anti-social behaviour,,
,2017-03,Sussex Police,Sussex Police,0.587765,50.866285,On or near Hughenden Road,E01020973,Hastings 005B,Anti-social behaviour,,
,2017-03,Sussex Police,Sussex Police,0.587765,50.866285,On or near Hughenden Road,E01020973,Hastings 005B,Anti-social behaviour,,
,2017-03,Sussex Police,Sussex Police,0.587765,50.866285,On or near Hughenden Road,E01020973,Hastings 005B,Anti-social behaviour,,
,2017-03,Sussex Police,Sussex Police,0.590209,50.868335,On or near Firtree Road,E01020973,Hastings 005B,Anti-social behaviour,,
3d6c0c70e9dc62a07ae1eed6668b5037a71b7c74289fdc6cd66296390b921030,2017-03,Sussex Police,Sussex Police,0.587765,50.866285,On or near Hughenden Road,E01020973,Hastings 005B,Bicycle theft,Investigation complete; no suspect identified,
075f5bdab73c2d3165b36592ec58f058ecf7f062665dc230171ecf7e08ac1b01,2017-03,Sussex Police,Sussex Police,0.587449,50.870087,On or near Linley Close,E01020973,Hastings 005B,Criminal damage and arson,Unable to prosecute suspect,
41134749306f237ba2b07fcddad6c72fe158dfde2adaade9e4a4564bb98b5c64,2017-03,Sussex Police,Sussex Police,0.587765,50.866285,On or near Hughenden Road,E01020973,Hastings 005B,Criminal damage and arson,Investigation complete; no suspect identified,
fb458032d6bd9bb3211edcd1b9eabb85be3398b03e2085e8ee2b97d0f7779d14,2017-03,Sussex Police,Sussex Police,0.588642,50.871338,On or near Ravine Close,E01020973,Hastings 005B,Drugs,Offender given a drugs possession warning,
1e9270b64eb8a7147f281854f0eef31eafe1432f4ef0849bb4c8b4c433eb2308,2017-03,Sussex Police,Sussex Police,0.587449,50.870087,On or near Linley Close,E01020973,Hastings 005B,Other theft,Investigation complete; no suspect identified,
1cf95e8b219f8c7de2649d588b7c5d792481b2383faa0d97053f8ad0f450997c,2017-03,Sussex Police,Sussex Police,0.589331,50.870693,On or near Linley Drive,E01020973,Hastings 005B,Public order,Further investigation is not in the public interest,
99e1e4e634996674fd754ca1b56caa2036e3d9921efedbc0f0dfc877774bad52,2017-03,Sussex Police,Sussex Police,0.590326,50.869934,On or near Parker Road,E01020973,Hastings 005B,Robbery,Investigation complete; no suspect identified,
53c80b6d0cf3ba0682d337e77f7ae868f362422137dc4157074724dcbb6a1773,2017-03,Sussex Police,Sussex Police,0.590326,50.869934,On or near Parker Road,E01020973,Hastings 005B,Robbery,Investigation complete; no suspect identified,
114daa5fed694aa5a6b7bde3d143c6d66514423472cfa2a0536f353481e94a82,2017-03,Sussex Police,Sussex Police,0.587765,50.866285,On or near Hughenden Road,E01020973,Hastings 005B,Shoplifting,Offender given suspended prison sentence,
ee3ecdee03cf85acd5d677e7aa25257d0a1c31b17a3f88b4886ef4bd693b2eec,2017-03,Sussex Police,Sussex Police,0.584241,50.868881,On or near Waldene Close,E01020973,Hastings 005B,Vehicle crime,Investigation complete; no suspect identified,
119ab5cea44f6a122169cd2b0e1b4ee24963ded1456ea21dda63297818720c61,2017-03,Sussex Police,Sussex Police,0.590326,50.869934,On or near Parker Road,E01020973,Hastings 005B,Violence and sexual offences,Unable to prosecute suspect,
718a82dfd8374618947910572f7714fcf5c405eb94df083dd67b91bae37b75fb,2017-03,Sussex Police,Sussex Police,0.587765,50.866285,On or near Hughenden Road,E01020973,Hastings 005B,Violence and sexual offences,Unable to prosecute suspect,
312b4a11b1a6d9a5a5cfecbfb9d1f3b448c97f7de3b0a155a047af07f39edc18,2017-03,Sussex Police,Sussex Police,0.587765,50.866285,On or near Hughenden Road,E01020973,Hastings 005B,Violence and sexual offences,Unable to prosecute suspect,
9e02c8d3baee8df1bd6577c10065c6128f8d168f615dc2d4185827fe4d8c12fa,2017-03,Sussex Police,Sussex Police,0.590326,50.869934,On or near Parker Road,E01020973,Hastings 005B,Violence and sexual offences,Unable to prosecute suspect,
b010a27ba08a51356e5b0cb44f9a1a06fbe0c3310573f7bb3d1122b27e601863,2017-03,Sussex Police,Sussex Police,0.590326,50.869934,On or near Parker Road,E01020973,Hastings 005B,Violence and sexual offences,Investigation complete; no suspect identified,
223d2d501ae20ed5adf48a9248c74ee0e1e8c322cdcc047b7573d24cbf1f6d3f,2017-03,Sussex Police,Sussex Police,0.589331,50.870693,On or near Linley Drive,E01020973,Hastings 005B,Violence and sexual offences,Formal action is not in the public interest,
cbf84f9f7ff40ced8bddbc06780f6adab22d55ffe3dcb1f061e8c627c869c80d,2017-03,Sussex Police,Sussex Police,0.590326,50.869934,On or near Parker Road,E01020973,Hastings 005B,Violence and sexual offences,Unable to prosecute suspect,
b43e4c11413ff0cafc72bc24eafac71ef7fd098fd28b4b7d253745bc10a34ddd,2017-03,Sussex Police,Sussex Police,0.583954,50.865991,On or near Hughenden Place,E01020977,Hastings 005C,Burglary,Investigation complete; no suspect identified,
cdeb024c7a932c16ec6cf15499fd2712c6a01754a7bcc040af6813ce83234c94,2017-03,Sussex Police,Sussex Police,0.582690,50.865246,On or near Elphinstone Road,E01020977,Hastings 005C,Criminal damage and arson,Investigation complete; no suspect identified,
4096d45f03889a7b7efa6880408b913306497dbf6597316870ab10adddb0bc3d,2017-03,Sussex Police,Sussex Police,0.582690,50.865246,On or near Elphinstone Road,E01020977,Hastings 005C,Drugs,Offender given a caution,
1486943a1dfe75bb4328e8e5b51d78fe977d91960208c3a054152625f06f9fd9,2017-03,Sussex Police,Sussex Police,0.588089,50.865468,On or near Manor Road,E01020977,Hastings 005C,Other theft,Unable to prosecute suspect,
451689820fe63b4042a07d3446408e59f3e9d5d0229054fc74e692bc8ec03968,2017-03,Sussex Police,Sussex Police,0.588089,50.865468,On or near Manor Road,E01020977,Hastings 005C,Public order,Unable to prosecute suspect,
3b0518691de0ff0fa2a14a4d6988b162625caa1041c73cda560826681f4c8171,2017-03,Sussex Police,Sussex Police,0.582690,50.865246,On or near Elphinstone Road,E01020977,Hastings 005C,Violence and sexual offences,Unable to prosecute suspect,
7dba407f4548c9a95a1cb83343bf4b3f0eb2d25e8693beacc0d375270e1fa953,2017-03,Sussex Police,Sussex Police,0.588683,50.865680,On or near Mount Pleasant Road,E01020977,Hastings 005C,Violence and sexual offences,Unable to prosecute suspect,
39e902d925a015ee5d47ad934336cdb40762b8c0f9eecd74d9a5ca5857707d13,2017-03,Sussex Police,Sussex Police,0.588089,50.865468,On or near Manor Road,E01020977,Hastings 005C,Violence and sexual offences,Unable to prosecute suspect,
33a1d9c4f248f0d3fd2863c988f8925928b60e8b5741b4491d8cbd2c8c836297,2017-03,Sussex Police,Sussex Police,0.585892,50.865580,On or near Mount Pleasant Road,E01020977,Hastings 005C,Other crime,Offender given community sentence,
,2017-03,Sussex Police,Sussex Police,0.599581,50.871230,On or near Waterside Close,E01021015,Hastings 005D,Anti-social behaviour,,
,2017-03,Sussex Police,Sussex Police,0.599581,50.871230,On or near Waterside Close,E01021015,Hastings 005D,Anti-social behaviour,,
,2017-03,Sussex Police,Sussex Police,0.599563,50.867587,On or near North Terrace,E01021015,Hastings 005D,Anti-social behaviour,,
,2017-03,Sussex Police,Sussex Police,0.598528,50.866099,On or near Robertsons Hill,E01021015,Hastings 005D,Anti-social behaviour,,
,2017-03,Sussex Police,Sussex Police,0.595612,50.865292,On or near Egremont Place,E01021015,Hastings 005D,Anti-social behaviour,,
6315f5ef63a528bcb83adef04229a361f6cbc1fdcac3367af3a85c8ee3d971d1,2017-03,Sussex Police,Sussex Police,0.598528,50.866099,On or near Robertsons Hill,E01021015,Hastings 005D,Criminal damage and arson,Investigation complete; no suspect identified,
dd8f1aa876e1aa6a2dafb83cc1a11770a7d99701c7d0ec8c8fd340a3961ad924,2017-03,Sussex Police,Sussex Police,0.595968,50.868126,On or near Hurrell Road,E01021015,Hastings 005D,Criminal damage and arson,Unable to prosecute suspect,
f03d74820769cce08787bf1cd09d48d00c9f034042a9bec3f928652426b30313,2017-03,Sussex Police,Sussex Police,0.595968,50.868126,On or near Hurrell Road,E01021015,Hastings 005D,Criminal damage and arson,Offender given community sentence,
8ffdd5f9bb281f7fa74a1a910eb5eebe1b732356bc83bf44a832ca5c0ef6c966,2017-03,Sussex Police,Sussex Police,0.595968,50.868126,On or near Hurrell Road,E01021015,Hastings 005D,Possession of weapons,Status update unavailable,
0a820fe2f7056aa0c4c4659ee2a7acbe1661070d1f8a008fb0bcbd00bf3823ce,2017-03,Sussex Police,Sussex Police,0.596543,50.866449,On or near West View,E01021015,Hastings 005D,Public order,Unable to prosecute suspect,
9a6506eefac9fb0d3eb35f56e0334ef099a4b3d5f9b1c495e280cc82f7d98edf,2017-03,Sussex Police,Sussex Police,0.597912,50.868317,On or near Farley Bank,E01021015,Hastings 005D,Public order,Investigation complete; no suspect identified,
3dfdf1bd31958580914b18cf69c6ff8781f5b0c9b996578c107126ea4d807219,2017-03,Sussex Police,Sussex Police,0.598528,50.866099,On or near Robertsons Hill,E01021015,Hastings 005D,Public order,Unable to prosecute suspect,
3c33384a36772681e76b0175353c9939c3e90742907577fadc9b61f0982465e5,2017-03,Sussex Police,Sussex Police,0.599480,50.867886,On or near Ann Street,E01021015,Hastings 005D,Robbery,Investigation complete; no suspect identified,
661f6b8895453d4b95e4664d167e2ad963c26a88d912ff3d8ae4543ddb41a918,2017-03,Sussex Police,Sussex Police,0.599563,50.867587,On or near North Terrace,E01021015,Hastings 005D,Vehicle crime,Unable to prosecute suspect,
f3793f8bfdae20824d8bc3c0661e5bfc2c7ef2db25574b92a466680eddf1cb37,2017-03,Sussex Police,Sussex Police,0.597912,50.868317,On or near Farley Bank,E01021015,Hastings 005D,Violence and sexual offences,Unable to prosecute suspect,
6b33177b8498ce9cf5e5b5e2553422753a85e0f34542ced25c4a5dfedceac91d,2017-03,Sussex Police,Sussex Police,0.599480,50.867886,On or near Ann Street,E01021015,Hastings 005D,Violence and sexual offences,Investigation complete; no suspect identified,
44de0215dec57e9da5599de1cd45bc179047739f872e116f3df5fa434fddbd9d,2017-03,Sussex Police,Sussex Police,0.597912,50.868317,On or near Farley Bank,E01021015,Hastings 005D,Violence and sexual offences,Unable to prosecute suspect,
54372ede9f595fc9e93d9f3762f6867af3d083a11ddb7ff4db6b7504a92fa2e5,2017-03,Sussex Police,Sussex Police,0.597912,50.868317,On or near Farley Bank,E01021015,Hastings 005D,Violence and sexual offences,Offender given a caution,
64ba7024d182485ea1472feaa7c63ab9c4147e0b20edd530e393bace6065fdd5,2017-03,Sussex Police,Sussex Police,0.595968,50.868126,On or near Hurrell Road,E01021015,Hastings 005D,Violence and sexual offences,Unable to prosecute suspect,
38803024d8664652f54470db76a776cc7c94074173d5ab98ed9005f0d2b51205,2017-03,Sussex Police,Sussex Police,0.599772,50.870587,On or near Deepdene Gardens,E01021015,Hastings 005D,Violence and sexual offences,Offender fined,
e87833c70efe6a1d6da41f2f3b937b5a3621559063be37a9ab31bf83634c2565,2017-03,Sussex Police,Sussex Police,0.595968,50.868126,On or near Hurrell Road,E01021015,Hastings 005D,Violence and sexual offences,Unable to prosecute suspect,
057af7d03c70d15b1ccbae569088c999f5274b8aa2de5a8adb05a24b5acd8d01,2017-03,Sussex Police,Sussex Police,0.597912,50.868317,On or near Farley Bank,E01021015,Hastings 005D,Violence and sexual offences,Investigation complete; no suspect identified,
05be810a5b044b7b3450ffce6c2433a65b8120fc1a12c3e9638d1221591ea711,2017-03,Sussex Police,Sussex Police,0.599772,50.870587,On or near Deepdene Gardens,E01021015,Hastings 005D,Other crime,Investigation complete; no suspect identified,
91aefbbf6475af9669e5252f5ea3ed2b0c40426b0911fccaa5c461b142cef756,2017-03,Sussex Police,Sussex Police,0.599480,50.867886,On or near Ann Street,E01021015,Hastings 005D,Other crime,Unable to prosecute suspect,
,2017-03,Sussex Police,Sussex Police,0.555432,50.872295,On or near Perth Road,E01021010,Hastings 006A,Anti-social behaviour,,
,2017-03,Sussex Police,Sussex Police,0.553775,50.872925,On or near Battle Road,E01021010,Hastings 006A,Anti-social behaviour,,
,2017-03,Sussex Police,Sussex Police,0.553775,50.872925,On or near Battle Road,E01021010,Hastings 006A,Anti-social behaviour,,
434b8ec6dfd57a30da178db93608313f9aa470e416feb09d9e7d7b0a1884be2d,2017-03,Sussex Police,Sussex Police,0.553775,50.872925,On or near Battle Road,E01021010,Hastings 006A,Criminal damage and arson,Investigation complete; no suspect identified,
d95e5c70310b01263ae6646ddc01edf6404724d21464382d6da784a34c4d6a25,2017-03,Sussex Police,Sussex Police,0.553775,50.872925,On or near Battle Road,E01021010,Hastings 006A,Criminal damage and arson,Unable to prosecute suspect,
21634ee61eb2b75d119dd4bca768a02344e9994814b743d57e77f72094131df8,2017-03,Sussex Police,Sussex Police,0.553775,50.872925,On or near Battle Road,E01021010,Hastings 006A,Drugs,Offender given community sentence,
e16662a1867f3c6eaed42ee2bf1cbcc1e4d35bb8124c7202c67f163cac0d1dba,2017-03,Sussex Police,Sussex Police,0.560806,50.875937,On or near St Helen'S Road,E01021010,Hastings 006A,Public order,Local resolution,
07c6ccae9b2593b79eff80fc16bcbf620500981995c907b0446a105fe117d9c2,2017-03,Sussex Police,Sussex Police,0.552843,50.874330,On or near Old Harrow Road,E01021010,Hastings 006A,Robbery,Unable to prosecute suspect,
7a32d955fa09aa6dd05f3039e84f9ce1a316c2f83ad1cbc4aaad9a84814226ec,2017-03,Sussex Police,Sussex Police,0.559515,50.871837,On or near Briers Avenue,E01021010,Hastings 006A,Vehicle crime,Investigation complete; no suspect identified,
8a1f722aded277ba9812fd91e13537c46cb13d0f5449535e7900d63643b58dc9,2017-03,Sussex Police,Sussex Police,0.555432,50.872295,On or near Perth Road,E01021010,Hastings 006A,Violence and sexual offences,Unable to prosecute suspect,
8a9c7e4aafb4bd45e374fca9a79b18aff2c7230ac77faa3b03794812727a57ee,2017-03,Sussex Police,Sussex Police,0.553775,50.872925,On or near Battle Road,E01021010,Hastings 006A,Violence and sexual offences,Investigation complete; no suspect identified,
,2017-03,Sussex Police,Sussex Police,0.560180,50.870473,On or near Burry Road,E01021011,Hastings 006B,Anti-social behaviour,,
,2017-03,Sussex Police,Sussex Police,0.556546,50.871344,On or near Paynton Road,E01021011,Hastings 006B,Anti-social behaviour,,
,2017-03,Sussex Police,Sussex Police,0.556201,50.867907,On or near Supermarket,E01021011,Hastings 006B,Anti-social behaviour,,
,2017-03,Sussex Police,Sussex Police,0.556311,50.870423,On or near Duke Road,E01021011,Hastings 006B,Anti-social behaviour,,
,2017-03,Sussex Police,Sussex Police,0.556008,50.868793,On or near Petrol Station,E01021011,Hastings 006B,Anti-social behaviour,,
,2017-03,Sussex Police,Sussex Police,0.555656,50.869106,On or near Silverlands Road,E01021011,Hastings 006B,Anti-social behaviour,,
,2017-03,Sussex Police,Sussex Police,0.554546,50.871685,On or near Battle Road,E01021011,Hastings 006B,Anti-social behaviour,,
a48047d0e3a3179b72af4d2773a66c61b13a52d55a3cbbcc957298c8bc779ea1,2017-03,Sussex Police,Sussex Police,0.556471,50.867901,On or near Rochester Road,E01021011,Hastings 006B,Burglary,Unable to prosecute suspect,
ee52cb81bacd990fdd9c54d1cf9037b738661b3b65b534ad104a20f36446e82d,2017-03,Sussex Police,Sussex Police,0.556008,50.868793,On or near Petrol Station,E01021011,Hastings 006B,Other theft,Investigation complete; no suspect identified,
e07cdb55415b191beb91482ab33e2b7f2b1a9648a4228e09e037784ec139463c,2017-03,Sussex Police,Sussex Police,0.556201,50.867907,On or near Supermarket,E01021011,Hastings 006B,Shoplifting,Court result unavailable,
33923ec77e2f627fa3cf903ffeb4ada9cddd3ad6ab84df361ee7d6bd5772eca4,2017-03,Sussex Police,Sussex Police,0.556311,50.870423,On or near Duke Road,E01021011,Hastings 006B,Violence and sexual offences,Unable to prosecute suspect,
2aa65f20815334e79bf710b098518eec1b0199d8687731aef6f7ab8ce1c3139c,2017-03,Sussex Police,Sussex Police,0.559231,50.869756,On or near Alma Villas,E01021011,Hastings 006B,Violence and sexual offences,Status update unavailable,
036a8ee17c118c94f3db2fe62a6d3ef1575d9473cb71dac3e5b28a13207207d0,2017-03,Sussex Police,Sussex Police,0.556201,50.867907,On or near Supermarket,E01021011,Hastings 006B,Violence and sexual offences,Offender given community sentence,
46aa63e763c9cf5998214bbdd45eaa0bede14d08f69819708239cfa561e5d336,2017-03,Sussex Police,Sussex Police,0.556104,50.869771,On or near Duke Mews,E01021011,Hastings 006B,Violence and sexual offences,Investigation complete; no suspect identified,
9c8f83b7f522ae61a2bb022bda068f4ac7698a16c1a814fefee8421dfc38cd8d,2017-03,Sussex Police,Sussex Police,0.556471,50.867901,On or near Rochester Road,E01021011,Hastings 006B,Violence and sexual offences,Unable to prosecute suspect,
24e2f6e52cfb9c41677272fbf0782c7ec331ba4de362f437589da6b14d8bb11c,2017-03,Sussex Police,Sussex Police,0.556008,50.868793,On or near Petrol Station,E01021011,Hastings 006B,Other crime,Status update unavailable,
,2017-03,Sussex Police,Sussex Police,0.556554,50.862395,On or near Buchannan Gardens,E01021012,Hastings 006C,Anti-social behaviour,,
,2017-03,Sussex Police,Sussex Police,0.555766,50.862277,On or near Springfield Valley Road,E01021012,Hastings 006C,Anti-social behaviour,,
d47a4c9bc37b8cefd7a451e7b8ca11229e7d4da9162164145fc0627b1acb7968,2017-03,Sussex Police,Sussex Police,0.556674,50.864344,On or near St Matthew'S Drive,E01021012,Hastings 006C,Burglary,Investigation complete; no suspect identified,
cb0bede44c1673c94e73f3b24f264aebf301f40e364368c4c2f5f77d6f4191bd,2017-03,Sussex Police,Sussex Police,0.556088,50.866353,On or near London Road,E01021012,Hastings 006C,Criminal damage and arson,Investigation complete; no suspect identified,
5bb627d30f838bd50232c077c202ccfad52ddf69d84ef950fefd7cbcf2959cda,2017-03,Sussex Police,Sussex Police,0.556088,50.866353,On or near London Road,E01021012,Hastings 006C,Criminal damage and arson,Investigation complete; no suspect identified,
8591c466307b56adef5ece74a09e1ae59e0cce2bad1d766660e4da541cee297b,2017-03,Sussex Police,Sussex Police,0.569336,50.865082,On or near Lower Park Road,E01021012,Hastings 006C,Public order,Status update unavailable,
6610f7d2410dd684f542317d2f959a87b491c53a84aabe8690fef25735ba0050,2017-03,Sussex Police,Sussex Police,0.555494,50.867446,On or near Sedlescombe Road South,E01021012,Hastings 006C,Violence and sexual offences,Status update unavailable,
6c17dcd10688cff6218a2ecf1c8e9e208d2b875cc4878d2649e82d3cbb3a37a3,2017-03,Sussex Police,Sussex Police,0.556531,50.868215,On or near Chatham Road,E01021012,Hastings 006C,Violence and sexual offences,Unable to prosecute suspect,
,2017-03,Sussex Police,Sussex Police,0.546817,50.872537,On or near Bristol Road,E01021020,Hastings 006D,Anti-social behaviour,,
,2017-03,Sussex Police,Sussex Police,0.546281,50.873395,On or near Blackman Avenue,E01021020,Hastings 006D,Anti-social behaviour,,
44cb7e20cfefaebe5434c9a48c4d7e4c9c5a3f5d1af6fd094d85c7c556297605,2017-03,Sussex Police,Sussex Police,0.542822,50.871482,On or near Chambers Road,E01021020,Hastings 006D,Burglary,Investigation complete; no suspect identified,
00d7d9769e9e2fcc8ad3e65d7615dee492ad802df25e2d6cd69e08b3a47ba5bb,2017-03,Sussex Police,Sussex Police,0.542315,50.870513,On or near Ford Road,E01021020,Hastings 006D,Criminal damage and arson,Unable to prosecute suspect,
d8d38f665274d51b192a184efb0f56f2f2250abd1daef553e9fbcd1caa53ad4a,2017-03,Sussex Police,Sussex Police,0.542499,50.871552,On or near Chambers Crescent,E01021020,Hastings 006D,Criminal damage and arson,Offender given conditional discharge,
a80139c9ec65fce081286bc35173e3dfbd4225fd82754e05d10c87809cd7eb4b,2017-03,Sussex Police,Sussex Police,0.540006,50.870662,On or near Wishing Tree Road,E01021020,Hastings 006D,Criminal damage and arson,Investigation complete; no suspect identified,
55b14d645400b01b5fc70494697481af788f23c0de0f1c9c22f48f2985c4ba46,2017-03,Sussex Police,Sussex Police,0.540006,50.870662,On or near Wishing Tree Road,E01021020,Hastings 006D,Other theft,Investigation complete; no suspect identified,
fdd562429b6aa4145f21ec19844d7ee2d128e5a98f553d6a6879dd75f40e606b,2017-03,Sussex Police,Sussex Police,0.547364,50.871869,On or near Lewis Road,E01021020,Hastings 006D,Other theft,Unable to prosecute suspect,
4b5893a87be40f3846a7ae69e8bc6c82c3b0b3cd29bd066cea1f8173ccb1bd48,2017-03,Sussex Police,Sussex Police,0.541351,50.867944,On or near Ironlatch Avenue,E01021020,Hastings 006D,Other theft,Investigation complete; no suspect identified,
eb69ca858193e60b88c07f66f6d4f5c17d816626c86a9c28f8ccd1c4d5fb0319,2017-03,Sussex Police,Sussex Police,0.541351,50.867944,On or near Ironlatch Avenue,E01021020,Hastings 006D,Other theft,Investigation complete; no suspect identified,
fe0d1359362b11f4a960153a9f2d4294f8c20c3824df255df418e159ecea3f18,2017-03,Sussex Police,Sussex Police,0.540006,50.870662,On or near Wishing Tree Road,E01021020,Hastings 006D,Public order,Investigation complete; no suspect identified,
321357edb002b7a0b31154209dba4c721baba5444dc84ad84540be08a2fab3de,2017-03,Sussex Police,Sussex Police,0.546281,50.873395,On or near Blackman Avenue,E01021020,Hastings 006D,Public order,Unable to prosecute suspect,
a55764ea452d850e52b0748513f984b15bad53be1179e9dd812f66b6f2ae79f2,2017-03,Sussex Police,Sussex Police,0.546281,50.873395,On or near Blackman Avenue,E01021020,Hastings 006D,Violence and sexual offences,Unable to prosecute suspect,
68b40bfc0fd7afc6586016a26322adc06d46aabadd49f8e9299f4eaf3bd3c6c5,2017-03,Sussex Police,Sussex Police,0.540006,50.870662,On or near Wishing Tree Road,E01021020,Hastings 006D,Violence and sexual offences,Unable to prosecute suspect,
fc90f219cb374ec1d964fd22adc8cc9970ea174b465ff9271dbdbd275c85baff,2017-03,Sussex Police,Sussex Police,0.546281,50.873395,On or near Blackman Avenue,E01021020,Hastings 006D,Violence and sexual offences,Unable to prosecute suspect,
170e4e76653884b47f2a00598bd3bfea530f50246affa3e281d4df9ed75519ba,2017-03,Sussex Police,Sussex Police,0.546281,50.873395,On or near Blackman Avenue,E01021020,Hastings 006D,Violence and sexual offences,Further investigation is not in the public interest,
66a3d078767b979ae1e6dc0e2c6d2439ffb0491960a2d55ab57547b5f630f0c1,2017-03,Sussex Police,Sussex Police,0.546281,50.873395,On or near Blackman Avenue,E01021020,Hastings 006D,Violence and sexual offences,Offender given a caution,
36216eb6fe96ecd1a050f321a46a25c5edcea55c6647a54e282d4c44574c4964,2017-03,Sussex Police,Sussex Police,0.539166,50.870114,On or near Swallow Bank,E01021020,Hastings 006D,Violence and sexual offences,Court case unable to proceed,
00e243ce1ff5a935e402a28a74ef1b36e42209d33ab58d9f853976d80e3df99b,2017-03,Sussex Police,Sussex Police,0.542315,50.870513,On or near Ford Road,E01021020,Hastings 006D,Violence and sexual offences,Unable to prosecute suspect,
ccb3fc29b239ee7f70ee4c336526e34cc5f206d5657406fc1c994590dd53d34f,2017-03,Sussex Police,Sussex Police,0.541104,50.870207,On or near Redgeland Rise,E01021020,Hastings 006D,Violence and sexual offences,Further investigation is not in the public interest,
a90dc86c5565a6f8bb054fa78b765d7de8571c35e36697ae3796caa959dee47d,2017-03,Sussex Police,Sussex Police,0.547364,50.871869,On or near Lewis Road,E01021020,Hastings 006D,Violence and sexual offences,Local resolution,
aba948d31ecd5f57d545a9bef953cdcd01ceeaccdd486ffe22e5cf6d770655d4,2017-03,Sussex Police,Sussex Police,0.542499,50.871552,On or near Chambers Crescent,E01021020,Hastings 006D,Other crime,Unable to prosecute suspect,
,2017-03,Sussex Police,Sussex Police,0.553719,50.867224,On or near Ponswood Road,E01021021,Hastings 006E,Anti-social behaviour,,
,2017-03,Sussex Police,Sussex Police,0.547289,50.865296,On or near Arbourvale,E01021021,Hastings 006E,Anti-social behaviour,,
,2017-03,Sussex Police,Sussex Police,0.547289,50.865296,On or near Arbourvale,E01021021,Hastings 006E,Anti-social behaviour,,
,2017-03,Sussex Police,Sussex Police,0.545988,50.866709,On or near Bluebell Gardens,E01021021,Hastings 006E,Anti-social behaviour,,
,2017-03,Sussex Police,Sussex Police,0.541301,50.865984,On or near Gillsman'S Drive,E01021021,Hastings 006E,Anti-social behaviour,,
87851bb9cfd740939d3c9e4dd7655764aa78e8629fe4fbb0194293469c79e293,2017-03,Sussex Police,Sussex Police,0.553719,50.867224,On or near Ponswood Road,E01021021,Hastings 006E,Bicycle theft,Investigation complete; no suspect identified,
63f65f6216b63b2646ab9a36ed9769a2d27144bccbead64820a0c12730e5a018,2017-03,Sussex Police,Sussex Police,0.553719,50.867224,On or near Ponswood Road,E01021021,Hastings 006E,Criminal damage and arson,Local resolution,
4f35cceb45542ab9bc339338fe7eaf7ea0bbde86dcc7ac69e7904d66615f9d10,2017-03,Sussex Police,Sussex Police,0.545773,50.867200,On or near Snowdrop Rise,E01021021,Hastings 006E,Criminal damage and arson,Investigation complete; no suspect identified,
e9502d31ecde39495210ff6caf76505beae3001a886c5e31adafaf965ebd7a86,2017-03,Sussex Police,Sussex Police,0.545301,50.864530,On or near Gillsman'S Hill,E01021021,Hastings 006E,Drugs,Offender given a drugs possession warning,
9fd3a20a8de90b2f2c7c49cf7efae5d5190c868254bf49f21d4a32dc6be69238,2017-03,Sussex Police,Sussex Police,0.551197,50.865012,On or near Hollybank Gardens,E01021021,Hastings 006E,Other theft,Investigation complete; no suspect identified,
5d8d98ccdb0eac33579035381a3d00b566d3e264190bbeb0adf6dcdba0e5cd7c,2017-03,Sussex Police,Sussex Police,0.553719,50.867224,On or near Ponswood Road,E01021021,Hastings 006E,Possession of weapons,Unable to prosecute suspect,
8f233c454b3871c08d801e41b63e8e539b8dc2b7aa034d0e3adad52190058603,2017-03,Sussex Police,Sussex Police,0.545773,50.867200,On or near Snowdrop Rise,E01021021,Hastings 006E,Public order,Unable to prosecute suspect,
6c7b22de5cd4b37bde68d12f4c79d21ab1e1790d57395dc516ebbdf8d21074ab,2017-03,Sussex Police,Sussex Police,0.553577,50.865392,On or near Sedlescombe Road South,E01021021,Hastings 006E,Public order,Unable to prosecute suspect,
18a183337254ccdaf7ca2b362ec666871c2b1a6f0dbd18360e208a3443b9d6bf,2017-03,Sussex Police,Sussex Police,0.553719,50.867224,On or near Ponswood Road,E01021021,Hastings 006E,Public order,Unable to prosecute suspect,
6ff234e4f681920534dc3dc119c632b52dbe73546cfa5704056eef719834d1ea,2017-03,Sussex Police,Sussex Police,0.553719,50.867224,On or near Ponswood Road,E01021021,Hastings 006E,Shoplifting,Investigation complete; no suspect identified,
36f4240b274c46911ce5ec8a845091849a0e3924ec11ae310e1b22b393dba8c3,2017-03,Sussex Police,Sussex Police,0.553719,50.867224,On or near Ponswood Road,E01021021,Hastings 006E,Shoplifting,Unable to prosecute suspect,
872600760fc265fe6762c90b19168c02cf8d630b20ee5c2b9c2ab910256f3e78,2017-03,Sussex Police,Sussex Police,0.553719,50.867224,On or near Ponswood Road,E01021021,Hastings 006E,Shoplifting,Investigation complete; no suspect identified,
37785362087ee96ce9abca6dac9166c2fa8ab9e53942a849c6832a77e1e233a4,2017-03,Sussex Police,Sussex Police,0.553719,50.867224,On or near Ponswood Road,E01021021,Hastings 006E,Theft from the person,Investigation complete; no suspect identified,
010b39032bc0b11081e20c3c956dbd3c2f3b1395a5ee119f0c397efcc2ab2ce7,2017-03,Sussex Police,Sussex Police,0.551201,50.866919,On or near Horseshoe Close,E01021021,Hastings 006E,Violence and sexual offences,Investigation complete; no suspect identified,
47bd75d592beee3409b659902ef85f5bdb27f33a0684543255c0c08f40fd0b5e,2017-03,Sussex Police,Sussex Police,0.539433,50.866393,On or near Wishing Tree Close,E01021021,Hastings 006E,Violence and sexual offences,Further investigation is not in the public interest,
2f75d07e54aff071d55b0e05cc9464763d22e01122bf3d1f3cf39d08975901b1,2017-03,Sussex Police,Sussex Police,0.545988,50.866709,On or near Bluebell Gardens,E01021021,Hastings 006E,Violence and sexual offences,Offender given a caution,
f6af3230cdef7b580f11aaa592e887641862c69071269968486d5d196dd2abe2,2017-03,Sussex Police,Sussex Police,0.553719,50.867224,On or near Ponswood Road,E01021021,Hastings 006E,Violence and sexual offences,Unable to prosecute suspect,
,2017-03,Sussex Police,Sussex Police,0.604112,50.865561,On or near Githa Road,E01021000,Hastings 007A,Anti-social behaviour,,
,2017-03,Sussex Police,Sussex Police,0.602352,50.864584,On or near Godwin Road,E01021000,Hastings 007A,Anti-social behaviour,,
,2017-03,Sussex Police,Sussex Police,0.603418,50.867394,On or near Mount Road,E01021000,Hastings 007A,Anti-social behaviour,,
64b7f30272ba7f1dad5b27f4c23240daa56b22e9a479bf88eb9270f671538e96,2017-03,Sussex Police,Sussex Police,0.604603,50.866207,On or near Edwin Road,E01021000,Hastings 007A,Violence and sexual offences,Unable to prosecute suspect,
,2017-03,Sussex Police,Sussex Police,0.601687,50.868718,On or near Old London Road,E01021001,Hastings 007B,Anti-social behaviour,,
,2017-03,Sussex Police,Sussex Police,0.602184,50.866935,On or near Ashburnham Road,E01021001,Hastings 007B,Anti-social behaviour,,
,2017-03,Sussex Police,Sussex Police,0.602184,50.866935,On or near Ashburnham Road,E01021001,Hastings 007B,Anti-social behaviour,,
19526593c9bd428249f4cb474cdad2232c80f7a0d0ad971373b33cc6124033b9,2017-03,Sussex Police,Sussex Police,0.602184,50.866935,On or near Ashburnham Road,E01021001,Hastings 007B,Other theft,Further investigation is not in the public interest,
,2017-03,Sussex Police,Sussex Police,0.601204,50.863359,On or near Harold Road,E01021002,Hastings 007C,Anti-social behaviour,,
,2017-03,Sussex Police,Sussex Police,0.600829,50.868621,On or near Priory Road,E01021002,Hastings 007C,Anti-social behaviour,,
,2017-03,Sussex Police,Sussex Police,0.598746,50.861337,On or near High Wickham,E01021002,Hastings 007C,Anti-social behaviour,,
,2017-03,Sussex Police,Sussex Police,0.594824,50.864149,On or near Bembrook Road,E01021002,Hastings 007C,Anti-social behaviour,,
60239b9aed5ea308c50860800c07c0160d6a422097d349dc53cdf6b3d2b5646a,2017-03,Sussex Police,Sussex Police,0.598794,50.866022,On or near Old London Road,E01021002,Hastings 007C,Other theft,Status update unavailable,
3811e0e7253981bfab85234c9c68817ec70e63eaea6de4224e00c95887e3386c,2017-03,Sussex Police,Sussex Police,0.600829,50.868621,On or near Priory Road,E01021002,Hastings 007C,Vehicle crime,Investigation complete; no suspect identified,
05eed3710cd98abb907ddf890dc23c87a5357ccc5a1aea6ca3f3421d95c13cc8,2017-03,Sussex Police,Sussex Police,0.597424,50.865171,On or near Petrol Station,E01021002,Hastings 007C,Vehicle crime,Investigation complete; no suspect identified,
9b1eb3871431846c148cdef5c2a67a4a4a956979b3028849a210dabe7ff3089b,2017-03,Sussex Police,Sussex Police,0.596798,50.860543,On or near All Saints Crescent,E01021002,Hastings 007C,Violence and sexual offences,Offender given a caution,
7aee1475c47155f8ef4dce0e235977665bd584cac9c3d5139c65f50a9833e9af,2017-03,Sussex Police,Sussex Police,0.598794,50.866022,On or near Old London Road,E01021002,Hastings 007C,Other crime,Investigation complete; no suspect identified,
,2017-03,Sussex Police,Sussex Police,0.594539,50.860306,On or near Torfield Close,E01021003,Hastings 007D,Anti-social behaviour,,
,2017-03,Sussex Police,Sussex Police,0.592565,50.856491,On or near East Bourne Street,E01021003,Hastings 007D,Anti-social behaviour,,
,2017-03,Sussex Police,Sussex Police,0.592943,50.858174,On or near Roebuck Street,E01021003,Hastings 007D,Anti-social behaviour,,
,2017-03,Sussex Police,Sussex Police,0.592565,50.856491,On or near East Bourne Street,E01021003,Hastings 007D,Anti-social behaviour,,
,2017-03,Sussex Police,Sussex Police,0.591689,50.855548,On or near Parking Area,E01021003,Hastings 007D,Anti-social behaviour,,
,2017-03,Sussex Police,Sussex Police,0.591230,50.856242,On or near East Street,E01021003,Hastings 007D,Anti-social behaviour,,
,2017-03,Sussex Police,Sussex Police,0.591230,50.856242,On or near East Street,E01021003,Hastings 007D,Anti-social behaviour,,
,2017-03,Sussex Police,Sussex Police,0.591524,50.858727,On or near The Croft,E01021003,Hastings 007D,Anti-social behaviour,,
,2017-03,Sussex Police,Sussex Police,0.590750,50.857062,On or near Swan Terrace,E01021003,Hastings 007D,Anti-social behaviour,,
,2017-03,Sussex Police,Sussex Police,0.591230,50.856242,On or near East Street,E01021003,Hastings 007D,Anti-social behaviour,,
,2017-03,Sussex Police,Sussex Police,0.591230,50.856242,On or near East Street,E01021003,Hastings 007D,Anti-social behaviour,,
,2017-03,Sussex Police,Sussex Police,0.590293,50.856002,On or near Shell Lane,E01021003,Hastings 007D,Anti-social behaviour,,
,2017-03,Sussex Police,Sussex Police,0.590282,50.856821,On or near Swan Avenue,E01021003,Hastings 007D,Anti-social behaviour,,
,2017-03,Sussex Police,Sussex Police,0.589434,50.855886,On or near West Street,E01021003,Hastings 007D,Anti-social behaviour,,
,2017-03,Sussex Police,Sussex Police,0.588226,50.855364,On or near Marine Parade,E01021003,Hastings 007D,Anti-social behaviour,,
,2017-03,Sussex Police,Sussex Police,0.587865,50.855264,On or near Marine Parade,E01021003,Hastings 007D,Anti-social behaviour,,
,2017-03,Sussex Police,Sussex Police,0.586910,50.855205,On or near Pelham Place,E01021003,Hastings 007D,Anti-social behaviour,,
,2017-03,Sussex Police,Sussex Police,0.586910,50.855205,On or near Pelham Place,E01021003,Hastings 007D,Anti-social behaviour,,
,2017-03,Sussex Police,Sussex Police,0.586910,50.855205,On or near Pelham Place,E01021003,Hastings 007D,Anti-social behaviour,,
cf8d26434844a1a673a0e9ff0f645ed3ef0063f30451a5dc275dccbefe0b1961,2017-03,Sussex Police,Sussex Police,0.593571,50.858744,On or near Parking Area,E01021003,Hastings 007D,Bicycle theft,Investigation complete; no suspect identified,
5fff37cd3b4250e13045851031b511fe357cddd2dabaea599330699a4f19ab32,2017-03,Sussex Police,Sussex Police,0.588226,50.855364,On or near Marine Parade,E01021003,Hastings 007D,Burglary,Investigation complete; no suspect identified,
eb564781b9b9f0acaa1138beb86c2b61a174913c12374aec9b81a87f917c44b4,2017-03,Sussex Police,Sussex Police,0.593557,50.856685,On or near Crown Lane,E01021003,Hastings 007D,Criminal damage and arson,Investigation complete; no suspect identified,
1ba56c42d348300a91ac981da9c1543625bf827bd9794926bd87fd045ef7fe59,2017-03,Sussex Police,Sussex Police,0.590293,50.856002,On or near Shell Lane,E01021003,Hastings 007D,Criminal damage and arson,Status update unavailable,
a980794db11c26f9486662bcec47c73063bc0690ab3ecdd4e65187616d2ce6bf,2017-03,Sussex Police,Sussex Police,0.593571,50.858744,On or near Parking Area,E01021003,Hastings 007D,Other theft,Court result unavailable,
178523e2722fb412fd91d63008cd4cfa7d4a475e56458b12f7e142dfa218175c,2017-03,Sussex Police,Sussex Police,0.589434,50.855886,On or near West Street,E01021003,Hastings 007D,Other theft,Unable to prosecute suspect,
1675f23d90067388c6e72efd673e3956c31b71c97587259878eca0c2dc749019,2017-03,Sussex Police,Sussex Police,0.590750,50.857062,On or near Swan Terrace,E01021003,Hastings 007D,Other theft,Investigation complete; no suspect identified,
21cba03f0ba3e92a8bb2552a63e042e477d8062ef6e3cb4b7535ad058884e7d2,2017-03,Sussex Police,Sussex Police,0.591230,50.856242,On or near East Street,E01021003,Hastings 007D,Other theft,Investigation complete; no suspect identified,
07cbda261580eb818bb881fdc9f52ce9d5afccdbbda94466dd48208af699b115,2017-03,Sussex Police,Sussex Police,0.591230,50.856242,On or near East Street,E01021003,Hastings 007D,Public order,Investigation complete; no suspect identified,
b4222ce8aff3d2314e5bb083eb2cadcd32524e2661f52ebee24f1b6a1acf107f,2017-03,Sussex Police,Sussex Police,0.594716,50.859654,On or near Theatre/Concert Hall,E01021003,Hastings 007D,Robbery,Offender given suspended prison sentence,
25929bb6bc6567d44fa022d2981f5adabfe2d033d4ad3cc0651b8a79ad0ff325,2017-03,Sussex Police,Sussex Police,0.589704,50.856915,On or near Exmouth Place,E01021003,Hastings 007D,Robbery,Status update unavailable,
6b21ad9ba452715c0a7af6f640e8414ce1d9ec12020bd515d712c708d965bcd0,2017-03,Sussex Police,Sussex Police,0.594190,50.859144,On or near Parking Area,E01021003,Hastings 007D,Robbery,Unable to prosecute suspect,
74ec7806e4e27291253d585607a48ba9d752094395d955e0287aacf4edb8e4f8,2017-03,Sussex Police,Sussex Police,0.594190,50.859144,On or near Parking Area,E01021003,Hastings 007D,Robbery,Unable to prosecute suspect,
209d37de5a4b64175a23fbb139ebd22d00ff4097c85e60a95c590111d406b820,2017-03,Sussex Police,Sussex Police,0.594190,50.859144,On or near Parking Area,E01021003,Hastings 007D,Robbery,Unable to prosecute suspect,
eff752e43b025ff73e27e939e652935bdad6f0301ec7b12e385c912581882875,2017-03,Sussex Police,Sussex Police,0.589704,50.856915,On or near Exmouth Place,E01021003,Hastings 007D,Robbery,Status update unavailable,
4b335de0542833ec93207084d18b4b70f515e6d3fa5066743c300673106c93ab,2017-03,Sussex Police,Sussex Police,0.594190,50.859144,On or near Parking Area,E01021003,Hastings 007D,Robbery,Unable to prosecute suspect,
61f873c8998002fedfe81ab9b6420c5439965232b6e04050b665fb21a288ec09,2017-03,Sussex Police,Sussex Police,0.591599,50.856747,On or near Winding Street,E01021003,Hastings 007D,Vehicle crime,Investigation complete; no suspect identified,
0cbdff1ebe360158eb3c3511b90dfff959a0a0891de799487d302a7b8579d618,2017-03,Sussex Police,Sussex Police,0.586910,50.855205,On or near Pelham Place,E01021003,Hastings 007D,Violence and sexual offences,Local resolution,
247d5fab700064d35d448c79329ba885001fc8b546bd6fb76e5caa9f8ae3bdc8,2017-03,Sussex Police,Sussex Police,0.592527,50.855800,On or near Parking Area,E01021003,Hastings 007D,Violence and sexual offences,Unable to prosecute suspect,
81cd59fae6280cc2c76f37ece33134dad4bfeaae07235b5a04536cd7740989ee,2017-03,Sussex Police,Sussex Police,0.593557,50.856685,On or near Crown Lane,E01021003,Hastings 007D,Violence and sexual offences,Court result unavailable,
f18ec1f7ee780057c45cb2eb2e6dbe81b917ba0f7dfb5867a311b9ca6ff30b19,2017-03,Sussex Police,Sussex Police,0.586910,50.855205,On or near Pelham Place,E01021003,Hastings 007D,Violence and sexual offences,Further investigation is not in the public interest,
e243ddba28bf3a7887b797be41156e7e47f6416ef7c1044ca3c89530ba00c34f,2017-03,Sussex Police,Sussex Police,0.593513,50.858197,On or near The Bourne,E01021003,Hastings 007D,Violence and sexual offences,Unable to prosecute suspect,
37a17eceebc91c62b6175c86a1e75d65020413da00679fdd9749f64b7b5f53cf,2017-03,Sussex Police,Sussex Police,0.586910,50.855205,On or near Pelham Place,E01021003,Hastings 007D,Violence and sexual offences,Local resolution,
,2017-03,Sussex Police,Sussex Police,0.594781,50.865940,On or near Priory Road,E01021014,Hastings 007E,Anti-social behaviour,,
,2017-03,Sussex Police,Sussex Police,0.589952,50.865238,On or near Calvert Road,E01021014,Hastings 007E,Anti-social behaviour,,
,2017-03,Sussex Police,Sussex Police,0.589952,50.865238,On or near Calvert Road,E01021014,Hastings 007E,Anti-social behaviour,,
2beb5f2ca1be651e12637a658b75ff7ff3af9fa21c44d14a6c7baf35a189a971,2017-03,Sussex Police,Sussex Police,0.594781,50.865940,On or near Priory Road,E01021014,Hastings 007E,Criminal damage and arson,Investigation complete; no suspect identified,
768797230bc83ebbb083953aed507e14f19220e206d27672e8fd2fd54dd0eba6,2017-03,Sussex Police,Sussex Police,0.594781,50.865940,On or near Priory Road,E01021014,Hastings 007E,Criminal damage and arson,Defendant found not guilty,
82f8d548bb0ec0d2c89ec150c030f3cfff2eb788ce5b448ce69541f2d60666b7,2017-03,Sussex Police,Sussex Police,0.594781,50.865940,On or near Priory Road,E01021014,Hastings 007E,Other theft,Investigation complete; no suspect identified,
9f149aebc19c0201ddc438df34f8dc2fd6bf861c9f3fa11f29d9fb4846405dce,2017-03,Sussex Police,Sussex Police,0.591811,50.865943,On or near Mount Pleasant Road,E01021014,Hastings 007E,Possession of weapons,Unable to prosecute suspect,
58f7616edd644ab4f7d745cdd0698a6a48b5a5e7713b57bfd45ad98497c44dda,2017-03,Sussex Police,Sussex Police,0.591402,50.863955,On or near St Thomas'S Road,E01021014,Hastings 007E,Public order,Investigation complete; no suspect identified,
01d85ce56829a2259d691baed111ea6c9d5bd08ce645e6176c85227e127ea0ea,2017-03,Sussex Police,Sussex Police,0.589092,50.865869,On or near Hughenden Road,E01021014,Hastings 007E,Robbery,Offender sent to prison,
ede25a5e356b6eb634f1d1ec252ba36ac27b5600ddea3532477ff3827999b098,2017-03,Sussex Police,Sussex Police,0.591811,50.865943,On or near Mount Pleasant Road,E01021014,Hastings 007E,Shoplifting,Unable to prosecute suspect,
c13b127a9812d62dbf8fb7e2897b085a574a2bdd4107bb6929f2d44cabeb64d4,2017-03,Sussex Police,Sussex Police,0.591811,50.865943,On or near Mount Pleasant Road,E01021014,Hastings 007E,Violence and sexual offences,Unable to prosecute suspect,
de8df32a70b06e165c09b93ab5d71f26b1c7994153d6d864766b4b3ea79456a2,2017-03,Sussex Police,Sussex Police,0.590931,50.864425,On or near Emmanuel Road,E01021014,Hastings 007E,Violence and sexual offences,Unable to prosecute suspect,
4548cc5793fc20e7d6c18f5a722043708e54cef2d67ba2b01ea368e1948f122e,2017-03,Sussex Police,Sussex Police,0.594781,50.865940,On or near Priory Road,E01021014,Hastings 007E,Violence and sexual offences,Further investigation is not in the public interest,
9b0d8a2aeda1694230681999e0351ab60e4c09f5a364925a0741ce150aee0fee,2017-03,Sussex Police,Sussex Police,0.589092,50.865869,On or near Hughenden Road,E01021014,Hastings 007E,Violence and sexual offences,Unable to prosecute suspect,
fc903f8d6fb5fcd22a8f478953a4b44c3e5d14037f3bcf73feaf0500f86ddb5a,2017-03,Sussex Police,Sussex Police,0.594781,50.865940,On or near Priory Road,E01021014,Hastings 007E,Other crime,Investigation complete; no suspect identified,
167e29ede60e463220504b34766b3bd6d7ca78fbeede8b26e4d1302572d2e4a5,2017-03,Sussex Police,Sussex Police,0.576943,50.863349,On or near Piltdown Close,E01020975,Hastings 008A,Burglary,Unable to prosecute suspect,
365d39e8ef8e7a1cefa7f63137161dbaf3872ee881f6efd497e91e71189720e3,2017-03,Sussex Police,Sussex Police,0.576958,50.866713,On or near St Helen'S Park Road,E01020975,Hastings 008A,Criminal damage and arson,Investigation complete; no suspect identified,
f895d2d4a9f4adc6a4b8f8ebf8b6ce9c61d32acbc0d4dca24ad0534a497eb0c1,2017-03,Sussex Police,Sussex Police,0.581477,50.864634,On or near Baldslow Road,E01020975,Hastings 008A,Criminal damage and arson,Status update unavailable,
079ba005c7676dc4b51c1419b6b8c4459dd332680244814fcf17046058e53944,2017-03,Sussex Police,Sussex Police,0.581477,50.864634,On or near Baldslow Road,E01020975,Hastings 008A,Criminal damage and arson,Investigation complete; no suspect identified,
9bfbaac8c8140885b5a0b573261d9e6ad19b65d04c4f02f206d700b279aa932c,2017-03,Sussex Police,Sussex Police,0.584252,50.863673,On or near St James'S Road,E01020975,Hastings 008A,Criminal damage and arson,Court result unavailable,
5750a7aa172655d94608873d73aef76cc39e41e54cccc8673ac97af1f3150c5a,2017-03,Sussex Police,Sussex Police,0.576943,50.863349,On or near Piltdown Close,E01020975,Hastings 008A,Drugs,Status update unavailable,
c5a7547b68165b53b0f6bc7f8bb38881cda535ab0c589a69315fa15ec8d5f24b,2017-03,Sussex Police,Sussex Police,0.580845,50.862723,On or near Park/Open Space,E01020975,Hastings 008A,Public order,Unable to prosecute suspect,
9c061cd9518f0a8b64834f81757adb1e58874196ed4acf75a91d8ff587f99914,2017-03,Sussex Police,Sussex Police,0.579331,50.866193,On or near Laton Road,E01020975,Hastings 008A,Vehicle crime,Offender given community sentence,
2bae0ae92d944b9a9f06984e39e164dedeaa215200441e5acb73c48f83382c82,2017-03,Sussex Police,Sussex Police,0.582915,50.862381,On or near A2101,E01020975,Hastings 008A,Vehicle crime,Investigation complete; no suspect identified,
91eb66b0c2abe39bdb2e9a4e6f6e8302ca8a4d53bc4e64dbf887ce052859979d,2017-03,Sussex Police,Sussex Police,0.575929,50.863507,On or near Robert Tressell Close,E01020975,Hastings 008A,Vehicle crime,Investigation complete; no suspect identified,
3aebbe476bdd0475abe8f0e76de367cec036a9b823db709f5971e3f4aed9e12a,2017-03,Sussex Police,Sussex Police,0.572500,50.864743,On or near Dordrecht Way,E01020975,Hastings 008A,Violence and sexual offences,Unable to prosecute suspect,
dfded1665f02e339a67b8044ab82b8f2db690f0a8cf30212a6381c4d06844942,2017-03,Sussex Police,Sussex Police,0.580845,50.862723,On or near Park/Open Space,E01020975,Hastings 008A,Violence and sexual offences,Unable to prosecute suspect,
,2017-03,Sussex Police,Sussex Police,0.575012,50.857959,On or near Cornwallis Terrace,E01020976,Hastings 008B,Anti-social behaviour,,
,2017-03,Sussex Police,Sussex Police,0.574018,50.857972,On or near Braybrooke Terrace,E01020976,Hastings 008B,Anti-social behaviour,,
,2017-03,Sussex Police,Sussex Police,0.572212,50.861565,On or near The Courtyard,E01020976,Hastings 008B,Anti-social behaviour,,
526ca6c79a5477af8ab486a5eaec42cd14762adbd044aaf773d1dd8d0a886b09,2017-03,Sussex Police,Sussex Police,0.578497,50.859564,On or near Braybrooke Road,E01020976,Hastings 008B,Bicycle theft,Unable to prosecute suspect,
ccb42d0c128b4ea09d236c506bc2515b564bb2813b67e685968ce704e39c5497,2017-03,Sussex Police,Sussex Police,0.578497,50.859564,On or near Braybrooke Road,E01020976,Hastings 008B,Other theft,Status update unavailable,
859e10b207575dcc74f6bbb415d1feb86dfedd1f68b640ff9deac0490c948804,2017-03,Sussex Police,Sussex Police,0.568553,50.862995,On or near Selmeston Close,E01020976,Hastings 008B,Vehicle crime,Investigation complete; no suspect identified,
0833bf140118499b9548dccde699ffe71a4b72f4710bd6280507e2d8d36d5ad4,2017-03,Sussex Police,Sussex Police,0.572212,50.861565,On or near The Courtyard,E01020976,Hastings 008B,Vehicle crime,Formal action is not in the public interest,
9aae4c04209aa7d6f93cfb8b6214053808f2bfe6436a86525e0fc9923a3e5f8a,2017-03,Sussex Police,Sussex Police,0.568553,50.862995,On or near Selmeston Close,E01020976,Hastings 008B,Vehicle crime,Status update unavailable,
41d2c2e7f96f352e8117b0a2a708ba99d71a760f681bd4ce314fd806b1581433,2017-03,Sussex Police,Sussex Police,0.574018,50.857972,On or near Braybrooke Terrace,E01020976,Hastings 008B,Violence and sexual offences,Investigation complete; no suspect identified,
1576db6e00509128c77529e8670289e115c9c677ac68a840a88a1eacf98869ff,2017-03,Sussex Police,Sussex Police,0.578497,50.859564,On or near Braybrooke Road,E01020976,Hastings 008B,Violence and sexual offences,Unable to prosecute suspect,
4cf78dc569723bd245d3a7dafdd0e6d175d1a0a9d5a5e354452bef05aef5f6b2,2017-03,Sussex Police,Sussex Police,0.574018,50.857972,On or near Braybrooke Terrace,E01020976,Hastings 008B,Violence and sexual offences,Unable to prosecute suspect,
2c63e3e76595b2c56e5bf3989889820c7bea8e4e90afc39b33d3c6eb61ab7a26,2017-03,Sussex Police,Sussex Police,0.560161,50.864160,On or near Upper Park Road,E01020990,Hastings 008C,Bicycle theft,Investigation complete; no suspect identified,
4cee9baf5d2301fba34c666a2be5a7952179bf3f8f1234f2c24d50bc87f96d06,2017-03,Sussex Police,Sussex Police,0.559648,50.861544,On or near Cornfield Terrace,E01020990,Hastings 008C,Vehicle crime,Unable to prosecute suspect,
f269c55806dc6dba9c7a40d6b80d0b20c7597c921158c5d9827bdfc8b3646f6d,2017-03,Sussex Police,Sussex Police,0.556750,50.864684,On or near London Road,E01020990,Hastings 008C,Violence and sexual offences,Unable to prosecute suspect,
8b7e94aa7b5139c50f1ff7971fdc9cc1669e540294e4fdac46a24947c88c6019,2017-03,Sussex Police,Sussex Police,0.559167,50.862373,On or near Spring Street,E01020990,Hastings 008C,Violence and sexual offences,Unable to prosecute suspect,
6069b4c297afdabeace5fdef2a1f6bf8be8d73b7294c8d6a07fe6732ea744819,2017-03,Sussex Police,Sussex Police,0.558145,50.862909,On or near Lower South Road,E01020990,Hastings 008C,Violence and sexual offences,Unable to prosecute suspect,
9075ba64b9608668b62b7cdcb011b405ad7ffa155bf7ee7fb771ef5f6e10cf9d,2017-03,Sussex Police,Sussex Police,0.558145,50.862909,On or near Lower South Road,E01020990,Hastings 008C,Violence and sexual offences,Unable to prosecute suspect,
0bf368d1049022af8b6bcc5eb6e96b22672fc2a8ffa9f9a618694306837b0dce,2017-03,Sussex Police,Sussex Police,0.562660,50.862576,On or near Horntye Road,E01020990,Hastings 008C,Violence and sexual offences,Unable to prosecute suspect,
6e1fa5bc00174f5aa30a54a51ba39bc20f51f898274d748653d5e6e17ba63e2d,2017-03,Sussex Police,Sussex Police,0.558232,50.862421,On or near Tower Road,E01020990,Hastings 008C,Violence and sexual offences,Status update unavailable,
cd6e1d46898bda66386e1fcf3d1ff612b4adabc8753b15a3005502ba1e105936,2017-03,Sussex Police,Sussex Police,0.559555,50.863228,On or near Upper South Road,E01020990,Hastings 008C,Other crime,Further investigation is not in the public interest,
,2017-03,Sussex Police,Sussex Police,0.556053,50.858187,On or near Charles Road,E01020991,Hastings 008D,Anti-social behaviour,,
7dad84ab2af650ca6d345bd6844a6db6bbe6e8e0147d141f4bdc46671e69000b,2017-03,Sussex Police,Sussex Police,0.553302,50.859075,On or near Markwick Terrace,E01020991,Hastings 008D,Criminal damage and arson,Investigation complete; no suspect identified,
552076831f9fc72c77877a5015451a4c301535b44faab5d3dfd048cb1952bd57,2017-03,Sussex Police,Sussex Police,0.554144,50.861467,On or near Combermere Road,E01020991,Hastings 008D,Public order,Offender given a caution,
61e533680e9da5211f56f6a2b7d2f1ba91e9f8a698acaa5caa156cf053d7395a,2017-03,Sussex Police,Sussex Police,0.554144,50.861467,On or near Combermere Road,E01020991,Hastings 008D,Public order,Status update unavailable,
1e3b3569ebc67bbcb0d0f34e84401d99eb1a4c8199e62a0c5d252d34271dc4bd,2017-03,Sussex Police,Sussex Police,0.554144,50.861467,On or near Combermere Road,E01020991,Hastings 008D,Public order,Offender given a caution,
9503760cfd0915ab7c4c375b92bbc6afb92a28de4cd4da6efd5614e407a5503d,2017-03,Sussex Police,Sussex Police,0.553302,50.859075,On or near Markwick Terrace,E01020991,Hastings 008D,Violence and sexual offences,Unable to prosecute suspect,
bb14ef768d7ab7923dcd04127efdf1c59a154a2a7e40c314fe3bd75e9d35b51f,2017-03,Sussex Police,Sussex Police,0.549894,50.860670,On or near The Green,E01020991,Hastings 008D,Violence and sexual offences,Investigation complete; no suspect identified,
f406d7985c04e20871d4c71f2a4cdff8aba2dcd5593ee6c88f30bab183427ae9,2017-03,Sussex Police,Sussex Police,0.553302,50.859075,On or near Markwick Terrace,E01020991,Hastings 008D,Violence and sexual offences,Unable to prosecute suspect,
2eeced70722e0f4bf6dbadcecfaee88f1eaaf712f30bc18399f43419336de5ab,2017-03,Sussex Police,Sussex Police,0.553302,50.859075,On or near Markwick Terrace,E01020991,Hastings 008D,Violence and sexual offences,Unable to prosecute suspect,
693e09428343e6f2acf8111ad29f9353f365877088f1d52771e399718aa28929,2017-03,Sussex Police,Sussex Police,0.551841,50.860933,On or near Charles Road West,E01020991,Hastings 008D,Violence and sexual offences,Offender given a caution,
,2017-03,Sussex Police,Sussex Police,0.560215,50.857368,On or near Southwater Road,E01020992,Hastings 008E,Anti-social behaviour,,
,2017-03,Sussex Police,Sussex Police,0.560215,50.857368,On or near Southwater Road,E01020992,Hastings 008E,Anti-social behaviour,,
,2017-03,Sussex Police,Sussex Police,0.559514,50.861179,On or near St Peter'S Road,E01020992,Hastings 008E,Anti-social behaviour,,
,2017-03,Sussex Police,Sussex Police,0.558355,50.860520,On or near Woodland Vale Road,E01020992,Hastings 008E,Anti-social behaviour,,
,2017-03,Sussex Police,Sussex Police,0.556722,50.858712,On or near Anglesea Terrace,E01020992,Hastings 008E,Anti-social behaviour,,
,2017-03,Sussex Police,Sussex Police,0.557033,50.859722,On or near London Road,E01020992,Hastings 008E,Anti-social behaviour,,
,2017-03,Sussex Police,Sussex Police,0.557033,50.859722,On or near London Road,E01020992,Hastings 008E,Anti-social behaviour,,
,2017-03,Sussex Police,Sussex Police,0.557033,50.859722,On or near London Road,E01020992,Hastings 008E,Anti-social behaviour,,
,2017-03,Sussex Police,Sussex Police,0.556722,50.858712,On or near Anglesea Terrace,E01020992,Hastings 008E,Anti-social behaviour,,
,2017-03,Sussex Police,Sussex Police,0.556722,50.858712,On or near Anglesea Terrace,E01020992,Hastings 008E,Anti-social behaviour,,
a44edde7a2a34746bec80844688af444d708f6f4853b59fc33e08acf0d0be917,2017-03,Sussex Police,Sussex Police,0.564554,50.858235,On or near St Catherine'S Close,E01020992,Hastings 008E,Criminal damage and arson,Unable to prosecute suspect,
5f857a9f2130c12310d873210abea217e3d4e3c64e75d14c4607ac87e528b7ce,2017-03,Sussex Police,Sussex Police,0.561981,50.860558,On or near Petrol Station,E01020992,Hastings 008E,Criminal damage and arson,Status update unavailable,
926f291e63a89e8a93d5be03ed2da99d39630d3be56ed2baf68373e8e6eec72a,2017-03,Sussex Police,Sussex Police,0.564635,50.858683,On or near De Cham Avenue,E01020992,Hastings 008E,Criminal damage and arson,Investigation complete; no suspect identified,
f35dfa3fea09392fae60b8e8d94582dc6204c5ed4c5830db38076cb3e84a94f8,2017-03,Sussex Police,Sussex Police,0.557033,50.859722,On or near London Road,E01020992,Hastings 008E,Criminal damage and arson,Unable to prosecute suspect,
a8f787c971a32934ac700dd63ae72b831cb78e316a10ec20005cacb5fda5f3bd,2017-03,Sussex Police,Sussex Police,0.556722,50.858712,On or near Anglesea Terrace,E01020992,Hastings 008E,Criminal damage and arson,Investigation complete; no suspect identified,
f593301c6f43f9f5d845af79b4ea97382addba138eb0d636745c5494b46b4f55,2017-03,Sussex Police,Sussex Police,0.559514,50.861179,On or near St Peter'S Road,E01020992,Hastings 008E,Criminal damage and arson,Unable to prosecute suspect,
482449596ca095a5121139225383876edb8ff355dc53ac0735e94c278a8f09e8,2017-03,Sussex Police,Sussex Police,0.560083,50.860141,On or near Cloudesley Road,E01020992,Hastings 008E,Criminal damage and arson,Court result unavailable,
931d91576e445988960be12e7cbbd10e1435275ff5e84d81c570ec4df2f40952,2017-03,Sussex Police,Sussex Police,0.560083,50.860141,On or near Cloudesley Road,E01020992,Hastings 008E,Criminal damage and arson,Unable to prosecute suspect,
e85dd503fac8e61411c9f6b340f0ef681af7840d4d78a88833d9146af7cacb2b,2017-03,Sussex Police,Sussex Police,0.564554,50.858235,On or near St Catherine'S Close,E01020992,Hastings 008E,Criminal damage and arson,Unable to prosecute suspect,
b734bb73aca05ffebd2029d2ae4abe74332fba371a52268fdbfe5cfa0bf0dba8,2017-03,Sussex Police,Sussex Police,0.559514,50.861179,On or near St Peter'S Road,E01020992,Hastings 008E,Drugs,Offender sent to prison,
209581cf15baa3e963e039a0226ee24a4ef3a6395394fd3a5d1011af56992324,2017-03,Sussex Police,Sussex Police,0.564635,50.858683,On or near De Cham Avenue,E01020992,Hastings 008E,Drugs,Further investigation is not in the public interest,
fea778179f1733c11d0f458bd5ca3e702a67c36795135aba5b702a7e234f3bbb,2017-03,Sussex Police,Sussex Police,0.561981,50.860558,On or near Petrol Station,E01020992,Hastings 008E,Drugs,Further investigation is not in the public interest,
0f333ba4828d9cd9d584201a2882a8b041616f1afcea525f1f92d85ed0992efc,2017-03,Sussex Police,Sussex Police,0.561981,50.860558,On or near Petrol Station,E01020992,Hastings 008E,Drugs,Status update unavailable,
0e7934f0d25407262898174a07453e84de790896d554cc54fcd5254288a47848,2017-03,Sussex Police,Sussex Police,0.561981,50.860558,On or near Petrol Station,E01020992,Hastings 008E,Other theft,Investigation complete; no suspect identified,
ef096d9d088e75d90a15c35e548c834107c6b51dc79f0ac55cfc414fe9e12c90,2017-03,Sussex Police,Sussex Police,0.561981,50.860558,On or near Petrol Station,E01020992,Hastings 008E,Other theft,Investigation complete; no suspect identified,
1f9e846f25ac9b5d41f7c0621e88db6fac9b7fdf359c3811095396f534eb896f,2017-03,Sussex Police,Sussex Police,0.561981,50.860558,On or near Petrol Station,E01020992,Hastings 008E,Other theft,Investigation complete; no suspect identified,
6a0009a7beba3a62caa1d5ef955b772ad2720b45a1611bd2eb3a87e3c6333edf,2017-03,Sussex Police,Sussex Police,0.564554,50.858235,On or near St Catherine'S Close,E01020992,Hastings 008E,Possession of weapons,Status update unavailable,
f14627dd280ef3c742cd47d399cf6f2252f3d49e7d679ef0749655f7c13a9e39,2017-03,Sussex Police,Sussex Police,0.564554,50.858235,On or near St Catherine'S Close,E01020992,Hastings 008E,Public order,Investigation complete; no suspect identified,
00face3d59369fa3b17e2be0183ff5313acf1780ac6651517f8b23604580d99d,2017-03,Sussex Police,Sussex Police,0.556722,50.858712,On or near Anglesea Terrace,E01020992,Hastings 008E,Public order,Unable to prosecute suspect,
64fe63c3da06861011d702aacf9efca0364eaac9a73eaee6702ee892d44c9cf8,2017-03,Sussex Police,Sussex Police,0.564635,50.858683,On or near De Cham Avenue,E01020992,Hastings 008E,Public order,Investigation complete; no suspect identified,
560d843f2f8dd15ab52971d5ca87b0503c0acc157aa1a018a4da50db3361b072,2017-03,Sussex Police,Sussex Police,0.561981,50.860558,On or near Petrol Station,E01020992,Hastings 008E,Robbery,Status update unavailable,
954443dde6be052596ddd052c0152fa0e2bd574ceb83da4e583afd2a7fc21be6,2017-03,Sussex Police,Sussex Police,0.560215,50.857368,On or near Southwater Road,E01020992,Hastings 008E,Robbery,Status update unavailable,
d085d6bb3d6b973637703b9703c467b9d4ea51778becddc6b1cafe9158c0c31d,2017-03,Sussex Police,Sussex Police,0.561981,50.860558,On or near Petrol Station,E01020992,Hastings 008E,Shoplifting,Investigation complete; no suspect identified,
188dbff5100e8165e5193a41fcc5fc0c403fca5ff230bf5f7da8a8d87fb9c578,2017-03,Sussex Police,Sussex Police,0.561981,50.860558,On or near Petrol Station,E01020992,Hastings 008E,Shoplifting,Formal action is not in the public interest,
19fa38f1511b0ef0009afeb9965bd754b65bc05902e082b223da784065c8bfc3,2017-03,Sussex Police,Sussex Police,0.561981,50.860558,On or near Petrol Station,E01020992,Hastings 008E,Shoplifting,Investigation complete; no suspect identified,
b34c6fd0a5ff28ab380aa1bf5100c23f57295c7fd4cf8a96930fb4ab33ef07e3,2017-03,Sussex Police,Sussex Police,0.561981,50.860558,On or near Petrol Station,E01020992,Hastings 008E,Shoplifting,Further investigation is not in the public interest,
9deb895c5f3bae27c10edb50ca3be9ef1d148588a641c28b9cfc092e8279b8f7,2017-03,Sussex Police,Sussex Police,0.562177,50.861804,On or near St Paul'S Road,E01020992,Hastings 008E,Vehicle crime,Investigation complete; no suspect identified,
c59805b120bb6325112358393153f725bf27781075fcf276474051a9c42f39bd,2017-03,Sussex Police,Sussex Police,0.559514,50.861179,On or near St Peter'S Road,E01020992,Hastings 008E,Vehicle crime,Investigation complete; no suspect identified,
3677e5b05544040da71bd46801d3d8a5e0b45c31de81d331083f40b2222de5fe,2017-03,Sussex Police,Sussex Police,0.557033,50.859722,On or near London Road,E01020992,Hastings 008E,Vehicle crime,Investigation complete; no suspect identified,
229898afea7dee7d7469abdd3a41f75467b27de46820e7c704414fd51bf553ba,2017-03,Sussex Police,Sussex Police,0.564635,50.858683,On or near De Cham Avenue,E01020992,Hastings 008E,Vehicle crime,Court result unavailable,
a75a4629b0681921baf187ec2a8b156dabb61e6003e8f5b7df55ef0ca98af8dd,2017-03,Sussex Police,Sussex Police,0.560083,50.860141,On or near Cloudesley Road,E01020992,Hastings 008E,Violence and sexual offences,Unable to prosecute suspect,
34d6b2166582e19088899e10e21e996cb0b9d9fa0305c778d1c8a45be9eeecf5,2017-03,Sussex Police,Sussex Police,0.563569,50.857897,On or near Cherry Tree Close,E01020992,Hastings 008E,Violence and sexual offences,Unable to prosecute suspect,
4049867e31ddde771e9f6098e1e350428e0c799a1b4b48e71bbcdd9a87fed5ab,2017-03,Sussex Police,Sussex Police,0.564635,50.858683,On or near De Cham Avenue,E01020992,Hastings 008E,Violence and sexual offences,Offender given conditional discharge,
1a4b588d7bd24f0a65fc3c547e2f9d9dcd865a8066aa6531a2e6124a88ee6b42,2017-03,Sussex Police,Sussex Police,0.559514,50.861179,On or near St Peter'S Road,E01020992,Hastings 008E,Violence and sexual offences,Further investigation is not in the public interest,
0589ee6def94a0789633ea7835bb8cd16624690e6ec47b1f1b1d5b77bdac7615,2017-03,Sussex Police,Sussex Police,0.556722,50.858712,On or near Anglesea Terrace,E01020992,Hastings 008E,Violence and sexual offences,Unable to prosecute suspect,
7206e6f2c4266f58e9841c61cb8ee072b9a839dedf12210ba76cebef75c15963,2017-03,Sussex Police,Sussex Police,0.564554,50.858235,On or near St Catherine'S Close,E01020992,Hastings 008E,Violence and sexual offences,Unable to prosecute suspect,
e9badbf43be12eac9ae4efe3c70070da9ea1123fe19de154a5ba969503d445c8,2017-03,Sussex Police,Sussex Police,0.562177,50.861804,On or near St Paul'S Road,E01020992,Hastings 008E,Violence and sexual offences,Status update unavailable,
0a92f10e8dbfda83c42192b0b5d0a19ef7e0c37944d46ba0c331c9a1d406f97b,2017-03,Sussex Police,Sussex Police,0.557033,50.859722,On or near London Road,E01020992,Hastings 008E,Violence and sexual offences,Unable to prosecute suspect,
,2017-03,Sussex Police,Sussex Police,0.584806,50.856996,On or near Castle Hill Road,E01020978,Hastings 009A,Anti-social behaviour,,
,2017-03,Sussex Police,Sussex Police,0.583517,50.858860,On or near Elford Street,E01020978,Hastings 009A,Anti-social behaviour,,
,2017-03,Sussex Police,Sussex Police,0.582132,50.860042,On or near Supermarket,E01020978,Hastings 009A,Anti-social behaviour,,
,2017-03,Sussex Police,Sussex Police,0.581749,50.858764,On or near Waldegrave Street,E01020978,Hastings 009A,Anti-social behaviour,,
,2017-03,Sussex Police,Sussex Police,0.581359,50.855049,On or near Pelham Street,E01020978,Hastings 009A,Anti-social behaviour,,
,2017-03,Sussex Police,Sussex Police,0.582072,50.856625,On or near Russell Street,E01020978,Hastings 009A,Anti-social behaviour,,
,2017-03,Sussex Police,Sussex Police,0.581359,50.855049,On or near Pelham Street,E01020978,Hastings 009A,Anti-social behaviour,,
,2017-03,Sussex Police,Sussex Police,0.581359,50.855049,On or near Pelham Street,E01020978,Hastings 009A,Anti-social behaviour,,
,2017-03,Sussex Police,Sussex Police,0.580198,50.855120,On or near Harold Place,E01020978,Hastings 009A,Anti-social behaviour,,
,2017-03,Sussex Police,Sussex Police,0.582072,50.856625,On or near Russell Street,E01020978,Hastings 009A,Anti-social behaviour,,
,2017-03,Sussex Police,Sussex Police,0.580198,50.855120,On or near Harold Place,E01020978,Hastings 009A,Anti-social behaviour,,
,2017-03,Sussex Police,Sussex Police,0.580388,50.859325,On or near Earl Street,E01020978,Hastings 009A,Anti-social behaviour,,
,2017-03,Sussex Police,Sussex Police,0.580198,50.855120,On or near Harold Place,E01020978,Hastings 009A,Anti-social behaviour,,
,2017-03,Sussex Police,Sussex Police,0.580198,50.855120,On or near Harold Place,E01020978,Hastings 009A,Anti-social behaviour,,
,2017-03,Sussex Police,Sussex Police,0.580198,50.855120,On or near Harold Place,E01020978,Hastings 009A,Anti-social behaviour,,
,2017-03,Sussex Police,Sussex Police,0.580198,50.855120,On or near Harold Place,E01020978,Hastings 009A,Anti-social behaviour,,
,2017-03,Sussex Police,Sussex Police,0.580198,50.855120,On or near Harold Place,E01020978,Hastings 009A,Anti-social behaviour,,
,2017-03,Sussex Police,Sussex Police,0.580198,50.855120,On or near Harold Place,E01020978,Hastings 009A,Anti-social behaviour,,
,2017-03,Sussex Police,Sussex Police,0.580198,50.855120,On or near Harold Place,E01020978,Hastings 009A,Anti-social behaviour,,
,2017-03,Sussex Police,Sussex Police,0.580198,50.855120,On or near Harold Place,E01020978,Hastings 009A,Anti-social behaviour,,
,2017-03,Sussex Police,Sussex Police,0.578634,50.854848,On or near Robertson Terrace,E01020978,Hastings 009A,Anti-social behaviour,,
,2017-03,Sussex Police,Sussex Police,0.578634,50.854848,On or near Robertson Terrace,E01020978,Hastings 009A,Anti-social behaviour,,
,2017-03,Sussex Police,Sussex Police,0.578634,50.854848,On or near Robertson Terrace,E01020978,Hastings 009A,Anti-social behaviour,,
,2017-03,Sussex Police,Sussex Police,0.578634,50.854848,On or near Robertson Terrace,E01020978,Hastings 009A,Anti-social behaviour,,
,2017-03,Sussex Police,Sussex Police,0.578634,50.854848,On or near Robertson Terrace,E01020978,Hastings 009A,Anti-social behaviour,,
,2017-03,Sussex Police,Sussex Police,0.578634,50.854848,On or near Robertson Terrace,E01020978,Hastings 009A,Anti-social behaviour,,
,2017-03,Sussex Police,Sussex Police,0.577980,50.855088,On or near Robertson Passage,E01020978,Hastings 009A,Anti-social behaviour,,
,2017-03,Sussex Police,Sussex Police,0.577980,50.855088,On or near Robertson Passage,E01020978,Hastings 009A,Anti-social behaviour,,
,2017-03,Sussex Police,Sussex Police,0.577980,50.855088,On or near Robertson Passage,E01020978,Hastings 009A,Anti-social behaviour,,
8794ca1d3b07f8fc9e61db6165ea81232e1ffb83177d194e073f6a8c10fe8435,2017-03,Sussex Police,Sussex Police,0.585133,50.854686,On or near Parking Area,E01020978,Hastings 009A,Burglary,Unable to prosecute suspect,
db9699f6621e9b1ae3e19605c56fd13d2b601e4e826536e25180f509a62bce2f,2017-03,Sussex Police,Sussex Police,0.583152,50.856898,On or near Castle Hill Passage,E01020978,Hastings 009A,Burglary,Investigation complete; no suspect identified,
793e4502d1e03b3cda6134b0491967694adf7edc1be1b357d4da48344e77f1c3,2017-03,Sussex Police,Sussex Police,0.580198,50.855120,On or near Harold Place,E01020978,Hastings 009A,Criminal damage and arson,Investigation complete; no suspect identified,
5d205f5f9ed3a68b790810ceecab49c1466f65af7f9d35ebc5e289ca74b995ea,2017-03,Sussex Police,Sussex Police,0.585133,50.854686,On or near Parking Area,E01020978,Hastings 009A,Criminal damage and arson,Investigation complete; no suspect identified,
fd75d388d8e38bb0a2c499e66aa580df0fd33a5b48210941bf6cc63c906e11f0,2017-03,Sussex Police,Sussex Police,0.580388,50.859325,On or near Earl Street,E01020978,Hastings 009A,Criminal damage and arson,Further investigation is not in the public interest,
20358b2c608a3f7e18f6b257a8f6ee640461f2c037071985b3d6973c8216de63,2017-03,Sussex Police,Sussex Police,0.583200,50.858021,On or near Stone Street,E01020978,Hastings 009A,Criminal damage and arson,Local resolution,
d249ce1c5c6c6b138b1ba7be4ae09c1b901381f41a76730aad39a775e5f27f95,2017-03,Sussex Police,Sussex Police,0.577980,50.855088,On or near Robertson Passage,E01020978,Hastings 009A,Criminal damage and arson,Unable to prosecute suspect,
4d25fe8a712ddc4ae7499834f07fd25acf7e9333d3e8474074acc5fd69ba1866,2017-03,Sussex Police,Sussex Police,0.584444,50.859433,On or near Stonefield Road,E01020978,Hastings 009A,Criminal damage and arson,Investigation complete; no suspect identified,
c8af2d57f038485c113eb030b88806a5169f5becae587fa29aac5e46995c3ceb,2017-03,Sussex Police,Sussex Police,0.585402,50.855184,On or near Pelham Place,E01020978,Hastings 009A,Criminal damage and arson,Investigation complete; no suspect identified,
466327ff2697a049e72193583451aeb948698486c934499f50f6a26cde94c835,2017-03,Sussex Police,Sussex Police,0.580963,50.858673,On or near Parking Area,E01020978,Hastings 009A,Criminal damage and arson,Investigation complete; no suspect identified,
1a0c0d8628fbedfacec7aa5bc7279349aeae83e021b7d5aa333b677835e9f490,2017-03,Sussex Police,Sussex Police,0.582072,50.856625,On or near Russell Street,E01020978,Hastings 009A,Criminal damage and arson,Investigation complete; no suspect identified,
a5bcea6e1b10d3bf96a50bbb2271149efd0139eb6d1933dccbc4c11f5d6bcc7e,2017-03,Sussex Police,Sussex Police,0.580388,50.859325,On or near Earl Street,E01020978,Hastings 009A,Criminal damage and arson,Investigation complete; no suspect identified,
63dd9337471afee155f52695c776ae30eab6fbabee296192945f24ef26d6eb92,2017-03,Sussex Police,Sussex Police,0.581359,50.855049,On or near Pelham Street,E01020978,Hastings 009A,Criminal damage and arson,Status update unavailable,
7542a3c98303c837dcc71fbe3dcc6255affad68c01a61ca97ffb9a98e6fd3230,2017-03,Sussex Police,Sussex Police,0.583152,50.856898,On or near Castle Hill Passage,E01020978,Hastings 009A,Criminal damage and arson,Investigation complete; no suspect identified,
29f80b1d178a1a107a577674ade8331bbe98e1396aef95de0fd38011a22f8c4d,2017-03,Sussex Police,Sussex Police,0.581359,50.855049,On or near Pelham Street,E01020978,Hastings 009A,Criminal damage and arson,Unable to prosecute suspect,
084f72090eab41a388874f6340b5928609b7a705313d33b2bee5ebb35ba460fc,2017-03,Sussex Police,Sussex Police,0.585133,50.854686,On or near Parking Area,E01020978,Hastings 009A,Criminal damage and arson,Investigation complete; no suspect identified,
3820e70333196f94623af59d4cd826122b0ef0ad236c319e9c5c6b6f6054be1c,2017-03,Sussex Police,Sussex Police,0.584444,50.859433,On or near Stonefield Road,E01020978,Hastings 009A,Criminal damage and arson,Investigation complete; no suspect identified,
35996b3b9948e21cdb64261f76f87360b7fdb6c4a0fbf736b28326b7259198ac,2017-03,Sussex Police,Sussex Police,0.577980,50.855088,On or near Robertson Passage,E01020978,Hastings 009A,Criminal damage and arson,Court result unavailable,
7508e521c62b2e31d1d1322c95ab1d49c255a2e977e20b08853f4d1bcfc120d9,2017-03,Sussex Police,Sussex Police,0.582012,50.855547,On or near Albert Road,E01020978,Hastings 009A,Drugs,Unable to prosecute suspect,
1dc0c4ce297b1d1049a7efd9ae951211d56f47576231f9c6dc0c2723c7174e22,2017-03,Sussex Police,Sussex Police,0.581359,50.855049,On or near Pelham Street,E01020978,Hastings 009A,Drugs,Offender given conditional discharge,
a4c200c50148aa59a642a5bb7527e608cabd271d5d62c2e740884fd1b32aa983,2017-03,Sussex Police,Sussex Police,0.585402,50.855184,On or near Pelham Place,E01020978,Hastings 009A,Drugs,Offender given a drugs possession warning,
e2eb67a6f0ac58841cd16a953e41f95ee8a0406364e2fd19c3f07b213aba7d08,2017-03,Sussex Police,Sussex Police,0.585424,50.857639,On or near Castledown Avenue,E01020978,Hastings 009A,Drugs,Status update unavailable,
85aeb2ab4817644055a1f9678bf3631d47ccb260b20f8269532b5d08ea8b3f04,2017-03,Sussex Police,Sussex Police,0.585402,50.855184,On or near Pelham Place,E01020978,Hastings 009A,Drugs,Offender given a drugs possession warning,
af85c5cae6732e6370eb904cedf8a4a050bda38f71d2385f84bb5f896c86d535,2017-03,Sussex Police,Sussex Police,0.580198,50.855120,On or near Harold Place,E01020978,Hastings 009A,Drugs,Offender given a caution,
29c7335819dc7b7e69f043170fbe7226c0bc7dc3008efa20f0376b7faf0f8e23,2017-03,Sussex Police,Sussex Police,0.585886,50.858016,On or near Wellington Road,E01020978,Hastings 009A,Drugs,Offender given a caution,
79cc73a001f013974171d17ff60af87bd48104ca1b28b2ff58b94e5a55e9e595,2017-03,Sussex Police,Sussex Police,0.581359,50.855049,On or near Pelham Street,E01020978,Hastings 009A,Other theft,Unable to prosecute suspect,
a737c8dca5c0d798840193cac70e2271040cd8126c602d333deb72d1b0b57e0b,2017-03,Sussex Police,Sussex Police,0.582132,50.860042,On or near Supermarket,E01020978,Hastings 009A,Other theft,Investigation complete; no suspect identified,
e2a24f73090d6421448899524afcedf5d48b6e3262068c9c96b859a910c7baa5,2017-03,Sussex Police,Sussex Police,0.585424,50.857639,On or near Castledown Avenue,E01020978,Hastings 009A,Other theft,Investigation complete; no suspect identified,
bde7138966ba0a0ff30e2814bfeaea3d23df2f28e93517d0c9c89498d083f205,2017-03,Sussex Police,Sussex Police,0.583152,50.856898,On or near Castle Hill Passage,E01020978,Hastings 009A,Other theft,Investigation complete; no suspect identified,
208071971e3b20c3b772ad51459104543d47a890cd45215e36fec32c46da4339,2017-03,Sussex Police,Sussex Police,0.577980,50.855088,On or near Robertson Passage,E01020978,Hastings 009A,Other theft,Investigation complete; no suspect identified,
b468005a795ee8c52dd5aab7e9c1b4b9d3f7c58313ae70f3fdef87205fc538f4,2017-03,Sussex Police,Sussex Police,0.581359,50.855049,On or near Pelham Street,E01020978,Hastings 009A,Possession of weapons,Awaiting court outcome,
e4634bbf3a59efe23b98bb52075280f41e4c2bdaeb44f611cf9933dc787b34f5,2017-03,Sussex Police,Sussex Police,0.581359,50.855049,On or near Pelham Street,E01020978,Hastings 009A,Public order,Court result unavailable,
9c28911a8000a8f8eb2f213c0b5848bebcc888c1d9f129e4400c9a075a2b83dd,2017-03,Sussex Police,Sussex Police,0.580388,50.859325,On or near Earl Street,E01020978,Hastings 009A,Public order,Unable to prosecute suspect,
20fa572fdecf5c88e1ac836583aa9ddb9dc4acb0a72125937b26f95563400a31,2017-03,Sussex Police,Sussex Police,0.584444,50.859433,On or near Stonefield Road,E01020978,Hastings 009A,Public order,Further investigation is not in the public interest,
7177e23f72c42d4f65c5c0dbc275c5cd77e6267fd6e46225ce53701f37f49a2d,2017-03,Sussex Police,Sussex Police,0.577980,50.855088,On or near Robertson Passage,E01020978,Hastings 009A,Public order,Court result unavailable,
7d323de1f0f849d62a436b647f0d81e92aa2db8c006d69d28fd8b917b578fb0d,2017-03,Sussex Police,Sussex Police,0.580198,50.855120,On or near Harold Place,E01020978,Hastings 009A,Robbery,Investigation complete; no suspect identified,
76593f480c7524ee9afab72b41162617f579e59bc78c1e364eb62440488674f6,2017-03,Sussex Police,Sussex Police,0.580198,50.855120,On or near Harold Place,E01020978,Hastings 009A,Robbery,Investigation complete; no suspect identified,
98fb1e187d327ed24686a604dfbeead0eeb2a84016ef5a3ab2f4d5bdf9eaca33,2017-03,Sussex Police,Sussex Police,0.580198,50.855120,On or near Harold Place,E01020978,Hastings 009A,Robbery,Investigation complete; no suspect identified,
b3629ef05505fdb5d5c00538f8b69acd68f656f311d0820dfd6be75925792626,2017-03,Sussex Police,Sussex Police,0.582072,50.856625,On or near Russell Street,E01020978,Hastings 009A,Shoplifting,Unable to prosecute suspect,
397041dba40a2f78bb1011a18c8418c715399de33beda1585648bec8c869cfb5,2017-03,Sussex Police,Sussex Police,0.581359,50.855049,On or near Pelham Street,E01020978,Hastings 009A,Shoplifting,Unable to prosecute suspect,
60e0cbbe7504978dc39dee60e035cccfb09876baa5a4b7a1a1a6110f04ac7e68,2017-03,Sussex Police,Sussex Police,0.577980,50.855088,On or near Robertson Passage,E01020978,Hastings 009A,Shoplifting,Offender given community sentence,
98b1581f44a4bce7f4b8b4951960dfcc38c2ecebde4cda62245fafcba16ea67a,2017-03,Sussex Police,Sussex Police,0.580198,50.855120,On or near Harold Place,E01020978,Hastings 009A,Shoplifting,Further investigation is not in the public interest,
f977ac14f845adcf6d4919107d6b2faad03bffd88e2a70a882fb522aa3bda0e3,2017-03,Sussex Police,Sussex Police,0.583121,50.855307,On or near Supermarket,E01020978,Hastings 009A,Shoplifting,Status update unavailable,
d36a5a1bfb5a1484cbbc977b27afb7058846f9e1821c943dd6d929221f99f210,2017-03,Sussex Police,Sussex Police,0.582132,50.860042,On or near Supermarket,E01020978,Hastings 009A,Shoplifting,Unable to prosecute suspect,
6b465fb49ddd462681f2ad046934443aa34e07d284882344182501e0e4b40490,2017-03,Sussex Police,Sussex Police,0.583121,50.855307,On or near Supermarket,E01020978,Hastings 009A,Shoplifting,Court result unavailable,
51524d78d130f024b1c6f13ccdd9111642cf291503784727596f45ea2242eff9,2017-03,Sussex Police,Sussex Police,0.582072,50.856625,On or near Russell Street,E01020978,Hastings 009A,Shoplifting,Investigation complete; no suspect identified,
c2db710a9eb63f85cdd8391c5f5912ff712564d376b31ab5edbca01e65f8c285,2017-03,Sussex Police,Sussex Police,0.580198,50.855120,On or near Harold Place,E01020978,Hastings 009A,Shoplifting,Court result unavailable,
06d9501deac28863059106771da6acd15896a51f1c02ab71dcf2cba1b533869f,2017-03,Sussex Police,Sussex Police,0.582132,50.860042,On or near Supermarket,E01020978,Hastings 009A,Shoplifting,Further investigation is not in the public interest,
04f16a8790fb2c9b1c6454419532df37125332948b682553d826e325df9f3519,2017-03,Sussex Police,Sussex Police,0.580198,50.855120,On or near Harold Place,E01020978,Hastings 009A,Shoplifting,Investigation complete; no suspect identified,
7dfd0b8bce7f484e04b0f2994d5fd35dde40ce76166ca7fde11b3cf3a2417e2c,2017-03,Sussex Police,Sussex Police,0.582132,50.860042,On or near Supermarket,E01020978,Hastings 009A,Shoplifting,Offender given a caution,
538813aade4c04860d4a0c09a20bed31414baef3a77ea4e52c888c02456b95b8,2017-03,Sussex Police,Sussex Police,0.583517,50.858860,On or near Elford Street,E01020978,Hastings 009A,Vehicle crime,Investigation complete; no suspect identified,
9f29f4b98c2ddf4cdbf168626596de4b0e94499808235355eaac6232f2692c90,2017-03,Sussex Police,Sussex Police,0.581359,50.855049,On or near Pelham Street,E01020978,Hastings 009A,Violence and sexual offences,Unable to prosecute suspect,
ff8482bfa71f093e4745f9bc8654253ab40a6cad41f41fb5e8a13c5af6f16c92,2017-03,Sussex Police,Sussex Police,0.577980,50.855088,On or near Robertson Passage,E01020978,Hastings 009A,Violence and sexual offences,Formal action is not in the public interest,
504ece8529057ad8a2ac31987cef94ecaa1c76e6cfdc3ddb54744aae932312f1,2017-03,Sussex Police,Sussex Police,0.582265,50.855245,On or near Pedestrian Subway,E01020978,Hastings 009A,Violence and sexual offences,Local resolution,
39d07ffa564982fdfb151df577a9bb015f34f921c7bc0235f97ac3b568c750a2,2017-03,Sussex Police,Sussex Police,0.584444,50.859433,On or near Stonefield Road,E01020978,Hastings 009A,Violence and sexual offences,Offender given a caution,
0d7cbf111852b807ec4ad1e06deafa7bc6f86edd8fc68381ecdaa293d40a8b6d,2017-03,Sussex Police,Sussex Police,0.584266,50.859814,On or near Stonefield Place,E01020978,Hastings 009A,Violence and sexual offences,Status update unavailable,
63b6c89b7d1507c3b9019723f33625425cd0ea80e65e1a225cf7bad78cdb7f2c,2017-03,Sussex Police,Sussex Police,0.580198,50.855120,On or near Harold Place,E01020978,Hastings 009A,Violence and sexual offences,Unable to prosecute suspect,
ba2dced0befb4b0b4ed855d9485986ca1e9c219acd91b2d9343e704552137c37,2017-03,Sussex Police,Sussex Police,0.583200,50.858021,On or near Stone Street,E01020978,Hastings 009A,Violence and sexual offences,Court result unavailable,
afe488a94134a69aba67174620f022c231192cc82bd4fe94cdbae5f7f8b22beb,2017-03,Sussex Police,Sussex Police,0.584444,50.859433,On or near Stonefield Road,E01020978,Hastings 009A,Violence and sexual offences,Offender given a caution,
a199861c4de385d8afbd7b06a848ada4e819cf852cccb9a84ea67fb74ac08d9b,2017-03,Sussex Police,Sussex Police,0.582072,50.856625,On or near Russell Street,E01020978,Hastings 009A,Violence and sexual offences,Status update unavailable,
56db0e881a54b5fb36e1ae2a353312ba0ec9334816be102e16b67d736760bef9,2017-03,Sussex Police,Sussex Police,0.577980,50.855088,On or near Robertson Passage,E01020978,Hastings 009A,Violence and sexual offences,Unable to prosecute suspect,
37a5e7be0173b17798309ae38b4c68efea5f69a7688049811a8d119459b7f4b2,2017-03,Sussex Police,Sussex Police,0.581359,50.855049,On or near Pelham Street,E01020978,Hastings 009A,Violence and sexual offences,Unable to prosecute suspect,
dcf209a83bede4213d0045296661769795319e52f37e362fb4d8eeadbf9ae44f,2017-03,Sussex Police,Sussex Police,0.577980,50.855088,On or near Robertson Passage,E01020978,Hastings 009A,Violence and sexual offences,Offender given conditional discharge,
42b7a8c19fe9fc64a99d62f7ba6f10549d8d6563e76cfccc2a4175a872b3febf,2017-03,Sussex Police,Sussex Police,0.580198,50.855120,On or near Harold Place,E01020978,Hastings 009A,Violence and sexual offences,Offender given a caution,
51411189c45b099ae19a86e5534c17c1cf13f2d479c7cb540586aa7438156156,2017-03,Sussex Police,Sussex Police,0.582012,50.855547,On or near Albert Road,E01020978,Hastings 009A,Violence and sexual offences,Investigation complete; no suspect identified,
98ce47210b988f9490b606d6b559de35b8a9b91cab64c49903a777481aaf38a1,2017-03,Sussex Police,Sussex Police,0.582072,50.856625,On or near Russell Street,E01020978,Hastings 009A,Violence and sexual offences,Unable to prosecute suspect,
3d961a0caca73661a8faa689422cc8408f063398c3060a6c2d26cd2143ef4688,2017-03,Sussex Police,Sussex Police,0.577980,50.855088,On or near Robertson Passage,E01020978,Hastings 009A,Violence and sexual offences,Unable to prosecute suspect,
54076acacfcbdddef0dc5c4237228b88e3a9f4efadeeb5a8565b27e4e0864160,2017-03,Sussex Police,Sussex Police,0.581359,50.855049,On or near Pelham Street,E01020978,Hastings 009A,Violence and sexual offences,Status update unavailable,
7cdbf123fbc94bc408034d16b3ee20caf852c92b6aac5a6ee5c3f7508cbadffa,2017-03,Sussex Police,Sussex Police,0.582132,50.860042,On or near Supermarket,E01020978,Hastings 009A,Violence and sexual offences,Unable to prosecute suspect,
58dbf33c8562566a301a74e09eaa5cfbd6fdda2d2bb770648d7b9688ded0966c,2017-03,Sussex Police,Sussex Police,0.582265,50.855245,On or near Pedestrian Subway,E01020978,Hastings 009A,Violence and sexual offences,Unable to prosecute suspect,
683ebde312c0994dadb73b9fa0c4908b8dd0f8918aa9d99c3c3e8c2e220ccb0b,2017-03,Sussex Police,Sussex Police,0.583200,50.858021,On or near Stone Street,E01020978,Hastings 009A,Violence and sexual offences,Offender sent to prison,
902070faa14a767071609c45cacfef9f0b591e38820f0f593233032e71c07bf4,2017-03,Sussex Police,Sussex Police,0.577980,50.855088,On or near Robertson Passage,E01020978,Hastings 009A,Violence and sexual offences,Court result unavailable,
9c7649bf158f7cf6452218dc8c3334b662bc9a60e439d7c87cd4dd5f67e62d70,2017-03,Sussex Police,Sussex Police,0.581359,50.855049,On or near Pelham Street,E01020978,Hastings 009A,Violence and sexual offences,Unable to prosecute suspect,
6091ae4ce9f22564671990afaa9a0c419e75a3093545a392bc4db40ca93ed2b9,2017-03,Sussex Police,Sussex Police,0.582072,50.856625,On or near Russell Street,E01020978,Hastings 009A,Violence and sexual offences,Unable to prosecute suspect,
2862e14d6aa5f1ad3cee6dbed43149a069d671329c15e5e3e17ffc137ea082e6,2017-03,Sussex Police,Sussex Police,0.577980,50.855088,On or near Robertson Passage,E01020978,Hastings 009A,Violence and sexual offences,Unable to prosecute suspect,
2c219c6beda0bd4026dc0b55da7437dcb196833342f97bc5c1f25687e02b5c40,2017-03,Sussex Police,Sussex Police,0.580198,50.855120,On or near Harold Place,E01020978,Hastings 009A,Violence and sexual offences,Investigation complete; no suspect identified,
dcef1b68375ebffecff7472f41600c34aaf069a1d6fa0ee0a89319bba459937e,2017-03,Sussex Police,Sussex Police,0.582072,50.856625,On or near Russell Street,E01020978,Hastings 009A,Violence and sexual offences,Awaiting court outcome,
99f35686a080ebc20020f891e8a53daca5a8130147ef2f66848676854eca40b5,2017-03,Sussex Police,Sussex Police,0.581359,50.855049,On or near Pelham Street,E01020978,Hastings 009A,Violence and sexual offences,Local resolution,
,2017-03,Sussex Police,Sussex Police,0.581518,50.857672,On or near Shopping Area,E01020979,Hastings 009B,Anti-social behaviour,,
,2017-03,Sussex Police,Sussex Police,0.580906,50.857397,On or near Hastings Priory Meadow,E01020979,Hastings 009B,Anti-social behaviour,,
,2017-03,Sussex Police,Sussex Police,0.580906,50.857397,On or near Hastings Priory Meadow,E01020979,Hastings 009B,Anti-social behaviour,,
,2017-03,Sussex Police,Sussex Police,0.578882,50.855733,On or near Nightclub,E01020979,Hastings 009B,Anti-social behaviour,,
,2017-03,Sussex Police,Sussex Police,0.578817,50.857390,On or near Station Road,E01020979,Hastings 009B,Anti-social behaviour,,
,2017-03,Sussex Police,Sussex Police,0.578640,50.856242,On or near Havelock Road,E01020979,Hastings 009B,Anti-social behaviour,,
,2017-03,Sussex Police,Sussex Police,0.578503,50.856083,On or near Nightclub,E01020979,Hastings 009B,Anti-social behaviour,,
,2017-03,Sussex Police,Sussex Police,0.578640,50.856242,On or near Havelock Road,E01020979,Hastings 009B,Anti-social behaviour,,
,2017-03,Sussex Police,Sussex Police,0.578640,50.856242,On or near Havelock Road,E01020979,Hastings 009B,Anti-social behaviour,,
,2017-03,Sussex Police,Sussex Police,0.578817,50.857390,On or near Station Road,E01020979,Hastings 009B,Anti-social behaviour,,
,2017-03,Sussex Police,Sussex Police,0.577455,50.855882,On or near Shopping Area,E01020979,Hastings 009B,Anti-social behaviour,,
,2017-03,Sussex Police,Sussex Police,0.577455,50.855882,On or near Shopping Area,E01020979,Hastings 009B,Anti-social behaviour,,
,2017-03,Sussex Police,Sussex Police,0.576400,50.855051,On or near Claremont,E01020979,Hastings 009B,Anti-social behaviour,,
,2017-03,Sussex Police,Sussex Police,0.576514,50.857108,On or near Cornwallis Terrace,E01020979,Hastings 009B,Anti-social behaviour,,
,2017-03,Sussex Police,Sussex Police,0.576514,50.857108,On or near Cornwallis Terrace,E01020979,Hastings 009B,Anti-social behaviour,,
,2017-03,Sussex Police,Sussex Police,0.576176,50.854588,On or near Nightclub,E01020979,Hastings 009B,Anti-social behaviour,,
,2017-03,Sussex Police,Sussex Police,0.575469,50.854648,On or near St Michael'S Place,E01020979,Hastings 009B,Anti-social behaviour,,
,2017-03,Sussex Police,Sussex Police,0.575469,50.854648,On or near St Michael'S Place,E01020979,Hastings 009B,Anti-social behaviour,,
,2017-03,Sussex Police,Sussex Police,0.574798,50.856408,On or near Cornwallis Gardens,E01020979,Hastings 009B,Anti-social behaviour,,
,2017-03,Sussex Police,Sussex Police,0.574798,50.856408,On or near Cornwallis Gardens,E01020979,Hastings 009B,Anti-social behaviour,,
,2017-03,Sussex Police,Sussex Police,0.574798,50.856408,On or near Cornwallis Gardens,E01020979,Hastings 009B,Anti-social behaviour,,
,2017-03,Sussex Police,Sussex Police,0.574047,50.853852,On or near White Rock,E01020979,Hastings 009B,Anti-social behaviour,,
,2017-03,Sussex Police,Sussex Police,0.573570,50.857335,On or near Linton Road,E01020979,Hastings 009B,Anti-social behaviour,,
,2017-03,Sussex Police,Sussex Police,0.573570,50.857335,On or near Linton Road,E01020979,Hastings 009B,Anti-social behaviour,,
,2017-03,Sussex Police,Sussex Police,0.573570,50.857335,On or near Linton Road,E01020979,Hastings 009B,Anti-social behaviour,,
,2017-03,Sussex Police,Sussex Police,0.573570,50.857335,On or near Linton Road,E01020979,Hastings 009B,Anti-social behaviour,,
,2017-03,Sussex Police,Sussex Police,0.573581,50.856228,On or near Holmesdale Gardens,E01020979,Hastings 009B,Anti-social behaviour,,
0c9c183a9a8cda7259657ed95392ae9cdfa069fdfec53a8790b598a5ec6b690c,2017-03,Sussex Police,Sussex Police,0.577411,50.857151,On or near Cornwallis Terrace,E01020979,Hastings 009B,Bicycle theft,Investigation complete; no suspect identified,
757298d9dc3de9608f9d0cb4003bb98160abd34d9ffcb1ce5e65b52d7db8664d,2017-03,Sussex Police,Sussex Police,0.575041,50.855144,On or near Dorset Place,E01020979,Hastings 009B,Bicycle theft,Investigation complete; no suspect identified,
21f0304beaf0d5f3965a7ea1930a27d7b44c82b979a2f1e379265f4e3b0b2534,2017-03,Sussex Police,Sussex Police,0.575469,50.854648,On or near St Michael'S Place,E01020979,Hastings 009B,Burglary,Investigation complete; no suspect identified,
bbb4fa62b211bb9846fb5de7ce6a2a59c348b68753d861882714e42c36918e40,2017-03,Sussex Police,Sussex Police,0.576727,50.854791,On or near Robertson Street,E01020979,Hastings 009B,Burglary,Unable to prosecute suspect,
9d621817b78b4bd7fe1b87efa682e9a61ee9844236bd2ee4e6d7529f0284272d,2017-03,Sussex Police,Sussex Police,0.578882,50.855733,On or near Nightclub,E01020979,Hastings 009B,Burglary,Investigation complete; no suspect identified,
8fadecaf3b15a0177c70b731258d281151a56b78b7c3b809a5fcd560ce5ecb81,2017-03,Sussex Police,Sussex Police,0.575469,50.854648,On or near St Michael'S Place,E01020979,Hastings 009B,Burglary,Offender given community sentence,
62f374166fc0343b953ebb80eb6fdfae91c1f3478b5e1d8dd08e57b7ff9bbdea,2017-03,Sussex Police,Sussex Police,0.576360,50.856374,On or near Cambridge Gardens,E01020979,Hastings 009B,Burglary,Investigation complete; no suspect identified,
3cbfd9cf8ed236e15eba308bcd7f6ed2f2922de1dfa4b3a2e2e85014255e3279,2017-03,Sussex Police,Sussex Police,0.572981,50.854110,On or near White Rock Road,E01020979,Hastings 009B,Burglary,Investigation complete; no suspect identified,
ad27ae9940a382f371defc48e29dfc7053b136f0d26d0d0073e8068e4d49b472,2017-03,Sussex Police,Sussex Police,0.579176,50.856680,On or near Middle Street,E01020979,Hastings 009B,Criminal damage and arson,Investigation complete; no suspect identified,
d86f28d251c1703c35a46cb91114efe557919f344b79e8a00223739f40205133,2017-03,Sussex Police,Sussex Police,0.578882,50.855733,On or near Nightclub,E01020979,Hastings 009B,Criminal damage and arson,Unable to prosecute suspect,
cf1008899d76556ce761ac7301a87f51727caeb50929960a363a67c341db9773,2017-03,Sussex Police,Sussex Police,0.579176,50.856680,On or near Middle Street,E01020979,Hastings 009B,Criminal damage and arson,Unable to prosecute suspect,
612cf8ae1e6433c97bf4f454d3c4d46c56722ec0250315484edf271774175f58,2017-03,Sussex Police,Sussex Police,0.576514,50.857108,On or near Cornwallis Terrace,E01020979,Hastings 009B,Criminal damage and arson,Investigation complete; no suspect identified,
b99bdf692e1f65695646f3f27d80dda5f4c8cae131d7b8657e42d4862d61a07b,2017-03,Sussex Police,Sussex Police,0.571674,50.853347,On or near Verulam Place,E01020979,Hastings 009B,Criminal damage and arson,Investigation complete; no suspect identified,
a940643b78a2a0d2bb6f2f10acf565da34ddc41531da7d109f3b3d5889beb59f,2017-03,Sussex Police,Sussex Police,0.572981,50.854110,On or near White Rock Road,E01020979,Hastings 009B,Criminal damage and arson,Investigation complete; no suspect identified,
20ae516cff04e891eb7fcc5a782536f6153788754f8b24ddea5a80a24900963e,2017-03,Sussex Police,Sussex Police,0.580906,50.857397,On or near Hastings Priory Meadow,E01020979,Hastings 009B,Criminal damage and arson,Investigation complete; no suspect identified,
15ade2686454ff48057113a1ff8a539761cb2752123109c5898b8c5add8ec37c,2017-03,Sussex Police,Sussex Police,0.574047,50.853852,On or near White Rock,E01020979,Hastings 009B,Criminal damage and arson,Investigation complete; no suspect identified,
091c63bc0ec2dbb4068d3f14113f83fdd35453d8462241500766bfefb4b2db89,2017-03,Sussex Police,Sussex Police,0.573570,50.857335,On or near Linton Road,E01020979,Hastings 009B,Criminal damage and arson,Investigation complete; no suspect identified,
4b6c3eb8284cdc0bf89e99c1536e9819ef2b32ea88ec6e1e10a3aa8257be6726,2017-03,Sussex Police,Sussex Police,0.575469,50.854648,On or near St Michael'S Place,E01020979,Hastings 009B,Drugs,Unable to prosecute suspect,
2e375d298111b6ff34d2a6877ae81fcfe378b511b2ac321103a7818791a2df4a,2017-03,Sussex Police,Sussex Police,0.576514,50.857108,On or near Cornwallis Terrace,E01020979,Hastings 009B,Drugs,Court result unavailable,
b213b0910e7367cc7a8551727b654e743533464ac0aaa39218b23ede365eb21b,2017-03,Sussex Police,Sussex Police,0.577411,50.857151,On or near Cornwallis Terrace,E01020979,Hastings 009B,Drugs,Court result unavailable,
20fe0fecf6d5e3e60ad1dcc8fda305a14843b6619ca68c212fb5e36a1daf57d4,2017-03,Sussex Police,Sussex Police,0.576360,50.856374,On or near Cambridge Gardens,E01020979,Hastings 009B,Drugs,Awaiting court outcome,
6b3d43de12050a7481eb427b3a7448c4824bfd671b20e91ff7fac1a31c6024ab,2017-03,Sussex Police,Sussex Police,0.573581,50.856228,On or near Holmesdale Gardens,E01020979,Hastings 009B,Drugs,Awaiting court outcome,
5892ffa7e4188f310c27f05e86c15c7265e73bc5ac65ba2ad53975d7ea64a5fc,2017-03,Sussex Police,Sussex Police,0.574832,50.855472,On or near Cambridge Road,E01020979,Hastings 009B,Drugs,Offender given a drugs possession warning,
6c8866c8be2c645e701b4aba77f1071f73e9a4a227f3f26ba17932d1ea5b532d,2017-03,Sussex Police,Sussex Police,0.578882,50.855733,On or near Nightclub,E01020979,Hastings 009B,Other theft,Unable to prosecute suspect,
d9fc10d62f92fba862779920f8423e3b2434c0fec95afd4e18cab240e851a0b6,2017-03,Sussex Police,Sussex Police,0.578882,50.855733,On or near Nightclub,E01020979,Hastings 009B,Other theft,Status update unavailable,
a845b9f3069354d4358f17bb779591c499d068de74ebe25c5eb0934cc4c23872,2017-03,Sussex Police,Sussex Police,0.578882,50.855733,On or near Nightclub,E01020979,Hastings 009B,Other theft,Investigation complete; no suspect identified,
1ffdb40a62997ac19bda970d759f002a72f739e515322125a0ccb0ace3a1cc78,2017-03,Sussex Police,Sussex Police,0.573581,50.856228,On or near Holmesdale Gardens,E01020979,Hastings 009B,Other theft,Investigation complete; no suspect identified,
9f1f12f3d33c4fcb4f72dc121622f18bdac2f091087a49757ec485be917fdce9,2017-03,Sussex Police,Sussex Police,0.578882,50.855733,On or near Nightclub,E01020979,Hastings 009B,Other theft,Investigation complete; no suspect identified,
931a6b0d9bb0eacfc27caca2ce3656c258f39699a0a172e19e67ea0fc55292af,2017-03,Sussex Police,Sussex Police,0.577555,50.856401,On or near Priory Street,E01020979,Hastings 009B,Other theft,Investigation complete; no suspect identified,
cdb556acf8ee94d4408681d98f80154181ca151c9a414684e52e3e38fae2eb35,2017-03,Sussex Police,Sussex Police,0.580906,50.857397,On or near Hastings Priory Meadow,E01020979,Hastings 009B,Public order,Further investigation is not in the public interest,
cde5d8c4bbb96afd34de312bdb3b8fa2c6ac5658cdb75ab3fa4d00c02b4a05f6,2017-03,Sussex Police,Sussex Police,0.576894,50.855238,On or near Trinity Street,E01020979,Hastings 009B,Public order,Investigation complete; no suspect identified,
6e835db7af8a39870c208a5849527697a11a0431e9ead0dde5532a0d24ced7ba,2017-03,Sussex Police,Sussex Police,0.574047,50.853852,On or near White Rock,E01020979,Hastings 009B,Public order,Unable to prosecute suspect,
7d850a79b5c28eaa15d4132906f50a2cc46b988fb27c91ded6118778b39078d8,2017-03,Sussex Police,Sussex Police,0.580052,50.857875,On or near Parking Area,E01020979,Hastings 009B,Public order,Further investigation is not in the public interest,
3b85d1efe82a880c0c09525c7932b2f85f875897ee7cceeed4239fd8854afdb8,2017-03,Sussex Police,Sussex Police,0.578882,50.855733,On or near Nightclub,E01020979,Hastings 009B,Public order,Unable to prosecute suspect,
4d5ff85027c5445bb1890ac41371244b3f9c12af66d1840449ade378830ef46b,2017-03,Sussex Police,Sussex Police,0.578817,50.857390,On or near Station Road,E01020979,Hastings 009B,Public order,Unable to prosecute suspect,
3638bcfe63c1d78088b19b41febbfce1e93c5f6033593a9a80c11f806a7d4a9e,2017-03,Sussex Police,Sussex Police,0.580906,50.857397,On or near Hastings Priory Meadow,E01020979,Hastings 009B,Public order,Unable to prosecute suspect,
b2e10296da9202faea1866afc924fea930cea10a2299896c97775113400431c3,2017-03,Sussex Police,Sussex Police,0.580906,50.857397,On or near Hastings Priory Meadow,E01020979,Hastings 009B,Public order,Status update unavailable,
9454ec866bcd6ffa23d69203083cf3e5d8f10183814437e9ace6c2528cc7c6ea,2017-03,Sussex Police,Sussex Police,0.578640,50.856242,On or near Havelock Road,E01020979,Hastings 009B,Public order,Offender given conditional discharge,
8f848aa5284b78c96175de5f8363db2b1c68b7fd2a3803269e4308c5ad9a7bc5,2017-03,Sussex Police,Sussex Police,0.580476,50.857326,On or near Shopping Area,E01020979,Hastings 009B,Shoplifting,Further investigation is not in the public interest,
ed07f1a8d43bad046d585810249c858aee2c8069bcabfe8b1c6f84a507647a30,2017-03,Sussex Police,Sussex Police,0.579176,50.856680,On or near Middle Street,E01020979,Hastings 009B,Shoplifting,Investigation complete; no suspect identified,
9fb8c033c16fc4eccab45752a385689991d1e2b198deaf537e1b9b1058aea2f2,2017-03,Sussex Police,Sussex Police,0.580476,50.857326,On or near Shopping Area,E01020979,Hastings 009B,Shoplifting,Investigation complete; no suspect identified,
7612cda94d422695320e4cd5404d1aa056d8dfbf04b83cfcf0158e7a898baefc,2017-03,Sussex Police,Sussex Police,0.580699,50.858265,On or near South Terrace,E01020979,Hastings 009B,Shoplifting,Investigation complete; no suspect identified,
7d8606ecf6ea9e30e2cc148de5b3479c47175bc6b967df3c10aae15c64d25ca9,2017-03,Sussex Police,Sussex Police,0.580906,50.857397,On or near Hastings Priory Meadow,E01020979,Hastings 009B,Shoplifting,Unable to prosecute suspect,
750e863e2997de4025df7030477fc98ab9f81e61cf8b5d77361036f4d65e18f0,2017-03,Sussex Police,Sussex Police,0.581518,50.857672,On or near Shopping Area,E01020979,Hastings 009B,Shoplifting,Status update unavailable,
240eaa75aecc8da3d2584cb0d17cf1f82809c33254c7db407cda8c356dc6299a,2017-03,Sussex Police,Sussex Police,0.580906,50.857397,On or near Hastings Priory Meadow,E01020979,Hastings 009B,Shoplifting,Offender given a caution,
aeacf7dcb652711d8c149e0952e0f055bfa66d9c74b0d66cd9a963b777577f7d,2017-03,Sussex Police,Sussex Police,0.581518,50.857672,On or near Shopping Area,E01020979,Hastings 009B,Shoplifting,Offender given community sentence,
4e6a574df3df50073cb2405319030f8271d86c491b291049cd96b17412d2bfba,2017-03,Sussex Police,Sussex Police,0.581518,50.857672,On or near Shopping Area,E01020979,Hastings 009B,Shoplifting,Investigation complete; no suspect identified,
55f9afa4e6642d0993fe29bf6daa0cee51bbe533636770f7e9e7aca4f82818ff,2017-03,Sussex Police,Sussex Police,0.578817,50.857390,On or near Station Road,E01020979,Hastings 009B,Shoplifting,Status update unavailable,
3ba13aa227ad09e9e8ce216f17f74ec45241b1c21640625f1fc7f36a49793d7f,2017-03,Sussex Police,Sussex Police,0.580476,50.857326,On or near Shopping Area,E01020979,Hastings 009B,Shoplifting,Unable to prosecute suspect,
5d10824902692769142bbe6a23c464e1034c19014c4c039466a9066185a64d20,2017-03,Sussex Police,Sussex Police,0.577555,50.856401,On or near Priory Street,E01020979,Hastings 009B,Shoplifting,Offender given community sentence,
ae8a025b4c725309e21084d190ca3a7fa4262aacafc7b4049b63659468d9f670,2017-03,Sussex Police,Sussex Police,0.574479,50.854481,On or near White Rock Gardens,E01020979,Hastings 009B,Vehicle crime,Investigation complete; no suspect identified,
2fc15fed6ef198cf5710665116a416c847b74ae6712325ad349e93939b4763f9,2017-03,Sussex Police,Sussex Police,0.578817,50.857390,On or near Station Road,E01020979,Hastings 009B,Violence and sexual offences,Offender given community sentence,
7b913ea47fa6ea0b0777f8292ec977a4c32e3f416f8e4e82bdf6031dde35fa00,2017-03,Sussex Police,Sussex Police,0.577455,50.855882,On or near Shopping Area,E01020979,Hastings 009B,Violence and sexual offences,Unable to prosecute suspect,
0b26a8d1fd677a8de36a7874ec4bce96db97ef06eec79b0cf2782684b7383560,2017-03,Sussex Police,Sussex Police,0.576514,50.857108,On or near Cornwallis Terrace,E01020979,Hastings 009B,Violence and sexual offences,Offender sent to prison,
742166561488292f22b15f14fb6640d302e12322ec78c5445fdc1c0f38967e51,2017-03,Sussex Police,Sussex Police,0.575769,50.855190,On or near Prospect Place,E01020979,Hastings 009B,Violence and sexual offences,Investigation complete; no suspect identified,
cfbe61974368946132d8ed7eaaf5a22053531acfee05ec38c0dce58edeed5343,2017-03,Sussex Police,Sussex Police,0.573570,50.857335,On or near Linton Road,E01020979,Hastings 009B,Violence and sexual offences,Unable to prosecute suspect,
20d94ea9fde7a8b1e9300355ee7674b276c15f18a62b283d72e035508e7bf00a,2017-03,Sussex Police,Sussex Police,0.578640,50.856242,On or near Havelock Road,E01020979,Hastings 009B,Violence and sexual offences,Investigation complete; no suspect identified,
ffea7ff1916a85ca4ebb2237366f7b043fff28fc99b4b34db9b867b9884938bf,2017-03,Sussex Police,Sussex Police,0.578999,50.857862,On or near Devonshire Road,E01020979,Hastings 009B,Violence and sexual offences,Unable to prosecute suspect,
f80bb92b34109f56a42c679a12da0fc116cb155efba2ed3a7caa1c3da3fb23b5,2017-03,Sussex Police,Sussex Police,0.578882,50.855733,On or near Nightclub,E01020979,Hastings 009B,Violence and sexual offences,Investigation complete; no suspect identified,
0c3245122dc0625a7585c2dae7b94590c700d281981e33673b7d27f66cb15dbc,2017-03,Sussex Police,Sussex Police,0.576514,50.857108,On or near Cornwallis Terrace,E01020979,Hastings 009B,Violence and sexual offences,Unable to prosecute suspect,
50b7668e0154a9624da95d3688c06a92d88d421e337ae8b83d50bba3561c08c4,2017-03,Sussex Police,Sussex Police,0.577535,50.855520,On or near Nightclub,E01020979,Hastings 009B,Violence and sexual offences,Offender given a caution,
6fe66ce7c6cc6a3907cc552b6da845b161b15cddc2c41cb783fdc0843b87139f,2017-03,Sussex Police,Sussex Police,0.577411,50.857151,On or near Cornwallis Terrace,E01020979,Hastings 009B,Violence and sexual offences,Unable to prosecute suspect,
50441dbbdeb92a65f43a10042b38faf81542748e9e858b15443bf7ea33f05ce1,2017-03,Sussex Police,Sussex Police,0.578817,50.857390,On or near Station Road,E01020979,Hastings 009B,Violence and sexual offences,Unable to prosecute suspect,
f0273e66121eba466881d5d295587baf4f282fe4c592b83c1c1228b3f7191ece,2017-03,Sussex Police,Sussex Police,0.576727,50.854791,On or near Robertson Street,E01020979,Hastings 009B,Violence and sexual offences,Unable to prosecute suspect,
d4e9b6bd66ae4080a289722d2cecb2abbceaa495326c78517af279c59668c528,2017-03,Sussex Police,Sussex Police,0.573570,50.857335,On or near Linton Road,E01020979,Hastings 009B,Violence and sexual offences,Investigation complete; no suspect identified,
91463667d6b4d5a886310bdc78885c8cb61e8fe79c5504f4e8ea1dcafd061ef7,2017-03,Sussex Police,Sussex Police,0.573581,50.856228,On or near Holmesdale Gardens,E01020979,Hastings 009B,Violence and sexual offences,Unable to prosecute suspect,
e12544a7051ad5eeccfb75aa8b67af885bfa526b37379e0b24e467ff7d31e1a3,2017-03,Sussex Police,Sussex Police,0.576514,50.857108,On or near Cornwallis Terrace,E01020979,Hastings 009B,Violence and sexual offences,Unable to prosecute suspect,
ca7129c14d2b59fc7801364b3c13738f73273033387b863d21f95c778c1bed83,2017-03,Sussex Police,Sussex Police,0.573581,50.856228,On or near Holmesdale Gardens,E01020979,Hastings 009B,Violence and sexual offences,Unable to prosecute suspect,
cccfe77e2b6e4a8c3dc65fa5ce2a39d5e2f5645b3341fca177f466cbe1cb0209,2017-03,Sussex Police,Sussex Police,0.577411,50.857151,On or near Cornwallis Terrace,E01020979,Hastings 009B,Violence and sexual offences,Investigation complete; no suspect identified,
eee8579eef618a2fc91264ef8c33dd22a4b72ce0e097fd3fd5d44cd3fdefbd64,2017-03,Sussex Police,Sussex Police,0.578817,50.857390,On or near Station Road,E01020979,Hastings 009B,Violence and sexual offences,Status update unavailable,
cd25d49e37085b27ab1091f6f06830ce519c7d7176d3740713afdbc882ec633d,2017-03,Sussex Police,Sussex Police,0.576360,50.856374,On or near Cambridge Gardens,E01020979,Hastings 009B,Violence and sexual offences,Investigation complete; no suspect identified,
0118e2df3728b457528d9fa79d8fa1a4bb7da799b83595fe4298ca279f1c050f,2017-03,Sussex Police,Sussex Police,0.574832,50.855472,On or near Cambridge Road,E01020979,Hastings 009B,Violence and sexual offences,Unable to prosecute suspect,
f5db2f71103f7551df582c0d8182d8966c1d5721ff8874065f4d9ce85018bfc5,2017-03,Sussex Police,Sussex Police,0.578640,50.856242,On or near Havelock Road,E01020979,Hastings 009B,Violence and sexual offences,Unable to prosecute suspect,
ae792e0136a17ece7d6b02c0515e43cdc71e0c1042f9b1c376c535e7cc909cfb,2017-03,Sussex Police,Sussex Police,0.573581,50.856228,On or near Holmesdale Gardens,E01020979,Hastings 009B,Violence and sexual offences,Unable to prosecute suspect,
c8a1cb2477b180205bfae6135b55d264b0a341d79a7722fc45627f5cdccd7bdf,2017-03,Sussex Police,Sussex Police,0.577555,50.856401,On or near Priory Street,E01020979,Hastings 009B,Violence and sexual offences,Offender fined,
1c8450c96f14855c8558c9dd436dda9fd57ce106a877bb3caa27c7741a53619e,2017-03,Sussex Police,Sussex Police,0.580476,50.857326,On or near Shopping Area,E01020979,Hastings 009B,Violence and sexual offences,Local resolution,
55054548e45a16074a1d304f70edd61302e85433d25f5d78cd99b5becc8b0209,2017-03,Sussex Police,Sussex Police,0.576727,50.854791,On or near Robertson Street,E01020979,Hastings 009B,Violence and sexual offences,Offender fined,
f3623a0c005cad175a11a1d5ccd176dfc828d5870c575e734329be2c3f989966,2017-03,Sussex Police,Sussex Police,0.577535,50.855520,On or near Nightclub,E01020979,Hastings 009B,Violence and sexual offences,Offender given community sentence,
ff69b52aa8a7582008cfc5ce54d8cc540bd0b85efef774b31f8884e5dfa58c72,2017-03,Sussex Police,Sussex Police,0.576514,50.857108,On or near Cornwallis Terrace,E01020979,Hastings 009B,Violence and sexual offences,Unable to prosecute suspect,
,2017-03,Sussex Police,Sussex Police,0.586028,50.863148,On or near Saunders Close,E01020980,Hastings 009C,Anti-social behaviour,,
,2017-03,Sussex Police,Sussex Police,0.585081,50.861712,On or near Nelson Road,E01020980,Hastings 009C,Anti-social behaviour,,
,2017-03,Sussex Police,Sussex Police,0.585081,50.861712,On or near Nelson Road,E01020980,Hastings 009C,Anti-social behaviour,,
,2017-03,Sussex Police,Sussex Police,0.585081,50.861712,On or near Nelson Road,E01020980,Hastings 009C,Anti-social behaviour,,
,2017-03,Sussex Police,Sussex Police,0.585598,50.862582,On or near Becket Close,E01020980,Hastings 009C,Anti-social behaviour,,
,2017-03,Sussex Police,Sussex Police,0.585598,50.862582,On or near Becket Close,E01020980,Hastings 009C,Anti-social behaviour,,
c65264e6b53957e4f4704691acaf86e8db8e2dca2ad41d80c6ce71df9676978e,2017-03,Sussex Police,Sussex Police,0.585598,50.862582,On or near Becket Close,E01020980,Hastings 009C,Burglary,Investigation complete; no suspect identified,
d254b2c51d5f1b7a34d1ce9274b218a33840f027701ad06c35889f49cdaee634,2017-03,Sussex Police,Sussex Police,0.586028,50.863148,On or near Saunders Close,E01020980,Hastings 009C,Criminal damage and arson,Investigation complete; no suspect identified,
a1a773c3dc7158290b4fdaa2e6470be64c7c5a7f62e5c60f93ddb02babdbfdc7,2017-03,Sussex Police,Sussex Police,0.586028,50.863148,On or near Saunders Close,E01020980,Hastings 009C,Criminal damage and arson,Unable to prosecute suspect,
5c3fab4af954942bde1ca7817007ebe8caebeecf4801980cf11d60afac7e5bed,2017-03,Sussex Police,Sussex Police,0.585598,50.862582,On or near Becket Close,E01020980,Hastings 009C,Criminal damage and arson,Investigation complete; no suspect identified,
2021653ee78e2f9e71051d283415f7567ce4fad1622905261d74905d21790eb2,2017-03,Sussex Police,Sussex Police,0.586028,50.863148,On or near Saunders Close,E01020980,Hastings 009C,Criminal damage and arson,Investigation complete; no suspect identified,
5e302f87cd9ac64796b1426da1034f3a21a98c7009d4a773e3ca98ba2e49e9aa,2017-03,Sussex Police,Sussex Police,0.585081,50.861712,On or near Nelson Road,E01020980,Hastings 009C,Criminal damage and arson,Investigation complete; no suspect identified,
498bb485029cc985fca37d32afdfb7ba1af17c94b026635623f4e9b11e6af7cc,2017-03,Sussex Police,Sussex Police,0.585714,50.860052,On or near Milward Road,E01020980,Hastings 009C,Criminal damage and arson,Investigation complete; no suspect identified,
21e7025fd5f0420cc2ac49e097be6c5895d63cc487a980f0badc6cf06e377d8d,2017-03,Sussex Police,Sussex Police,0.585598,50.862582,On or near Becket Close,E01020980,Hastings 009C,Criminal damage and arson,Investigation complete; no suspect identified,
c9461c96a4245ee90204f53559172ecb19c65da8b84ba216eb0c60418ec6f389,2017-03,Sussex Police,Sussex Police,0.583402,50.859096,On or near Queen'S Road,E01020980,Hastings 009C,Drugs,Court result unavailable,
8de7f0a7c824cac884bdb399e5f8670e67f94d82e84e1bec3dcd3e90aa0cb1c7,2017-03,Sussex Police,Sussex Police,0.585714,50.860052,On or near Milward Road,E01020980,Hastings 009C,Drugs,Awaiting court outcome,
acf1e780c4bf9da883eda88cd15832f9f154ee5cf346171cfe48c0cf170baada,2017-03,Sussex Police,Sussex Police,0.585714,50.860052,On or near Milward Road,E01020980,Hastings 009C,Drugs,Awaiting court outcome,
c92593fca96a2969e2b0bed5572d2b265d55d690b2ee03f6f7889f97f84e19e7,2017-03,Sussex Police,Sussex Police,0.585714,50.860052,On or near Milward Road,E01020980,Hastings 009C,Public order,Investigation complete; no suspect identified,
ac86681c28024aeed3341a99b6ccbab5b47eb6fd93f4e1069993ed8e59b9a2ec,2017-03,Sussex Police,Sussex Police,0.585081,50.861712,On or near Nelson Road,E01020980,Hastings 009C,Public order,Unable to prosecute suspect,
a7bf5538ab2b3e8d32cc28dbd0489ec222cdd9678a8a9dd1a387a18412f3e9fc,2017-03,Sussex Police,Sussex Police,0.585714,50.860052,On or near Milward Road,E01020980,Hastings 009C,Robbery,Investigation complete; no suspect identified,
679a77ed98dfa461a32a9e3b4d41c017d42b11efb3c3d546e0cd84aac680f88f,2017-03,Sussex Police,Sussex Police,0.586028,50.863148,On or near Saunders Close,E01020980,Hastings 009C,Vehicle crime,Investigation complete; no suspect identified,
9c66af30e8e09e4b5d4e5871053541e098d40b11a26cec3959870c0517ad3fba,2017-03,Sussex Police,Sussex Police,0.583402,50.859096,On or near Queen'S Road,E01020980,Hastings 009C,Violence and sexual offences,Investigation complete; no suspect identified,
231e87aa6d2ad902e9e6641ee67615c8478fff3e2b2912d5084499fdc9cc4193,2017-03,Sussex Police,Sussex Police,0.585714,50.860052,On or near Milward Road,E01020980,Hastings 009C,Violence and sexual offences,Unable to prosecute suspect,
b5d1c0bc3a3dee8c63c27ddc7a06827427a8be1b1129626e3a32ea8029dc52e3,2017-03,Sussex Police,Sussex Police,0.583402,50.859096,On or near Queen'S Road,E01020980,Hastings 009C,Violence and sexual offences,Defendant found not guilty,
634829d8b5783bcc14e224217a7ddf2d040d2a350bdd519b71635dc2f01599e3,2017-03,Sussex Police,Sussex Police,0.586028,50.863148,On or near Saunders Close,E01020980,Hastings 009C,Violence and sexual offences,Investigation complete; no suspect identified,
c9d91933f800354f93cad29066845c89dc767f2dd95fec5405f79cd27edec59b,2017-03,Sussex Police,Sussex Police,0.585714,50.860052,On or near Milward Road,E01020980,Hastings 009C,Violence and sexual offences,Unable to prosecute suspect,
bc5179ebdad7e0a3bf913be6039ba86493f89f3f0aa95be54b65da0b491cbb5a,2017-03,Sussex Police,Sussex Police,0.582771,50.859767,On or near Parking Area,E01020980,Hastings 009C,Violence and sexual offences,Defendant found not guilty,
8429505b4489b01bc3ba905548867f97c3eba8b7a597e10e0e2b5768762e751d,2017-03,Sussex Police,Sussex Police,0.585714,50.860052,On or near Milward Road,E01020980,Hastings 009C,Violence and sexual offences,Unable to prosecute suspect,
2bc4aebb314e0e6d1efab8bfa94ccb81d953a242bcca8de5290b5b894bf3e866,2017-03,Sussex Police,Sussex Police,0.585081,50.861712,On or near Nelson Road,E01020980,Hastings 009C,Violence and sexual offences,Further investigation is not in the public interest,
,2017-03,Sussex Police,Sussex Police,0.589078,50.860238,On or near Priory Road,E01020981,Hastings 009D,Anti-social behaviour,,
,2017-03,Sussex Police,Sussex Police,0.588111,50.864073,On or near Manor Road,E01020981,Hastings 009D,Anti-social behaviour,,
,2017-03,Sussex Police,Sussex Police,0.588111,50.864073,On or near Manor Road,E01020981,Hastings 009D,Anti-social behaviour,,
b2b455b1cf797e2a9b35366499419ac4aada49ab9182eaacc606f0001e0ceff8,2017-03,Sussex Police,Sussex Police,0.589446,50.863018,On or near Whitefriars Road,E01020981,Hastings 009D,Criminal damage and arson,Investigation complete; no suspect identified,
9c2ba91cec819512d2256a4ab95b6b70000d18750529e509be7ea307e39312be,2017-03,Sussex Police,Sussex Police,0.588111,50.864073,On or near Manor Road,E01020981,Hastings 009D,Other theft,Unable to prosecute suspect,
0e007c007201b7350be1c539a647dc7290ee2f5d17b70ea6653527fe2cd0929d,2017-03,Sussex Police,Sussex Police,0.589446,50.863018,On or near Whitefriars Road,E01020981,Hastings 009D,Other theft,Investigation complete; no suspect identified,
c18fe82ab1d64dba6562615c57ba3c041928275270d3dd307245f80b26f673d1,2017-03,Sussex Police,Sussex Police,0.590524,50.860944,On or near Collier Road,E01020981,Hastings 009D,Vehicle crime,Investigation complete; no suspect identified,
e57942450157575d2f72f5d7a720ce97ff4735d13f624516c0214fd6144898e3,2017-03,Sussex Police,Sussex Police,0.587965,50.860398,On or near Plynlimmon Road,E01020981,Hastings 009D,Vehicle crime,Investigation complete; no suspect identified,
c7e7ac9886e25a5fe67da69fd2ab2ffaae550b89143353da5ad3a939d0ade39b,2017-03,Sussex Police,Sussex Police,0.591597,50.862089,On or near Croft Road,E01020981,Hastings 009D,Violence and sexual offences,Investigation complete; no suspect identified,
54007133f8d80b93a5219259aedb91271759c241827778eaf2e9205091b3a5bd,2017-03,Sussex Police,Sussex Police,0.589501,50.862487,On or near Gladstone Terrace,E01020981,Hastings 009D,Violence and sexual offences,Action to be taken by another organisation,
,2017-03,Sussex Police,Sussex Police,0.547543,50.854308,On or near Tudor Avenue,E01020997,Hastings 010A,Anti-social behaviour,,
,2017-03,Sussex Police,Sussex Police,0.547543,50.854308,On or near Tudor Avenue,E01020997,Hastings 010A,Anti-social behaviour,,
,2017-03,Sussex Police,Sussex Police,0.545042,50.853517,On or near Cavendish Avenue,E01020997,Hastings 010A,Anti-social behaviour,,
,2017-03,Sussex Police,Sussex Police,0.543598,50.853090,On or near Welbeck Avenue,E01020997,Hastings 010A,Anti-social behaviour,,
,2017-03,Sussex Police,Sussex Police,0.542637,50.855809,On or near Cypress Close,E01020997,Hastings 010A,Anti-social behaviour,,
,2017-03,Sussex Police,Sussex Police,0.542710,50.856365,On or near Merrimede Close,E01020997,Hastings 010A,Anti-social behaviour,,
a4e4f62ceb7af80b5ce90182c3c9e370339ebf0af2f47d62bd062345bb927059,2017-03,Sussex Police,Sussex Police,0.539540,50.855553,On or near Addington Close,E01020997,Hastings 010A,Criminal damage and arson,Unable to prosecute suspect,
83345914e5206a6ca3fe5587ead4a1f2c353910ec244df1eb1e617bce3da28d3,2017-03,Sussex Police,Sussex Police,0.539001,50.856617,On or near Turnberry Close,E01020997,Hastings 010A,Other theft,Unable to prosecute suspect,
fca20776592202b8baee6ba6ae8b831283045f93785dc2f72dc8fe6ba0c151c4,2017-03,Sussex Police,Sussex Police,0.545042,50.853517,On or near Cavendish Avenue,E01020997,Hastings 010A,Public order,Investigation complete; no suspect identified,
ba1fb23d3f8d91629f60516eeb12b8e8bc8070765b26afd9f417dabe1c96b85c,2017-03,Sussex Police,Sussex Police,0.540252,50.857930,On or near Muirfield Rise,E01020997,Hastings 010A,Other crime,Action to be taken by another organisation,
0a7d39f11811e04508ba6ff109bdfef13913bad56daa63087ce9aaf01689e386,2017-03,Sussex Police,Sussex Police,0.550295,50.853969,On or near Highlands Drive,E01020998,Hastings 010B,Criminal damage and arson,Investigation complete; no suspect identified,
ca3b156e706656c2f91e7f4800a0273435c35e8fa26de5b3bd7e8bcaf20e9fb7,2017-03,Sussex Police,Sussex Police,0.550295,50.853969,On or near Highlands Drive,E01020998,Hastings 010B,Criminal damage and arson,Investigation complete; no suspect identified,
576cdfc1dd13248f63e9fcf8341dc5b711824ff3ad1494e4bfb549763462f8ef,2017-03,Sussex Police,Sussex Police,0.552778,50.856244,On or near Brittany Road,E01020998,Hastings 010B,Drugs,Awaiting court outcome,
9c45339696d6a0d0eb0222e85e7d068e5c5caa633cc070f484be4ce84891e6c4,2017-03,Sussex Police,Sussex Police,0.553068,50.855564,On or near Kenilworth Road,E01020998,Hastings 010B,Public order,Investigation complete; no suspect identified,
bc495956397ef74c22bac6419a30dc844e5794e4a1395b462f7bff3fd31471f2,2017-03,Sussex Police,Sussex Police,0.550159,50.853810,On or near Highlands Gardens,E01020998,Hastings 010B,Public order,Unable to prosecute suspect,
a8746a1138ad44a5976ec102691f4b26ffd1f1f8ece94a30fa2ef47b2bc746b4,2017-03,Sussex Police,Sussex Police,0.546465,50.851741,On or near West Hill Road,E01020998,Hastings 010B,Vehicle crime,Investigation complete; no suspect identified,
f327b8e87c755d9879597449768d958608c78c4c0c7b465dcedf8c1f02d400db,2017-03,Sussex Police,Sussex Police,0.553068,50.855564,On or near Kenilworth Road,E01020998,Hastings 010B,Violence and sexual offences,Status update unavailable,
881292fedc9095a3f16a65889b19f5fc545be4a7dbc960c7200be91fe0666e0e,2017-03,Sussex Police,Sussex Police,0.552827,50.852978,On or near Quarry Hill,E01020998,Hastings 010B,Violence and sexual offences,Unable to prosecute suspect,
3c78859acfafa4684eaa1705e877d2c1caf160c4659a48ffa770c8a549f53d78,2017-03,Sussex Police,Sussex Police,0.550729,50.855138,On or near Pevensey Road,E01020998,Hastings 010B,Violence and sexual offences,Local resolution,
9fa2c733120b4ccf63d21e0a541e69c415e9eb13cd23d5a7a851a893fe25a395,2017-03,Sussex Police,Sussex Police,0.548660,50.852899,On or near Boscobel Road,E01020998,Hastings 010B,Violence and sexual offences,Unable to prosecute suspect,
56a76b6f90d21f1749e04b604f5c4d0142c1d08ea03a8a20778442f159a2a44d,2017-03,Sussex Police,Sussex Police,0.553068,50.855564,On or near Kenilworth Road,E01020998,Hastings 010B,Violence and sexual offences,Unable to prosecute suspect,
3b6af8027bb04a9b81f927dc20bdf98630ba5271b46ea55e0d6bd686a94efdcd,2017-03,Sussex Police,Sussex Police,0.553068,50.855564,On or near Kenilworth Road,E01020998,Hastings 010B,Violence and sexual offences,Unable to prosecute suspect,
cfa971f23443097323b7cd55d43e133cf6241ce02525e15f4c83ca25900e646b,2017-03,Sussex Police,Sussex Police,0.553068,50.855564,On or near Kenilworth Road,E01020998,Hastings 010B,Violence and sexual offences,Unable to prosecute suspect,
,2017-03,Sussex Police,Sussex Police,0.544007,50.857740,On or near St Dominic Close,E01020999,Hastings 010C,Anti-social behaviour,,
,2017-03,Sussex Police,Sussex Police,0.544007,50.857740,On or near St Dominic Close,E01020999,Hastings 010C,Anti-social behaviour,,
,2017-03,Sussex Police,Sussex Police,0.544007,50.857740,On or near St Dominic Close,E01020999,Hastings 010C,Anti-social behaviour,,
e5e80a4659c34ad9e15d61f0d6ccd8914d35f9342832e6fa2c7131fae0609f29,2017-03,Sussex Police,Sussex Police,0.539612,50.860534,On or near The Fairway,E01020999,Hastings 010C,Criminal damage and arson,Investigation complete; no suspect identified,
ab2d883c038be96912ac1db42159da3e0e677b0c67ffcc29ed68f52f2f12cf34,2017-03,Sussex Police,Sussex Police,0.541471,50.862320,On or near Fern Road,E01020999,Hastings 010C,Possession of weapons,Court result unavailable,
5e8d3b11fa9a00f6535a4721bcab29c758391b4ab623c0ff495764cdb1f2fa61,2017-03,Sussex Police,Sussex Police,0.548130,50.858811,On or near Ascot Mews,E01020999,Hastings 010C,Public order,Unable to prosecute suspect,
7f69094621dde97a23ad647f92d28b4d164e21dc0233b832dcc7951b8a8507d8,2017-03,Sussex Police,Sussex Police,0.548130,50.858811,On or near Ascot Mews,E01020999,Hastings 010C,Vehicle crime,Investigation complete; no suspect identified,
b8418ebca4b2648f6419a92b624c77b2487768f8957b124bf3f5b16716188889,2017-03,Sussex Police,Sussex Police,0.543840,50.859372,On or near Westerleigh Close,E01020999,Hastings 010C,Violence and sexual offences,Unable to prosecute suspect,
133e925ac9f18e8e8912ea9229ad7f95794ff4f19e9ac1cde4f7543ad2f6be5b,2017-03,Sussex Police,Sussex Police,0.548130,50.858811,On or near Ascot Mews,E01020999,Hastings 010C,Violence and sexual offences,Unable to prosecute suspect,
d52df0bcb71028e7694bba85cc2b72fc15c9c558f098438a377a06fd29793bda,2017-03,Sussex Police,Sussex Police,0.548130,50.858811,On or near Ascot Mews,E01020999,Hastings 010C,Violence and sexual offences,Unable to prosecute suspect,
da3ee58530b5401d28222ad4890de1b6f5344097c02af29d2a57baa7e0f246c1,2017-03,Sussex Police,Sussex Police,0.547956,50.859021,On or near Belvedere Park,E01020999,Hastings 010C,Violence and sexual offences,Unable to prosecute suspect,
ca24ed4dc1ad42dbb36cb11b8d829a130fc2ae80b6ca85a56218dc5d1846ce35,2017-03,Sussex Police,Sussex Police,0.547896,50.861307,On or near Hollington Court,E01020999,Hastings 010C,Violence and sexual offences,Unable to prosecute suspect,
,2017-03,Sussex Police,Sussex Police,0.536722,50.851018,On or near Seaside Way,E01021016,Hastings 010D,Anti-social behaviour,,
,2017-03,Sussex Police,Sussex Police,0.536722,50.851018,On or near Seaside Way,E01021016,Hastings 010D,Anti-social behaviour,,
,2017-03,Sussex Police,Sussex Police,0.532861,50.856328,On or near Edinburgh Road,E01021016,Hastings 010D,Anti-social behaviour,,
,2017-03,Sussex Police,Sussex Police,0.542588,50.850981,On or near Caves Road,E01021016,Hastings 010D,Anti-social behaviour,,
,2017-03,Sussex Police,Sussex Police,0.538689,50.851929,On or near West Hill Road,E01021016,Hastings 010D,Anti-social behaviour,,
,2017-03,Sussex Police,Sussex Police,0.537651,50.851898,On or near Parking Area,E01021016,Hastings 010D,Anti-social behaviour,,
,2017-03,Sussex Police,Sussex Police,0.530909,50.855183,On or near William Road,E01021016,Hastings 010D,Anti-social behaviour,,
,2017-03,Sussex Police,Sussex Police,0.532861,50.856328,On or near Edinburgh Road,E01021016,Hastings 010D,Anti-social behaviour,,
,2017-03,Sussex Police,Sussex Police,0.535299,50.852812,On or near St Saviour'S Road,E01021016,Hastings 010D,Anti-social behaviour,,
25421a348d6550ddc3e0096c840da2c8c3fbb5eb753808951a43c09d18569328,2017-03,Sussex Police,Sussex Police,0.539114,50.853206,On or near St Vincents Road,E01021016,Hastings 010D,Bicycle theft,Investigation complete; no suspect identified,
fc75fa813cd8d5f3f0bd66b54454b973d4d436d88e707c2d13cb566528f6f168,2017-03,Sussex Police,Sussex Police,0.538932,50.850898,On or near Grosvenor Gardens,E01021016,Hastings 010D,Burglary,Investigation complete; no suspect identified,
2dee82ea75a1367aa7c892d55f0b8c57ca9b49696f858beb9c408a9b9f2c14c4,2017-03,Sussex Police,Sussex Police,0.529499,50.853541,On or near Conqueror Road,E01021016,Hastings 010D,Burglary,Investigation complete; no suspect identified,
2fc4607a790d3e33bde9089084c7582da757d7a8ee3dfa4fc580e8360f3d1d45,2017-03,Sussex Police,Sussex Police,0.527654,50.852807,On or near Harley Way,E01021016,Hastings 010D,Criminal damage and arson,Investigation complete; no suspect identified,
dd309f782baf70bd1cccc32a108bde4136a60704b4448baded185a1e16ca4082,2017-03,Sussex Police,Sussex Police,0.536722,50.851018,On or near Seaside Way,E01021016,Hastings 010D,Drugs,Court result unavailable,
7f2bd60f586a6f3471b821600f8b601e05bdea5ca297151bb113c4bdb7ac1854,2017-03,Sussex Police,Sussex Police,0.527654,50.852807,On or near Harley Way,E01021016,Hastings 010D,Other theft,Investigation complete; no suspect identified,
0e1cb0d24f6063e9252037a5c24fdb91ea25360242dc822c0c18b8c38795a067,2017-03,Sussex Police,Sussex Police,0.539114,50.853206,On or near St Vincents Road,E01021016,Hastings 010D,Public order,Action to be taken by another organisation,
2b7469de08458d6d858e55984fb7d34364080e75a9031ec662f1522f78bd1796,2017-03,Sussex Police,Sussex Police,0.536722,50.851018,On or near Seaside Way,E01021016,Hastings 010D,Shoplifting,Court result unavailable,
3c3bb62c6d89d83b22a7745b2f166ae5c8c5152dc2cce35173498ef30b7983ba,2017-03,Sussex Police,Sussex Police,0.537898,50.851487,On or near Parking Area,E01021016,Hastings 010D,Vehicle crime,Investigation complete; no suspect identified,
67dad86765080953a586c572e10359cfe32006687eadf353b6b87a93778a995c,2017-03,Sussex Police,Sussex Police,0.542588,50.850981,On or near Caves Road,E01021016,Hastings 010D,Violence and sexual offences,Unable to prosecute suspect,
0a56f7afb64b36cb4cd94240fe6cf338d541c1cbdbd8e87a869277040420aa70,2017-03,Sussex Police,Sussex Police,0.538932,50.850898,On or near Grosvenor Gardens,E01021016,Hastings 010D,Violence and sexual offences,Action to be taken by another organisation,
52a617020b5b2a2870a1aeb0b0b5467221022201e8c78d40ecc60a84d06e08f8,2017-03,Sussex Police,Sussex Police,0.542588,50.850981,On or near Caves Road,E01021016,Hastings 010D,Violence and sexual offences,Court result unavailable,
6311a40691a013a730b6eb7eb28d4457425812e4684d12dbc5bd410f70d2e597,2017-03,Sussex Police,Sussex Police,0.532861,50.856328,On or near Edinburgh Road,E01021016,Hastings 010D,Violence and sexual offences,Unable to prosecute suspect,
15a98feafa54440d10e3a5f6ab5cd6e7dae56b1fcb92ccbac4b008d55d8e28ce,2017-03,Sussex Police,Sussex Police,0.534435,50.852075,On or near Keymer Close,E01021016,Hastings 010D,Violence and sexual offences,Unable to prosecute suspect,
c205ca9b2dcdfa25271f5564252034158b9b0bd3842780f4834b7089cf59057d,2017-03,Sussex Police,Sussex Police,0.539114,50.853206,On or near St Vincents Road,E01021016,Hastings 010D,Violence and sexual offences,Unable to prosecute suspect,
1e476d126b36ebbb63a3b9b2e1813238007d67c238c98179a6e2fc925782945e,2017-03,Sussex Police,Sussex Police,0.527801,50.851842,On or near Lovat Mead,E01021016,Hastings 010D,Violence and sexual offences,Unable to prosecute suspect,
,2017-03,Sussex Police,Sussex Police,0.525854,50.849995,On or near Cliftonville Way,E01021017,Hastings 010E,Anti-social behaviour,,
,2017-03,Sussex Police,Sussex Police,0.519766,50.849866,On or near Bexhill Road,E01021017,Hastings 010E,Anti-social behaviour,,
,2017-03,Sussex Police,Sussex Police,0.511684,50.847522,On or near Abbey Drive,E01021017,Hastings 010E,Anti-social behaviour,,
,2017-03,Sussex Police,Sussex Police,0.519766,50.849866,On or near Bexhill Road,E01021017,Hastings 010E,Anti-social behaviour,,
1d160859a72e493512fd512bcc00bfd272a98efa4d095418eec9659b131c75e4,2017-03,Sussex Police,Sussex Police,0.520626,50.851322,On or near Sports/Recreation Area,E01021017,Hastings 010E,Burglary,Investigation complete; no suspect identified,
76a934054b82f1d1d4beb8b0a725573af80a9f0dfb19d023db6d5097997ca5f0,2017-03,Sussex Police,Sussex Police,0.519322,50.849003,On or near Bridge Way,E01021017,Hastings 010E,Burglary,Unable to prosecute suspect,
b2e11c4b843a679ca6e62be9c3cd18c003dfd0e182a731acea2f1ad504790152,2017-03,Sussex Police,Sussex Police,0.523858,50.851450,On or near Petrol Station,E01021017,Hastings 010E,Burglary,Investigation complete; no suspect identified,
3a85a7173b106ed659337a755a3e89d32edd4712ad11b47749a38ea831f384c7,2017-03,Sussex Police,Sussex Police,0.523858,50.851450,On or near Petrol Station,E01021017,Hastings 010E,Burglary,Investigation complete; no suspect identified,
4edcf0de76a9904fab3a28ebfaf757d76aa9366eab99e91178aca99dcfa9f5f0,2017-03,Sussex Police,Sussex Police,0.519766,50.849866,On or near Bexhill Road,E01021017,Hastings 010E,Other theft,Investigation complete; no suspect identified,
e95ccccd06ffb0dd1499b39d065dc5336512d43a1ad05853e673cafd07620b2b,2017-03,Sussex Police,Sussex Police,0.513806,50.848681,On or near Sports/Recreation Area,E01021017,Hastings 010E,Other theft,Unable to prosecute suspect,
a8922c6d81eddaaaf72a92626bdc13838f422612378cbf5497f3f3ad8790065f,2017-03,Sussex Police,Sussex Police,0.519766,50.849866,On or near Bexhill Road,E01021017,Hastings 010E,Public order,Investigation complete; no suspect identified,
df67be4396cecde11671b975768d738d81087fa987bd827a0c21cc6b1d77957b,2017-03,Sussex Police,Sussex Police,0.511684,50.847522,On or near Abbey Drive,E01021017,Hastings 010E,Vehicle crime,Investigation complete; no suspect identified,
13b60b091628639298deb09193e2b8a474e66da05a4edb5875bfbee6defbd08b,2017-03,Sussex Police,Sussex Police,0.527178,50.850560,On or near Bulverhythe Road,E01021017,Hastings 010E,Vehicle crime,Investigation complete; no suspect identified,
17cb11724d62b6dab7abbf4efe39f6dcf9d78de7e3908395a29f6eb76ad88064,2017-03,Sussex Police,Sussex Police,0.519766,50.849866,On or near Bexhill Road,E01021017,Hastings 010E,Violence and sexual offences,Investigation complete; no suspect identified,
,2017-03,Sussex Police,Sussex Police,0.533766,50.859663,On or near Kite Close,E01021018,Hastings 010F,Anti-social behaviour,,
53cffbfab4501d33b954de99bacc73d6221136dfb435580fa68e6459262f36e0,2017-03,Sussex Police,Sussex Police,0.533766,50.859663,On or near Kite Close,E01021018,Hastings 010F,Public order,Unable to prosecute suspect,
8e8de4b32db4a16a1f5abdf787370d0e16d66a1eb4e94dcaf1a275f0c487b43c,2017-03,Sussex Police,Sussex Police,0.530892,50.858277,On or near Reedswood Road,E01021018,Hastings 010F,Violence and sexual offences,Unable to prosecute suspect,
8a4bf4016eed7cfa97dc931102fe3df09f29fcd7e814fe79acab8d053570e8fb,2017-03,Sussex Police,Sussex Police,0.533877,50.863276,On or near Fen Court,E01021018,Hastings 010F,Violence and sexual offences,Status update unavailable,
,2017-03,Sussex Police,Sussex Police,0.560487,50.854555,On or near Shopping Area,E01020982,Hastings 011A,Anti-social behaviour,,
,2017-03,Sussex Police,Sussex Police,0.559363,50.855309,On or near Station Approach,E01020982,Hastings 011A,Anti-social behaviour,,
,2017-03,Sussex Police,Sussex Police,0.557985,50.853756,On or near Silchester Road,E01020982,Hastings 011A,Anti-social behaviour,,
,2017-03,Sussex Police,Sussex Police,0.557177,50.854574,On or near Stockleigh Road,E01020982,Hastings 011A,Anti-social behaviour,,
,2017-03,Sussex Police,Sussex Police,0.557177,50.854574,On or near Stockleigh Road,E01020982,Hastings 011A,Anti-social behaviour,,
,2017-03,Sussex Police,Sussex Police,0.557932,50.852786,On or near Gensing Road,E01020982,Hastings 011A,Anti-social behaviour,,
,2017-03,Sussex Police,Sussex Police,0.557932,50.852786,On or near Gensing Road,E01020982,Hastings 011A,Anti-social behaviour,,
,2017-03,Sussex Police,Sussex Police,0.557932,50.852786,On or near Gensing Road,E01020982,Hastings 011A,Anti-social behaviour,,
,2017-03,Sussex Police,Sussex Police,0.555457,50.854036,On or near Kenilworth Road,E01020982,Hastings 011A,Anti-social behaviour,,
5203b26597013a38fadbf900a17b852ecdd2ac02c14392f7c5638b08ad0a3fcb,2017-03,Sussex Police,Sussex Police,0.557932,50.852786,On or near Gensing Road,E01020982,Hastings 011A,Burglary,Investigation complete; no suspect identified,
a821159ac1b8a79eb6497c87cae9440144d26c472fd941b9e2a7a302887ea9f9,2017-03,Sussex Police,Sussex Police,0.559363,50.855309,On or near Station Approach,E01020982,Hastings 011A,Burglary,Investigation complete; no suspect identified,
ae8656dc703bb60d94241d5bca5fda7e551165eb5abd636a16971cb1df3dd3d8,2017-03,Sussex Police,Sussex Police,0.559363,50.855309,On or near Station Approach,E01020982,Hastings 011A,Burglary,Unable to prosecute suspect,
f5db5b0a4d2dabf1140ae85cc457653bbda3de2e4410437a75f8f9d0a2b20910,2017-03,Sussex Police,Sussex Police,0.559363,50.855309,On or near Station Approach,E01020982,Hastings 011A,Criminal damage and arson,Investigation complete; no suspect identified,
b21e2480b487b80a103aad657a52abc4415d41b42f6495aad1107d927c58b0b6,2017-03,Sussex Police,Sussex Police,0.557985,50.853756,On or near Silchester Road,E01020982,Hastings 011A,Criminal damage and arson,Investigation complete; no suspect identified,
4d0342e765d98fa02b2864b23d23cdfd854ec8c95dba635562e9e8b09fec6ed8,2017-03,Sussex Police,Sussex Police,0.557985,50.853756,On or near Silchester Road,E01020982,Hastings 011A,Criminal damage and arson,Investigation complete; no suspect identified,
62fd49ff9cfe3b58b5b47808cdf653cb04e855eb17bf8b86e010f2da4f628d36,2017-03,Sussex Police,Sussex Police,0.557177,50.854574,On or near Stockleigh Road,E01020982,Hastings 011A,Criminal damage and arson,Investigation complete; no suspect identified,
6357230b06e8b7d1167beb92a55f8aae63c6a6d9ded8384c8fe518c80983a932,2017-03,Sussex Police,Sussex Police,0.557932,50.852786,On or near Gensing Road,E01020982,Hastings 011A,Drugs,Offender given a drugs possession warning,
f1d9a4d65723f31bf77defaf8151ba90db1016af31731aaec60dbde01f100df6,2017-03,Sussex Police,Sussex Police,0.556865,50.855103,On or near Cardiff Road,E01020982,Hastings 011A,Other theft,Investigation complete; no suspect identified,
c420776950d5913774c9394bddcfc4751fc27bd96ceb07df559678fab41b637b,2017-03,Sussex Police,Sussex Police,0.560487,50.854555,On or near Shopping Area,E01020982,Hastings 011A,Other theft,Investigation complete; no suspect identified,
7a6d9cf9bc4bdc8262b5f6d4ef9d1daa58600b5a51d5ca4a71268174d80ca3c7,2017-03,Sussex Police,Sussex Police,0.557177,50.854574,On or near Stockleigh Road,E01020982,Hastings 011A,Other theft,Investigation complete; no suspect identified,
671ef81a1224d6dfd25b36a77f8ce99ce91cf7d2d8984fd23fa8911b5c0774b6,2017-03,Sussex Police,Sussex Police,0.557177,50.854574,On or near Stockleigh Road,E01020982,Hastings 011A,Public order,Unable to prosecute suspect,
858d8579a20393e56f7470f0d647ec7050e54a3a5c53133d083106d1130002f2,2017-03,Sussex Police,Sussex Police,0.557932,50.852786,On or near Gensing Road,E01020982,Hastings 011A,Public order,Investigation complete; no suspect identified,
1c428ed063709394a728c673f542d85327abbea0f31c20acf2ef4802fb242646,2017-03,Sussex Police,Sussex Police,0.560487,50.854555,On or near Shopping Area,E01020982,Hastings 011A,Public order,Investigation complete; no suspect identified,
7263864d0bc064ec5301680ed59a8a4419b1da10be27deb442c5255e2f2b6ce4,2017-03,Sussex Police,Sussex Police,0.555992,50.854735,On or near Carisbrooke Road,E01020982,Hastings 011A,Vehicle crime,Investigation complete; no suspect identified,
917e005f22c14dfa2eecc1280cce776c2ddd69a72ddc4523f70722c71a57c513,2017-03,Sussex Police,Sussex Police,0.556395,50.855608,On or near Pevensey Road,E01020982,Hastings 011A,Violence and sexual offences,Unable to prosecute suspect,
c0f35815b2502d3087c4ef6743a372e68d92b714aae3dcc838d8db8f8284ef4c,2017-03,Sussex Police,Sussex Police,0.555992,50.854735,On or near Carisbrooke Road,E01020982,Hastings 011A,Violence and sexual offences,Unable to prosecute suspect,
f09b6337f73dd3da15c6911d25722b296b43ff7012a9cea75d7e7faeae585dcd,2017-03,Sussex Police,Sussex Police,0.556870,50.855705,On or near Charles Road,E01020982,Hastings 011A,Violence and sexual offences,Further investigation is not in the public interest,
c981b5f0a0232e22fc0c75d17aad9fa3c23e6d66476d80b7fdf1fd1d288d3efd,2017-03,Sussex Police,Sussex Police,0.557985,50.853756,On or near Silchester Road,E01020982,Hastings 011A,Violence and sexual offences,Unable to prosecute suspect,
25ce4c8b8efa68c168450be5ae5a05b54bc968adbcbbb1af3ea6beacf43371e9,2017-03,Sussex Police,Sussex Police,0.556395,50.855608,On or near Pevensey Road,E01020982,Hastings 011A,Violence and sexual offences,Unable to prosecute suspect,
9f8bb2fe830952b16f31c1d23e9b8ccd25a674c7fe494e5d898b9d2308b537b8,2017-03,Sussex Police,Sussex Police,0.555992,50.854735,On or near Carisbrooke Road,E01020982,Hastings 011A,Violence and sexual offences,Status update unavailable,
e97775be02bf296d79a4597db8021dc90a884caf49507f2dcd1e54c3e2e26987,2017-03,Sussex Police,Sussex Police,0.557177,50.854574,On or near Stockleigh Road,E01020982,Hastings 011A,Violence and sexual offences,Further investigation is not in the public interest,
,2017-03,Sussex Police,Sussex Police,0.561949,50.854532,On or near Terrace Road,E01020983,Hastings 011B,Anti-social behaviour,,
,2017-03,Sussex Police,Sussex Police,0.561949,50.854532,On or near Terrace Road,E01020983,Hastings 011B,Anti-social behaviour,,
,2017-03,Sussex Police,Sussex Police,0.561949,50.854532,On or near Terrace Road,E01020983,Hastings 011B,Anti-social behaviour,,
,2017-03,Sussex Police,Sussex Police,0.561118,50.853876,On or near Western Road,E01020983,Hastings 011B,Anti-social behaviour,,
,2017-03,Sussex Police,Sussex Police,0.561118,50.853876,On or near Western Road,E01020983,Hastings 011B,Anti-social behaviour,,
,2017-03,Sussex Police,Sussex Police,0.561118,50.853876,On or near Western Road,E01020983,Hastings 011B,Anti-social behaviour,,
7adf7400c3ada56b643f85bd41772bc166587240d8e371ca599b8b0eaf13ad19,2017-03,Sussex Police,Sussex Police,0.561118,50.853876,On or near Western Road,E01020983,Hastings 011B,Burglary,Investigation complete; no suspect identified,
f18dc39a3e13469303119a06a704c8b62a2edcdaef36804e97ad0544b5f51d4b,2017-03,Sussex Police,Sussex Police,0.564081,50.854279,On or near Church Road,E01020983,Hastings 011B,Criminal damage and arson,Offender given community sentence,
fc5c022a5dc6d96fd03f9c60538027236df0e9736cd7d76074cc60240262c8c0,2017-03,Sussex Police,Sussex Police,0.562194,50.855103,On or near Warrior Gardens,E01020983,Hastings 011B,Criminal damage and arson,Investigation complete; no suspect identified,
1b4578b8f87f0aa24b73c49a822f218868c978d0c9ef830ba91096036dfb2acf,2017-03,Sussex Police,Sussex Police,0.562194,50.855103,On or near Warrior Gardens,E01020983,Hastings 011B,Criminal damage and arson,Investigation complete; no suspect identified,
5d0ce47f83183c115c1bfab64ebed27b086391182f97577ce4d2ae90d5534c10,2017-03,Sussex Police,Sussex Police,0.561118,50.853876,On or near Western Road,E01020983,Hastings 011B,Drugs,Offender given a caution,
110eab34d344218153db5cecc2ff082b54787fb7d692c034c0a85c7f1fca6479,2017-03,Sussex Police,Sussex Police,0.562856,50.855529,On or near St John'S Road,E01020983,Hastings 011B,Drugs,Awaiting court outcome,
94319a8783ad4a6da910e30fed4f6bbbfca91915ebd753f08c6b557d8f414ee3,2017-03,Sussex Police,Sussex Police,0.562194,50.855103,On or near Warrior Gardens,E01020983,Hastings 011B,Drugs,Offender fined,
b29f677c116661771c7c2a7f1af82a84d6fbbd0461373c581d7c16a2d23c93e1,2017-03,Sussex Police,Sussex Police,0.561949,50.854532,On or near Terrace Road,E01020983,Hastings 011B,Other theft,Local resolution,
9ebab025d139bed222359f02ed5a6c5ad605cbb85e9c714c753145ebaf5bc068,2017-03,Sussex Police,Sussex Police,0.561949,50.854532,On or near Terrace Road,E01020983,Hastings 011B,Public order,Investigation complete; no suspect identified,
7e4e308c8a1cfbad5fec90586f38f62a883a8a1413d001973172226c3b1de0a1,2017-03,Sussex Police,Sussex Police,0.561949,50.854532,On or near Terrace Road,E01020983,Hastings 011B,Public order,Unable to prosecute suspect,
b445f6b7717eb550965cf54e9bda156fa58f94e719b09bdd3efb80c87a79e315,2017-03,Sussex Police,Sussex Police,0.563371,50.853773,On or near Warrior Square,E01020983,Hastings 011B,Vehicle crime,Investigation complete; no suspect identified,
c2ae4360a68fa9d0588b895cda7ad74290f943ced509ca94021f566677c466e9,2017-03,Sussex Police,Sussex Police,0.561118,50.853876,On or near Western Road,E01020983,Hastings 011B,Violence and sexual offences,Awaiting court outcome,
0ae118082eb45c3a518eaeb168c101bd894fdc053113ded0d5ca5b574616d4b3,2017-03,Sussex Police,Sussex Police,0.564081,50.854279,On or near Church Road,E01020983,Hastings 011B,Violence and sexual offences,Offender given a caution,
e0260d53864b850b13de95c5582413b823d1a8cc7787e006520c181a61aadef8,2017-03,Sussex Police,Sussex Police,0.563371,50.853773,On or near Warrior Square,E01020983,Hastings 011B,Violence and sexual offences,Unable to prosecute suspect,
a0869b3864df27e1b2ffb2a6884c3e1e6d84fd0560e3dccc9ec6bf94f194315d,2017-03,Sussex Police,Sussex Police,0.562856,50.855529,On or near St John'S Road,E01020983,Hastings 011B,Other crime,Investigation complete; no suspect identified,
d638f4071978d26e111725c095713164560948c3a6916f8271991d520b581b9f,2017-03,Sussex Police,Sussex Police,0.564081,50.854279,On or near Church Road,E01020983,Hastings 011B,Other crime,Court result unavailable,
,2017-03,Sussex Police,Sussex Police,0.569157,50.855372,On or near Parking Area,E01020984,Hastings 011C,Anti-social behaviour,,
,2017-03,Sussex Police,Sussex Police,0.569157,50.855372,On or near Parking Area,E01020984,Hastings 011C,Anti-social behaviour,,
,2017-03,Sussex Police,Sussex Police,0.567838,50.856454,On or near Sports/Recreation Area,E01020984,Hastings 011C,Anti-social behaviour,,
,2017-03,Sussex Police,Sussex Police,0.567534,50.852728,On or near Eversfield Place,E01020984,Hastings 011C,Anti-social behaviour,,
,2017-03,Sussex Police,Sussex Police,0.565047,50.854015,On or near Prince'S Road,E01020984,Hastings 011C,Anti-social behaviour,,
,2017-03,Sussex Police,Sussex Police,0.565423,50.853359,On or near St Margaret'S Terrace,E01020984,Hastings 011C,Anti-social behaviour,,
,2017-03,Sussex Police,Sussex Police,0.561219,50.852102,On or near Saxon Street,E01020984,Hastings 011C,Anti-social behaviour,,
,2017-03,Sussex Police,Sussex Police,0.561219,50.852102,On or near Saxon Street,E01020984,Hastings 011C,Anti-social behaviour,,
,2017-03,Sussex Police,Sussex Police,0.561219,50.852102,On or near Saxon Street,E01020984,Hastings 011C,Anti-social behaviour,,
,2017-03,Sussex Police,Sussex Police,0.561325,50.851704,On or near Grand Parade,E01020984,Hastings 011C,Anti-social behaviour,,
,2017-03,Sussex Police,Sussex Police,0.561219,50.852102,On or near Saxon Street,E01020984,Hastings 011C,Anti-social behaviour,,
,2017-03,Sussex Police,Sussex Police,0.561304,50.852352,On or near Norman Road,E01020984,Hastings 011C,Anti-social behaviour,,
,2017-03,Sussex Police,Sussex Police,0.560521,50.852837,On or near South Street,E01020984,Hastings 011C,Anti-social behaviour,,
,2017-03,Sussex Police,Sussex Police,0.560521,50.852837,On or near South Street,E01020984,Hastings 011C,Anti-social behaviour,,
,2017-03,Sussex Police,Sussex Police,0.560521,50.852837,On or near South Street,E01020984,Hastings 011C,Anti-social behaviour,,
,2017-03,Sussex Police,Sussex Police,0.560521,50.852837,On or near South Street,E01020984,Hastings 011C,Anti-social behaviour,,
,2017-03,Sussex Police,Sussex Police,0.559910,50.853363,On or near London Road,E01020984,Hastings 011C,Anti-social behaviour,,
,2017-03,Sussex Police,Sussex Police,0.559910,50.853363,On or near London Road,E01020984,Hastings 011C,Anti-social behaviour,,
,2017-03,Sussex Police,Sussex Police,0.559855,50.852878,On or near Supermarket,E01020984,Hastings 011C,Anti-social behaviour,,
,2017-03,Sussex Police,Sussex Police,0.559749,50.851711,On or near Market Street,E01020984,Hastings 011C,Anti-social behaviour,,
,2017-03,Sussex Police,Sussex Police,0.559749,50.851711,On or near Market Street,E01020984,Hastings 011C,Anti-social behaviour,,
f2e577a8f4a6b3202f34dd6d5f6b1bb59692bfeba6967c3dae0722ed923ba148,2017-03,Sussex Police,Sussex Police,0.561304,50.852352,On or near Norman Road,E01020984,Hastings 011C,Criminal damage and arson,Investigation complete; no suspect identified,
e728ef7709a72cc337ae75c74489f6d639dde310af8c6e36da950080080f379c,2017-03,Sussex Police,Sussex Police,0.565423,50.853359,On or near St Margaret'S Terrace,E01020984,Hastings 011C,Criminal damage and arson,Investigation complete; no suspect identified,
f682ae8da406fc272956b3b40939722b2e90e72190e54bb4ee88e69ab80affc2,2017-03,Sussex Police,Sussex Police,0.565423,50.853359,On or near St Margaret'S Terrace,E01020984,Hastings 011C,Criminal damage and arson,Investigation complete; no suspect identified,
334c8e8eedb4006117b8376f923a81897bb8168a4ad2c9c4bc142cd88d10c28e,2017-03,Sussex Police,Sussex Police,0.565423,50.853359,On or near St Margaret'S Terrace,E01020984,Hastings 011C,Criminal damage and arson,Investigation complete; no suspect identified,
12274b95ec90f9341d4faafd7421b3ee886291a642fc556cde2abcb93c32d33b,2017-03,Sussex Police,Sussex Police,0.571384,50.853227,On or near Parking Area,E01020984,Hastings 011C,Criminal damage and arson,Investigation complete; no suspect identified,
3ed9d365568c2f18736dc3dde256a702166fe459648ddbe1a2a572625b7c596a,2017-03,Sussex Police,Sussex Police,0.562403,50.852175,On or near Warrior Square,E01020984,Hastings 011C,Criminal damage and arson,Investigation complete; no suspect identified,
021eafa513fa210896b959119d362adc7ebbebb5db24fce17aba9ed8c276dafd,2017-03,Sussex Police,Sussex Police,0.571158,50.853268,On or near Verulam Place,E01020984,Hastings 011C,Criminal damage and arson,Investigation complete; no suspect identified,
97e521188fdaf2090828d4a7205f493120dd56881d72d48a978c90f73f158301,2017-03,Sussex Police,Sussex Police,0.565423,50.853359,On or near St Margaret'S Terrace,E01020984,Hastings 011C,Criminal damage and arson,Investigation complete; no suspect identified,
3351e523614ede777031f14495f227945c626807ff983ab04799d054f0d6b1e3,2017-03,Sussex Police,Sussex Police,0.562403,50.852175,On or near Warrior Square,E01020984,Hastings 011C,Criminal damage and arson,Investigation complete; no suspect identified,
488785abdd5be36ece5705d3d281c082ddda931a21164c2122c9ffea2519b250,2017-03,Sussex Police,Sussex Police,0.565423,50.853359,On or near St Margaret'S Terrace,E01020984,Hastings 011C,Criminal damage and arson,Investigation complete; no suspect identified,
f4237912d60e3b18cae3488c46bb4774786ef316b2dbc77dc8f7717c82a7f3bf,2017-03,Sussex Police,Sussex Police,0.571384,50.853227,On or near Parking Area,E01020984,Hastings 011C,Criminal damage and arson,Investigation complete; no suspect identified,
43c2d17191ca1f5ca9276ffb8c40771b6b4caf2e7f38b2718ce98241a07dbd66,2017-03,Sussex Police,Sussex Police,0.565423,50.853359,On or near St Margaret'S Terrace,E01020984,Hastings 011C,Criminal damage and arson,Investigation complete; no suspect identified,
b7984ecb9f7752dd5eb89c9b4181d91e723fe7c2869260e300824a3c3d4038e5,2017-03,Sussex Police,Sussex Police,0.571384,50.853227,On or near Parking Area,E01020984,Hastings 011C,Criminal damage and arson,Investigation complete; no suspect identified,
bb6e57c9f696c00a0dbcc7907fdbbadb37d9a434ab5388ad470c451e94cc5008,2017-03,Sussex Police,Sussex Police,0.562403,50.852175,On or near Warrior Square,E01020984,Hastings 011C,Criminal damage and arson,Investigation complete; no suspect identified,
62e4335bb7168b41a76f5382891a69c72f8c985cd8a9d3e89962d6d05340f34d,2017-03,Sussex Police,Sussex Police,0.565423,50.853359,On or near St Margaret'S Terrace,E01020984,Hastings 011C,Criminal damage and arson,Investigation complete; no suspect identified,
fd0dc92f2c39168881d84dea18e5e5ea401449ab640fb843b5d6f8b1ca391279,2017-03,Sussex Police,Sussex Police,0.565423,50.853359,On or near St Margaret'S Terrace,E01020984,Hastings 011C,Criminal damage and arson,Investigation complete; no suspect identified,
b4a9135873623f3f627d249aa402a96223eafb8d2f11a625631411dd6bb339f9,2017-03,Sussex Police,Sussex Police,0.562403,50.852175,On or near Warrior Square,E01020984,Hastings 011C,Criminal damage and arson,Investigation complete; no suspect identified,
77bb9bbe2e80f5c842b7298c1f81a604daf4c3b00a5835f0f0b8c4a9e06748d8,2017-03,Sussex Police,Sussex Police,0.565423,50.853359,On or near St Margaret'S Terrace,E01020984,Hastings 011C,Drugs,Unable to prosecute suspect,
bd4d231db3c7b0f14ff359d9705b32bfda153daabeeb1437a630d9b2850bdf36,2017-03,Sussex Police,Sussex Police,0.562403,50.852175,On or near Warrior Square,E01020984,Hastings 011C,Drugs,Offender given a drugs possession warning,
4c004d9f72479c5b42c16f33bebe278a9369cc18fea11da9e34f38a6c8c7c333,2017-03,Sussex Police,Sussex Police,0.569197,50.853510,On or near Parking Area,E01020984,Hastings 011C,Other theft,Investigation complete; no suspect identified,
9655a93a57e4280d97604d7077ee8f1f24b2d0f765555088559d96fdd9894a70,2017-03,Sussex Police,Sussex Police,0.569157,50.855372,On or near Parking Area,E01020984,Hastings 011C,Other theft,Investigation complete; no suspect identified,
7c296ab0c2192ce84ffe233b3fd40d1b7766f5e496c98369f9e31ea4a43d3681,2017-03,Sussex Police,Sussex Police,0.559749,50.851711,On or near Market Street,E01020984,Hastings 011C,Other theft,Unable to prosecute suspect,
73112b6f906b4674e5f2cdf7cae76974abb36f3844c3cd668dfaf5efec1cb58c,2017-03,Sussex Police,Sussex Police,0.565329,50.856824,On or near Magdalen Road,E01020984,Hastings 011C,Other theft,Investigation complete; no suspect identified,
192a35d39ad9a6f38fff26c84bacc04c12c8b45d80a429c486f76c6d2ee54569,2017-03,Sussex Police,Sussex Police,0.561304,50.852352,On or near Norman Road,E01020984,Hastings 011C,Public order,Investigation complete; no suspect identified,
51a4d429c8f91fd0c95a79c955ac28480c310ccd0bd68f99a7afbe9877787bf4,2017-03,Sussex Police,Sussex Police,0.561219,50.852102,On or near Saxon Street,E01020984,Hastings 011C,Public order,Unable to prosecute suspect,
1f26877407f2326de193a7b2d486d5ef0ff9d5df970e07f3267361d46786ce1d,2017-03,Sussex Police,Sussex Police,0.559855,50.852878,On or near Supermarket,E01020984,Hastings 011C,Shoplifting,Investigation complete; no suspect identified,
11991e4f4f027e4af2855dc983ea845038fb05314b0eaf1146357fe8d02a717f,2017-03,Sussex Police,Sussex Police,0.559855,50.852878,On or near Supermarket,E01020984,Hastings 011C,Shoplifting,Action to be taken by another organisation,
43753f8a89832b5c8d583671601fc0d641029f6df3b3be2538d80333bedc0811,2017-03,Sussex Police,Sussex Police,0.559003,50.852879,On or near North Street,E01020984,Hastings 011C,Vehicle crime,Investigation complete; no suspect identified,
7c11b1a9dc9a3fa07850a6648784b4362a84198b9f720a7a42737791cd43100c,2017-03,Sussex Police,Sussex Police,0.559749,50.851711,On or near Market Street,E01020984,Hastings 011C,Vehicle crime,Investigation complete; no suspect identified,
1e482769b8751ae7d2f72fa20176054e172c5ab2af52431710fa3997d3f8fd29,2017-03,Sussex Police,Sussex Police,0.567712,50.853380,On or near St Margaret'S Road,E01020984,Hastings 011C,Vehicle crime,Investigation complete; no suspect identified,
8d75f5fbec5c5a635f4aab23c0696769969eb78335d7042d8a2215826ab131b8,2017-03,Sussex Police,Sussex Police,0.567712,50.853380,On or near St Margaret'S Road,E01020984,Hastings 011C,Vehicle crime,Unable to prosecute suspect,
05d8f22d7ab69f612a49783f531d7294678645cefc337d3861eda8e6783e3b89,2017-03,Sussex Police,Sussex Police,0.559532,50.853461,On or near Conference/Exhibition Centre,E01020984,Hastings 011C,Vehicle crime,Investigation complete; no suspect identified,
ae49d7cc51042e3e8a11955bb8c97ee14b94e41cd5aab96ccad6eb61eca77abe,2017-03,Sussex Police,Sussex Police,0.565423,50.853359,On or near St Margaret'S Terrace,E01020984,Hastings 011C,Vehicle crime,Investigation complete; no suspect identified,
e4fc948c0aa946b2f4e76c50eb3b0f517d098c08732acb1bc0d9ea9dad652aa2,2017-03,Sussex Police,Sussex Police,0.562403,50.852175,On or near Warrior Square,E01020984,Hastings 011C,Violence and sexual offences,Local resolution,
44c6c1979c6382289f42c973473dc82759118f8f910b9641ef5b2f571bd8c3ab,2017-03,Sussex Police,Sussex Police,0.565329,50.856824,On or near Magdalen Road,E01020984,Hastings 011C,Violence and sexual offences,Unable to prosecute suspect,
0ba6c34dd69dcb85cf906dd24a8bc6182aec90b645ffa3f82f953de503ad2641,2017-03,Sussex Police,Sussex Police,0.567838,50.856454,On or near Sports/Recreation Area,E01020984,Hastings 011C,Violence and sexual offences,Further investigation is not in the public interest,
a8e9a4629ffc9fdfffb31273ef0376f3aa2163f1a0717bbfd4b91d35189c67eb,2017-03,Sussex Police,Sussex Police,0.565423,50.853359,On or near St Margaret'S Terrace,E01020984,Hastings 011C,Violence and sexual offences,Investigation complete; no suspect identified,
17e91b64c8e86869e8e1bcb544f9526072f9a09c037028a67d92f6dcacc14f2a,2017-03,Sussex Police,Sussex Police,0.559855,50.852878,On or near Supermarket,E01020984,Hastings 011C,Violence and sexual offences,Unable to prosecute suspect,
ee7f40ff883e8cdc9dc301582b6c0aa3339feb0d799d1f3ce978e1836dbbd509,2017-03,Sussex Police,Sussex Police,0.559749,50.851711,On or near Market Street,E01020984,Hastings 011C,Violence and sexual offences,Investigation complete; no suspect identified,
b48ad681e038f2554644f27d07cba726fd64c534afe4db0fd28ae5d096301f10,2017-03,Sussex Police,Sussex Police,0.567534,50.852728,On or near Eversfield Place,E01020984,Hastings 011C,Violence and sexual offences,Investigation complete; no suspect identified,
5583a91ae2a911ff0db9c01ffa12eb648e3563b83298879325e0c79493860839,2017-03,Sussex Police,Sussex Police,0.565154,50.853643,On or near Villa Road,E01020984,Hastings 011C,Violence and sexual offences,Investigation complete; no suspect identified,
7bc523c5ed501df93047bf5afd6b823fe81c41a47ef3116c5e670fb7e07fb3c2,2017-03,Sussex Police,Sussex Police,0.565329,50.856824,On or near Magdalen Road,E01020984,Hastings 011C,Other crime,Investigation complete; no suspect identified,
6746f1f621a5985bd5670f396ac838018969cb3f7d31be0b3499bfd5613e1a54,2017-03,Sussex Police,Sussex Police,0.567534,50.852728,On or near Eversfield Place,E01020984,Hastings 011C,Other crime,Court result unavailable,
8b5b5b38d8f342d7db8174c50d8457c2f66d29955f64ad2c603f3e816947dc0b,2017-03,Sussex Police,Sussex Police,0.561219,50.852102,On or near Saxon Street,E01020984,Hastings 011C,Other crime,Investigation complete; no suspect identified,
2175c57099b2a35e34cd4c9a3510310b2dfdcdf5a48f72acc993dac9a6c48ad0,2017-03,Sussex Police,Sussex Police,0.559749,50.851711,On or near Market Street,E01020984,Hastings 011C,Other crime,Status update unavailable,
,2017-03,Sussex Police,Sussex Police,0.556058,50.851262,On or near East Ascent,E01020985,Hastings 011D,Anti-social behaviour,,
,2017-03,Sussex Police,Sussex Police,0.554903,50.851179,On or near Undercliff,E01020985,Hastings 011D,Anti-social behaviour,,
,2017-03,Sussex Police,Sussex Police,0.554903,50.851179,On or near Undercliff,E01020985,Hastings 011D,Anti-social behaviour,,
,2017-03,Sussex Police,Sussex Police,0.553554,50.851200,On or near West Ascent,E01020985,Hastings 011D,Anti-social behaviour,,
,2017-03,Sussex Police,Sussex Police,0.553554,50.851200,On or near West Ascent,E01020985,Hastings 011D,Anti-social behaviour,,
,2017-03,Sussex Police,Sussex Police,0.551271,50.850764,On or near Marina,E01020985,Hastings 011D,Anti-social behaviour,,
,2017-03,Sussex Police,Sussex Police,0.543343,50.850757,On or near Grosvenor Crescent,E01020985,Hastings 011D,Anti-social behaviour,,
6d8359dc4ba560ab5b81bf528794b88355582659b67ea6950a8dc2793433b9fa,2017-03,Sussex Police,Sussex Police,0.556058,50.851262,On or near East Ascent,E01020985,Hastings 011D,Bicycle theft,Investigation complete; no suspect identified,
9c8724621c1e7abb5a68087985388fb34aaead27925bc2f4c3512a826a3188c2,2017-03,Sussex Police,Sussex Police,0.551271,50.850764,On or near Marina,E01020985,Hastings 011D,Burglary,Unable to prosecute suspect,
1f7fe538e3d038576802358c5027f99f3a3055d38df013ec87fe96d87ec3d732,2017-03,Sussex Police,Sussex Police,0.554903,50.851179,On or near Undercliff,E01020985,Hastings 011D,Criminal damage and arson,Investigation complete; no suspect identified,
6457f6d267477c4a88f03473e314fefb392870d48dc1055039b29f46bc19154b,2017-03,Sussex Police,Sussex Police,0.554903,50.851179,On or near Undercliff,E01020985,Hastings 011D,Criminal damage and arson,Status update unavailable,
fec0680bb1abab896714baac8df9b53edf5e7aaa8ef73cd2e61bc32d7e7b97ee,2017-03,Sussex Police,Sussex Police,0.553554,50.851200,On or near West Ascent,E01020985,Hastings 011D,Drugs,Further investigation is not in the public interest,
86f26c887d49dc389169a656d9464a9b8ac63432473e7a805785fbf3c4bb9d50,2017-03,Sussex Police,Sussex Police,0.555114,50.853216,On or near The Uplands,E01020985,Hastings 011D,Drugs,Status update unavailable,
98fcf1856978a41688ba10026284f4af15b1aba9bc640ead63f3df2f83b688e9,2017-03,Sussex Police,Sussex Police,0.555904,50.851814,On or near Mews Road,E01020985,Hastings 011D,Public order,Investigation complete; no suspect identified,
bf06ad4c2f5dc602ddc129524c29c40ead0e95e4ef4a0b3e191b5f854f9e26c5,2017-03,Sussex Police,Sussex Police,0.554903,50.851179,On or near Undercliff,E01020985,Hastings 011D,Public order,Investigation complete; no suspect identified,
57eae941a3f6141c1f594651da6ad2ddd3ffeda5e3c0fb1759afa5ba8364ed44,2017-03,Sussex Police,Sussex Police,0.546575,50.850876,On or near Sussex Road,E01020985,Hastings 011D,Vehicle crime,Investigation complete; no suspect identified,
8a5939739ddc37b799f4fd18b1250a3a3093ac40a5e5fcb48c41ce09378218ea,2017-03,Sussex Police,Sussex Police,0.558796,50.851957,On or near Norman Road,E01020985,Hastings 011D,Violence and sexual offences,Status update unavailable,
3f4a4864a244cbd624d6a24d6fb0d3212716194be6f8af394d4afda3ca3dda64,2017-03,Sussex Police,Sussex Police,0.553554,50.851200,On or near West Ascent,E01020985,Hastings 011D,Violence and sexual offences,Unable to prosecute suspect,
459dd2cb4a5104ea41cab1f42749371188fe3be6b9038f81a9f43b1ab531aac6,2017-03,Sussex Police,Sussex Police,0.556058,50.851262,On or near East Ascent,E01020985,Hastings 011D,Violence and sexual offences,Unable to prosecute suspect,
e1eb8853b52cee4982ba41bc723b22b4a3399ea706160cfbf6acb742ae138526,2017-03,Sussex Police,Sussex Police,0.544682,50.851079,On or near Caves Road,E01020985,Hastings 011D,Violence and sexual offences,Defendant found not guilty,
ddacecc7c4b40fa2ee2fd8e1342ffcfd990a6a72657f88e8369e29825b56243a,2017-03,Sussex Police,Sussex Police,0.556508,50.852205,On or near Stanhope Place,E01020985,Hastings 011D,Other crime,Status update unavailable,
,2017-03,Sussex Police,Sussex Police,0.560286,50.856332,On or near Stainsby Street,E01020989,Hastings 011E,Anti-social behaviour,,
,2017-03,Sussex Police,Sussex Police,0.557685,50.856587,On or near Clyde Road,E01020989,Hastings 011E,Anti-social behaviour,,
45ce82b7d88cbf698fc689cf694d78b56029a9f22aa7f84f492664eda54eb66a,2017-03,Sussex Police,Sussex Police,0.561900,50.858554,On or near De Cham Road,E01020989,Hastings 011E,Burglary,Investigation complete; no suspect identified,
a78b6a13c3dd93f6f3038eab0a1e240a27059932c28435578b07c13cea03b979,2017-03,Sussex Police,Sussex Police,0.557685,50.856587,On or near Clyde Road,E01020989,Hastings 011E,Burglary,Investigation complete; no suspect identified,
b4f90ec6129e242206549ba282b38cbe61702399fcb79c7db0dc497cada6dc02,2017-03,Sussex Police,Sussex Police,0.561411,50.858196,On or near Chapel Park Road,E01020989,Hastings 011E,Possession of weapons,Court result unavailable,
45174325eb92e647decccd688ad06cb9cb52a6f94746cf8041859b57c2dfca48,2017-03,Sussex Police,Sussex Police,0.557685,50.856587,On or near Clyde Road,E01020989,Hastings 011E,Vehicle crime,Investigation complete; no suspect identified,
5ba26cf280c846efe07030e1f49b149caeb99f8b98a4293f17a2da2731bfe832,2017-03,Sussex Police,Sussex Police,0.559295,50.857181,On or near Alexandra Road,E01020989,Hastings 011E,Vehicle crime,Investigation complete; no suspect identified,
4d1a1ff66cc332d860e027423a8631260fc51822d06a35c1cf4857a5fc526ba6,2017-03,Sussex Police,Sussex Police,0.557685,50.856587,On or near Clyde Road,E01020989,Hastings 011E,Vehicle crime,Unable to prosecute suspect,
128f1fafa40010b65ee14e704b2426ce0a37950622055e6d6bded59e539db52c,2017-03,Sussex Police,Sussex Police,0.559295,50.857181,On or near Alexandra Road,E01020989,Hastings 011E,Vehicle crime,Investigation complete; no suspect identified,
5ea8eff4597e4644b5934acd39b6fccda8d7be617a0f0f34f2fcc14e3404af6d,2017-03,Sussex Police,Sussex Police,0.563438,50.857063,On or near St Paul'S Place,E01020989,Hastings 011E,Violence and sexual offences,Unable to prosecute suspect,
f4f01b8d7262c130bf3405c091e87da4e29ac31291fe6e06f329d206ce2b3779,2017-03,Sussex Police,Sussex Police,0.557685,50.856587,On or near Clyde Road,E01020989,Hastings 011E,Violence and sexual offences,Investigation complete; no suspect identified,
21acae0a22008095697dabd2041d57e58dbf8f5034a33715f57c63dde13f9174,2017-03,Sussex Police,Sussex Police,0.560181,50.855974,On or near Station Approach,E01020989,Hastings 011E,Violence and sexual offences,Status update unavailable,
9ba28a35f145515b6238fc3f0d0edf8971df874dea00d1c27157a825ccbdb692,2017-03,Sussex Police,Sussex Police,0.559295,50.857181,On or near Alexandra Road,E01020989,Hastings 011E,Violence and sexual offences,Unable to prosecute suspect,
a2ae0beb91979b0aeeea65ffe0d972f07db55a449d6d42f99dea2ea0f6b62d50,2017-03,Sussex Police,Sussex Police,0.561411,50.858196,On or near Chapel Park Road,E01020989,Hastings 011E,Violence and sexual offences,Unable to prosecute suspect,
,2017-03,Sussex Police,Sussex Police,-0.988668,50.872364,On or near Cotswold Close,E01022969,Havant 008D,Anti-social behaviour,,
1d4a9ba00bc8bbd4354ef68c4dfeb58a4a6269d6ed2ce1f49356b2f558153791,2017-03,Sussex Police,Sussex Police,-0.931754,50.857793,On or near Westwood Close,E01022924,Havant 013A,Public order,Status update unavailable,
bb962a46ac36b8c6960dd23603178f78f924f0212cbc95323246f3b2d46892ec,2017-03,Sussex Police,Sussex Police,-0.982085,50.852235,On or near Parking Area,E01022953,Havant 014A,Public order,Investigation complete; no suspect identified,
,2017-03,Sussex Police,Sussex Police,-0.303212,51.071955,On or near Earlswood Close,E01031670,Horsham 001A,Anti-social behaviour,,
,2017-03,Sussex Police,Sussex Police,-0.302515,51.073447,On or near Supermarket,E01031670,Horsham 001A,Anti-social behaviour,,
1978f380ef49aa6ac5f1911043dd8df03550f83595a36527ddae321c5b403347,2017-03,Sussex Police,Sussex Police,-0.297623,51.073331,On or near Honeywood Road,E01031670,Horsham 001A,Criminal damage and arson,Status update unavailable,
0d45f5e17b6c7251cece57b21dde8da562042d68ad8c8af9da96fa0ff7fa81fb,2017-03,Sussex Police,Sussex Police,-0.302515,51.073447,On or near Supermarket,E01031670,Horsham 001A,Drugs,Status update unavailable,
03bb502ed7ee7b7e1c913c44c4e017c80454cf33147124a76ce743f21f4f25b9,2017-03,Sussex Police,Sussex Police,-0.302515,51.073447,On or near Supermarket,E01031670,Horsham 001A,Shoplifting,Unable to prosecute suspect,
d501cdfb06ac6d5b359071c1532df4fc6aa88a7f8b736dada26a53c3d5944d29,2017-03,Sussex Police,Sussex Police,-0.302515,51.073447,On or near Supermarket,E01031670,Horsham 001A,Shoplifting,Status update unavailable,
8fc70b9c88650bd78f3ba89d8f57f3389c87daa534cacd7ada080d470270304a,2017-03,Sussex Police,Sussex Police,-0.302526,51.072755,On or near Star Close,E01031670,Horsham 001A,Violence and sexual offences,Unable to prosecute suspect,
875a2219cbe4dcf10a72b9985699b704c77aae58e80d6d312150e03724dc187d,2017-03,Sussex Police,Sussex Police,-0.299065,51.071383,On or near Manor Fields,E01031670,Horsham 001A,Violence and sexual offences,Local resolution,
,2017-03,Sussex Police,Sussex Police,-0.293045,51.070890,On or near Red Deer Close,E01031671,Horsham 001B,Anti-social behaviour,,
,2017-03,Sussex Police,Sussex Police,-0.294567,51.072207,On or near Woodland Close,E01031671,Horsham 001B,Anti-social behaviour,,
,2017-03,Sussex Police,Sussex Police,-0.294567,51.072207,On or near Woodland Close,E01031671,Horsham 001B,Anti-social behaviour,,
,2017-03,Sussex Police,Sussex Police,-0.292530,51.073625,On or near South Holmes Road,E01031671,Horsham 001B,Anti-social behaviour,,
,2017-03,Sussex Police,Sussex Police,-0.290245,51.073286,On or near Delius Gardens,E01031671,Horsham 001B,Anti-social behaviour,,
622053e8060ba4040e4dfacfb8a07035e84140bf5e2d829fcbf1bb71f4006f91,2017-03,Sussex Police,Sussex Police,-0.292871,51.074458,On or near Forest Close,E01031671,Horsham 001B,Criminal damage and arson,Investigation complete; no suspect identified,
77a972d1d3401d28d9e756d56ce02eabc1e93ef6a6ea6b0b37615cc764f2421c,2017-03,Sussex Police,Sussex Police,-0.292397,51.072589,On or near Owlbeech Court,E01031671,Horsham 001B,Criminal damage and arson,Investigation complete; no suspect identified,
0c6b2ba3b8a548949da08d45e7e302b431aa6b7d39e731bb76b70eae47fcdfab,2017-03,Sussex Police,Sussex Police,-0.292397,51.072589,On or near Owlbeech Court,E01031671,Horsham 001B,Criminal damage and arson,Investigation complete; no suspect identified,
a2e7a01cf8189d3d0e076559439434c18683dd526701c2116fb48426fba1e5c1,2017-03,Sussex Police,Sussex Police,-0.291105,51.072400,On or near Owlbeech Way,E01031671,Horsham 001B,Criminal damage and arson,Investigation complete; no suspect identified,
5884f6a1ce9abdde5e7a0566b1ff9e0c42b084972508fc748dfe4813552863b6,2017-03,Sussex Police,Sussex Police,-0.292871,51.074458,On or near Forest Close,E01031671,Horsham 001B,Criminal damage and arson,Unable to prosecute suspect,
a55fc5fd0c295281f8b7d711cebcca4de702ac065b271c5f01ab3de7858a8d91,2017-03,Sussex Police,Sussex Police,-0.293010,51.073776,On or near Gillett Court,E01031671,Horsham 001B,Other theft,Investigation complete; no suspect identified,
108caf99247e492e7491e71f27125c8b56fdecb03b564bad3d93b4c72e33c3a8,2017-03,Sussex Police,Sussex Police,-0.292530,51.073625,On or near South Holmes Road,E01031671,Horsham 001B,Public order,Unable to prosecute suspect,
7e0043aed0f126def969cfc635f4430d58c83c7b465a6117679de12880c31a92,2017-03,Sussex Police,Sussex Police,-0.292871,51.074458,On or near Forest Close,E01031671,Horsham 001B,Violence and sexual offences,Unable to prosecute suspect,
766a35b8b404f22d9535940bda1d063f842ed67a2525368b2a89fc8c0c453ace,2017-03,Sussex Police,Sussex Police,-0.289557,51.073348,On or near Elgar Way,E01031671,Horsham 001B,Violence and sexual offences,Investigation complete; no suspect identified,
2f459b203589f390c99906867ee597589fc27ece4d111f76c713db07e4ef3466,2017-03,Sussex Police,Sussex Police,-0.290245,51.073286,On or near Delius Gardens,E01031671,Horsham 001B,Violence and sexual offences,Unable to prosecute suspect,
d3f62f244b4a922d9acf5b92ef043be7b98805d4d51e9b5d6b1c0db29c12174d,2017-03,Sussex Police,Sussex Police,-0.291692,51.073119,On or near Murray Court,E01031671,Horsham 001B,Violence and sexual offences,Investigation complete; no suspect identified,
,2017-03,Sussex Police,Sussex Police,-0.292051,51.077737,On or near Bracken Grove,E01031673,Horsham 001C,Anti-social behaviour,,
7de0793a824fa8152055ddd94c88837cfcc30c102021a914313c6a4eebdc8499,2017-03,Sussex Police,Sussex Police,-0.291109,51.076941,On or near Birches Road,E01031673,Horsham 001C,Burglary,Court result unavailable,
31d600c2e4d7faa4c1207d5a8888b4385afb58eb3ada9aae2c4c31e65fe2fb53,2017-03,Sussex Police,Sussex Police,-0.288614,51.077624,On or near Beech Road,E01031673,Horsham 001C,Burglary,Investigation complete; no suspect identified,
6d67a36ecb443438c816b73b6b257960988a60f8b0482c8435c2a6f93feb93ef,2017-03,Sussex Police,Sussex Police,-0.291109,51.076941,On or near Birches Road,E01031673,Horsham 001C,Burglary,Investigation complete; no suspect identified,
96f20b3a1d3473e660371d9c96a2b31e508d07abf99da4630a5f6681f125d7f5,2017-03,Sussex Police,Sussex Police,-0.288614,51.077624,On or near Beech Road,E01031673,Horsham 001C,Burglary,Investigation complete; no suspect identified,
64306eb2cc068944184255de3bc871f96e322b148a35a5cbbd8545eaba949945,2017-03,Sussex Police,Sussex Police,-0.288614,51.077624,On or near Beech Road,E01031673,Horsham 001C,Burglary,Investigation complete; no suspect identified,
526df2798c9a6e200651008f071f34ab263af4183323983df95682512ce56feb,2017-03,Sussex Police,Sussex Police,-0.286004,51.078728,On or near Parking Area,E01031673,Horsham 001C,Other theft,Further investigation is not in the public interest,
269bb0312e2df719afb45aae09057146a8ffc9ba96247551f5762ce0e089a010,2017-03,Sussex Police,Sussex Police,-0.291109,51.076941,On or near Birches Road,E01031673,Horsham 001C,Public order,Defendant found not guilty,
c89f6623b00dce499e54b356e6dfa2788eead8aaf89a1448c21ec07d3d6db82f,2017-03,Sussex Police,Sussex Police,-0.287180,51.077414,On or near The Pines,E01031673,Horsham 001C,Public order,Investigation complete; no suspect identified,
9421f50c5cb00a0bf3e752e5b5ffdd198628902b6ef5fb3586c334d3c8663b89,2017-03,Sussex Police,Sussex Police,-0.291109,51.076941,On or near Birches Road,E01031673,Horsham 001C,Violence and sexual offences,Local resolution,
2fc3c419e1cc5f38e5460124e8e30771cd6b401c87240a2e50e15c5aeb3f581a,2017-03,Sussex Police,Sussex Police,-0.288614,51.077624,On or near Beech Road,E01031673,Horsham 001C,Violence and sexual offences,Further investigation is not in the public interest,
f2d909afb299918c1d65f3e19ea1d07daa4eb874c7cc6f13895ea36682a08ff4,2017-03,Sussex Police,Sussex Police,-0.290485,51.077597,On or near Church Road,E01031673,Horsham 001C,Violence and sexual offences,Unable to prosecute suspect,
d11ece0910778ad7201aee6ddd7fa88bd33bbcae794c2aa37280df28c8dac54b,2017-03,Sussex Police,Sussex Police,-0.291109,51.076941,On or near Birches Road,E01031673,Horsham 001C,Violence and sexual offences,Unable to prosecute suspect,
,2017-03,Sussex Police,Sussex Police,-0.289763,51.114980,On or near Horsham Road,E01031676,Horsham 001D,Anti-social behaviour,,
,2017-03,Sussex Police,Sussex Police,-0.267733,51.080941,On or near Beedingwood Drive,E01031676,Horsham 001D,Anti-social behaviour,,
c36749523ba2a2ec2762a5399430efcc256f3e389cabca48c28015341866e272,2017-03,Sussex Police,Sussex Police,-0.212046,51.081487,On or near Horsham Road,E01031676,Horsham 001D,Burglary,Investigation complete; no suspect identified,
f11b8ed55226eb5c838b7b196db750bcd3b0da06307471b12a9ec553d6725916,2017-03,Sussex Police,Sussex Police,-0.233349,51.128646,On or near Ifield Wood,E01031676,Horsham 001D,Burglary,Investigation complete; no suspect identified,
d7b2750e1889cce353ef381f056c4ebdc42b31e1c7bc88a7368f6a7f5b8dc50a,2017-03,Sussex Police,Sussex Police,-0.263960,51.092495,On or near Newtimber,E01031676,Horsham 001D,Burglary,Investigation complete; no suspect identified,
4ea37bc680814b91c69e9c6b16b926a7f437781cc1e95a6db0b00476b943c3b4,2017-03,Sussex Police,Sussex Police,-0.227521,51.115500,On or near Whitehall Drive,E01031676,Horsham 001D,Burglary,Investigation complete; no suspect identified,
a710e635fcdd348713a0d47c268a6d59a01a462689f0179044c8b6663c37b5dd,2017-03,Sussex Police,Sussex Police,-0.263960,51.092495,On or near Newtimber,E01031676,Horsham 001D,Burglary,Investigation complete; no suspect identified,
a35bfceb9bea16b867245cbb1777b473efae3fd454d394cfe355cf74925ab52c,2017-03,Sussex Police,Sussex Police,-0.227781,51.141197,On or near Parking Area,E01031676,Horsham 001D,Criminal damage and arson,Investigation complete; no suspect identified,
0c191f2af8eec0ee57497ff1d223e1a612c3d5582ff2ba45f0da45a214af4458,2017-03,Sussex Police,Sussex Police,-0.238873,51.102147,On or near Park/Open Space,E01031676,Horsham 001D,Criminal damage and arson,Investigation complete; no suspect identified,
2e0fb5d898884458e91550d9131cde11a12ab8b6aa8f92951db24c69d219a6db,2017-03,Sussex Police,Sussex Police,-0.239699,51.096206,On or near Burns Way,E01031676,Horsham 001D,Other theft,Investigation complete; no suspect identified,
f3d0c9e95ba6a562ab34a79e9fa4c3574073d289213acdeebe00d50f0725c77b,2017-03,Sussex Police,Sussex Police,-0.263240,51.096090,On or near Station Approach,E01031676,Horsham 001D,Other theft,Offender given a caution,
04ed3fad893ddef1602aa56f7e808feae96ab4b8118decc0e9cae2cca6606bc7,2017-03,Sussex Police,Sussex Police,-0.210770,51.136738,On or near Bonnetts Lane,E01031676,Horsham 001D,Violence and sexual offences,Awaiting court outcome,
d8a365a16f8cdee7f46a684a98ea0116d796c84e17c531310bddcab3ecff57e4,2017-03,Sussex Police,Sussex Police,-0.284141,51.119043,On or near Ashmore Lane,E01031676,Horsham 001D,Violence and sexual offences,Unable to prosecute suspect,
b0647559c32373f5f1e5915c1bbfff6345f3678fe11dbfae705cd5b0c8e0f14c,2017-03,Sussex Police,Sussex Police,-0.233349,51.128646,On or near Ifield Wood,E01031676,Horsham 001D,Violence and sexual offences,Status update unavailable,
63507bef678183567f0d58e1e5b2c9c1785f143b32b9fd9327614adc3e1016cc,2017-03,Sussex Police,Sussex Police,-0.239699,51.096206,On or near Burns Way,E01031676,Horsham 001D,Violence and sexual offences,Unable to prosecute suspect,
093e3e172ea36eec8b01f6e67ab01b94ba955cd152bfccd8f6203fef80cc2377,2017-03,Sussex Police,Sussex Police,-0.210770,51.136738,On or near Bonnetts Lane,E01031676,Horsham 001D,Violence and sexual offences,Awaiting court outcome,
384f13f580dce624faab01120f6e2f47837cc07225e0e722890db5bd979ee275,2017-03,Sussex Police,Sussex Police,-0.315111,51.078773,On or near Trefoil Close,E01031644,Horsham 002A,Shoplifting,Investigation complete; no suspect identified,
2585f1a4fe57cae101b050143dc5a4733b02eb3585d12454a943968e739a5bb6,2017-03,Sussex Police,Sussex Police,-0.315111,51.078773,On or near Trefoil Close,E01031644,Horsham 002A,Shoplifting,Investigation complete; no suspect identified,
435fb5ffe46d53da17567ce98fe8ad3eab5a45efd00b011c2a87bbaf24a6891f,2017-03,Sussex Police,Sussex Police,-0.315111,51.078773,On or near Trefoil Close,E01031644,Horsham 002A,Shoplifting,Investigation complete; no suspect identified,
18fa6aa84b24e71d36a79177c74e7dc87093d6a8087da11f12b3eabc38652b3c,2017-03,Sussex Police,Sussex Police,-0.316337,51.080410,On or near North Heath Lane,E01031644,Horsham 002A,Vehicle crime,Investigation complete; no suspect identified,
77ebdfa5a401d99def3cf25d981912110ea7cdeb8ba13fee514e15f75c78efd2,2017-03,Sussex Police,Sussex Police,-0.318903,51.075006,On or near Allcard Close,E01031644,Horsham 002A,Violence and sexual offences,Investigation complete; no suspect identified,
,2017-03,Sussex Police,Sussex Police,-0.312765,51.087562,On or near Northlands Road,E01031645,Horsham 002B,Anti-social behaviour,,
18d3a8c9ca1d499c7559925b41960e445b37484dda4d3706423b01232169653b,2017-03,Sussex Police,Sussex Police,-0.311902,51.084204,On or near Dutchells Copse,E01031645,Horsham 002B,Burglary,Investigation complete; no suspect identified,
9cd04e4c5206fbe043d1d389985a53b2c451b231beb15e50bb7bdebadf2797bf,2017-03,Sussex Police,Sussex Police,-0.312901,51.083409,On or near Coleridge Close,E01031645,Horsham 002B,Violence and sexual offences,Status update unavailable,
e481adc7cb63172741126bff14dfe216150273b9859b6b3f15e34e99ecb513b2,2017-03,Sussex Police,Sussex Police,-0.310331,51.084990,On or near Longfellow Close,E01031645,Horsham 002B,Violence and sexual offences,Unable to prosecute suspect,
5d3939cf3055712adc719069fea41fa07dd9f69ef19c12d339fa836d0faadb53,2017-03,Sussex Police,Sussex Police,-0.312512,51.085094,On or near Sports/Recreation Area,E01031645,Horsham 002B,Violence and sexual offences,Unable to prosecute suspect,
dc0c88e1c27a72878d071ab3123f48ddb8ae39e22e5526ee95c783c40a5cb6ed,2017-03,Sussex Police,Sussex Police,-0.312512,51.085094,On or near Sports/Recreation Area,E01031645,Horsham 002B,Violence and sexual offences,Unable to prosecute suspect,
4a853ca3df12106de4d56a5bb39f6f2f45deab02ce6fa0d05efae58109c9917f,2017-03,Sussex Police,Sussex Police,-0.312512,51.085094,On or near Sports/Recreation Area,E01031645,Horsham 002B,Violence and sexual offences,Unable to prosecute suspect,
,2017-03,Sussex Police,Sussex Police,-0.301426,51.082514,On or near Cissbury Close,E01031646,Horsham 002C,Anti-social behaviour,,
8cf0119cf4eb3838b491798eec5d8f7de812e26661d092659a13ea03a2ede981,2017-03,Sussex Police,Sussex Police,-0.295978,51.084296,On or near Shottermill,E01031646,Horsham 002C,Violence and sexual offences,Unable to prosecute suspect,
,2017-03,Sussex Police,Sussex Police,-0.311296,51.078862,On or near Serrin Way,E01031647,Horsham 002D,Anti-social behaviour,,
88203cbc7cd94c6a833def5659f070f4b3ca2a44ed50ddf4152499c6276b3a9a,2017-03,Sussex Police,Sussex Police,-0.312035,51.078180,On or near Siskin Close,E01031647,Horsham 002D,Drugs,Offender given a caution,
0ba0bea813f4e8c00fec5b875fad27b967efa5d2c484c40ff3e723bcfc4b7740,2017-03,Sussex Police,Sussex Police,-0.311207,51.082089,On or near Mallow Close,E01031647,Horsham 002D,Public order,Investigation complete; no suspect identified,
203e2b09fcba65ca96878976eae06883677d87baf6bc30d85cdd0fb3a7a87891,2017-03,Sussex Police,Sussex Police,-0.312035,51.078180,On or near Siskin Close,E01031647,Horsham 002D,Vehicle crime,Status update unavailable,
49e92f9392e847456465d96ce8bdebdc2e8586722423c1a95e1c1bf9c5f7d3b4,2017-03,Sussex Police,Sussex Police,-0.311400,51.079556,On or near Red Admiral Street,E01031647,Horsham 002D,Violence and sexual offences,Unable to prosecute suspect,
43141e44a7d5114d6092eb2af093d93fb0c0c350755da1807b2e8c17054ed595,2017-03,Sussex Police,Sussex Police,-0.311400,51.079556,On or near Red Admiral Street,E01031647,Horsham 002D,Violence and sexual offences,Offender given absolute discharge,
1a718698de3865c86f552c07c8e4a3903a08911ab3bd75528f5843b4120713ce,2017-03,Sussex Police,Sussex Police,-0.310179,51.079754,On or near Swallowtail Road,E01031647,Horsham 002D,Violence and sexual offences,Investigation complete; no suspect identified,
8703dc5438b588dca607c82b97aa41168155de0eda59fb1cbe53802b49c914f5,2017-03,Sussex Police,Sussex Police,-0.311400,51.079556,On or near Red Admiral Street,E01031647,Horsham 002D,Violence and sexual offences,Unable to prosecute suspect,
8268ebc683be0970449819518d05b5a580789fca92a2957130fcee7ce4f020d0,2017-03,Sussex Police,Sussex Police,-0.310012,51.081982,On or near Brook Road,E01031647,Horsham 002D,Violence and sexual offences,Further investigation is not in the public interest,
,2017-03,Sussex Police,Sussex Police,-0.320756,51.077056,On or near Fern Way,E01031649,Horsham 002E,Anti-social behaviour,,
a0848b6f677a6536666e2bc44080cb41c279ca071d8b1ac75ebbf78b408e37f7,2017-03,Sussex Police,Sussex Police,-0.320222,51.079557,On or near Owlscastle Close,E01031649,Horsham 002E,Violence and sexual offences,Offender given community sentence,
,2017-03,Sussex Police,Sussex Police,-0.307833,51.098273,On or near Old Holbrook,E01031650,Horsham 002F,Anti-social behaviour,,
ea80597ac475bbcda13e18cd3646a5562984a7533686df8f867542c6707525f6,2017-03,Sussex Police,Sussex Police,-0.322360,51.087960,On or near Skylark View,E01031650,Horsham 002F,Violence and sexual offences,Defendant found not guilty,
96a2b3bd0af0c3b02c15ac0bd951dd18e41c4f47254012809e4452a9f1022222,2017-03,Sussex Police,Sussex Police,-0.299268,51.079066,On or near Lambs Farm Close,E01031666,Horsham 002G,Criminal damage and arson,Investigation complete; no suspect identified,
a69cc21d37c81733d24a0872939bd1b6d54466c7c323a3ef1e1e6185adbd1e16,2017-03,Sussex Police,Sussex Police,-0.290633,51.081332,On or near Spinney Close,E01031666,Horsham 002G,Vehicle crime,Investigation complete; no suspect identified,
0f7f4ab41254659c7b27d436da2f7e1c1acb8ea6f0bedf86827d018ff9957958,2017-03,Sussex Police,Sussex Police,-0.299268,51.079066,On or near Lambs Farm Close,E01031666,Horsham 002G,Vehicle crime,Investigation complete; no suspect identified,
87308c5ed3f1a56fe68f719115ef222345d668b4079390fe560ed42a47051d57,2017-03,Sussex Police,Sussex Police,-0.299268,51.079066,On or near Lambs Farm Close,E01031666,Horsham 002G,Vehicle crime,Investigation complete; no suspect identified,
96b110d1bf6e8e4e9bbb11a60e1dd48c145ae7771ee20831e640c0f4e053cbb4,2017-03,Sussex Police,Sussex Police,-0.298456,51.079027,On or near Lambs Farm Road,E01031666,Horsham 002G,Vehicle crime,Investigation complete; no suspect identified,
1bca184218eb68e4b7a750cf28e8d9d2a2fea7372aea1a00d6d27ad3fabe762d,2017-03,Sussex Police,Sussex Police,-0.303296,51.077056,On or near Hawkesbourne Road,E01031668,Horsham 002H,Drugs,Offender otherwise dealt with,
aa121d468803db882d2d84b5e3fc6360ef2187dd231b982a3334fa3766b91494,2017-03,Sussex Police,Sussex Police,-0.303828,51.079689,On or near Morrell Avenue,E01031668,Horsham 002H,Vehicle crime,Investigation complete; no suspect identified,
a20ab9e3d810fcbcab67b65d149c776ee3e2bc7a2fde686a3146b2e038188004,2017-03,Sussex Police,Sussex Police,-0.303296,51.077056,On or near Hawkesbourne Road,E01031668,Horsham 002H,Violence and sexual offences,Unable to prosecute suspect,
,2017-03,Sussex Police,Sussex Police,-0.355756,51.070314,On or near Sleets Road,E01031620,Horsham 003A,Anti-social behaviour,,
,2017-03,Sussex Police,Sussex Police,-0.360294,51.071961,On or near Forge Close,E01031620,Horsham 003A,Anti-social behaviour,,
,2017-03,Sussex Police,Sussex Police,-0.356157,51.069052,On or near Heath Close,E01031620,Horsham 003A,Anti-social behaviour,,
,2017-03,Sussex Police,Sussex Police,-0.359277,51.072045,On or near Hollands Field,E01031620,Horsham 003A,Anti-social behaviour,,
f10d3336b008d5d74c295125696686c37d6bebb73a5bfe45f69971feb32127cf,2017-03,Sussex Police,Sussex Police,-0.356157,51.069052,On or near Heath Close,E01031620,Horsham 003A,Burglary,Investigation complete; no suspect identified,
f5b76cfa260677eecdb8e7eb5dfdf5f3313b23d2d3dc01231b8b6a53c1043c42,2017-03,Sussex Police,Sussex Police,-0.358847,51.071311,On or near Old Guildford Road,E01031620,Horsham 003A,Criminal damage and arson,Investigation complete; no suspect identified,
41ba9240f9e8e288b995c534135c35fe7910f6b0c8cefe6d766e85b4daa6fdae,2017-03,Sussex Police,Sussex Police,-0.360767,51.069890,On or near Castle Road,E01031620,Horsham 003A,Criminal damage and arson,Investigation complete; no suspect identified,
9645a9accd69097956428059135c21ca5cf92c71e1d2f89ad4be93e8212f34ba,2017-03,Sussex Police,Sussex Police,-0.362793,51.071933,On or near Warnham Road,E01031620,Horsham 003A,Drugs,Offender given a drugs possession warning,
9dc1ff961594d1b96119c41481851f811c5df7fe776316bc6f6e71d3ce97b125,2017-03,Sussex Police,Sussex Police,-0.353629,51.069925,On or near Petrol Station,E01031620,Horsham 003A,Other theft,Status update unavailable,
34081319f46c1e473c0e48fc33865a92c7695884c3af2d032c6b8863fd69bc1f,2017-03,Sussex Police,Sussex Police,-0.353629,51.069925,On or near Petrol Station,E01031620,Horsham 003A,Other theft,Investigation complete; no suspect identified,
c37dbbbe1b508abc467d01d6eaf4c698e58e9c1dda924ec2fe60fa26d79d267a,2017-03,Sussex Police,Sussex Police,-0.363920,51.072362,On or near Vinall Gardens,E01031620,Horsham 003A,Other theft,Investigation complete; no suspect identified,
8ce9d1df9b0f3598a1fd096a7215766e820e2d4ec921c67604eb70713e374fd2,2017-03,Sussex Police,Sussex Police,-0.356157,51.069052,On or near Heath Close,E01031620,Horsham 003A,Other theft,Investigation complete; no suspect identified,
11080c89f8c8698acbd2611347798bde00597efebbd0fbf52fa481234e95c19f,2017-03,Sussex Police,Sussex Police,-0.358847,51.071311,On or near Old Guildford Road,E01031620,Horsham 003A,Public order,Investigation complete; no suspect identified,
1457ca928ac4a1f446311e928626155b48fd420b8b0dc87b066eb220aad35507,2017-03,Sussex Police,Sussex Police,-0.360767,51.069890,On or near Castle Road,E01031620,Horsham 003A,Theft from the person,Investigation complete; no suspect identified,
ecb9733fb93c887fc95b89ee58eb8c4ff217109a650fa6887cc60e5f04c05fda,2017-03,Sussex Police,Sussex Police,-0.353629,51.069925,On or near Petrol Station,E01031620,Horsham 003A,Vehicle crime,Investigation complete; no suspect identified,
5cb3d3aaaf6ea05232ba99615b5e0379372c6a434dda6f96f4d50ef64f378b13,2017-03,Sussex Police,Sussex Police,-0.362793,51.071933,On or near Warnham Road,E01031620,Horsham 003A,Violence and sexual offences,Unable to prosecute suspect,
f52623463f961cca9659f559ef87a7bdc79ccd420e346088eceb52c91bcaddd9,2017-03,Sussex Police,Sussex Police,-0.355756,51.070314,On or near Sleets Road,E01031620,Horsham 003A,Violence and sexual offences,Offender given a caution,
8b50c6139176a868168e9601dd0ce9ad928d5ac08581f58f1fbbd7381d7f3ef3,2017-03,Sussex Police,Sussex Police,-0.356157,51.069052,On or near Heath Close,E01031620,Horsham 003A,Violence and sexual offences,Unable to prosecute suspect,
350d0d1d7498e9164fc914276c8c827a6e6bfe15ee2bbc746c5593430fb2b0ec,2017-03,Sussex Police,Sussex Police,-0.357520,51.070465,On or near Sullington Mead,E01031620,Horsham 003A,Violence and sexual offences,Unable to prosecute suspect,
,2017-03,Sussex Police,Sussex Police,-0.331757,51.077196,On or near Warnham Road,E01031648,Horsham 003B,Anti-social behaviour,,
a8106079e957ff2d808cabcb80dd9a07a10539c55548a431781b8e597e8af18c,2017-03,Sussex Police,Sussex Police,-0.329060,51.075583,On or near Supermarket,E01031648,Horsham 003B,Bicycle theft,Investigation complete; no suspect identified,
b9a0d1428859cefda082c15c181ce0be97b0313be8aab00f02229f9f1b9e310a,2017-03,Sussex Police,Sussex Police,-0.320942,51.075467,On or near Marlborough Close,E01031648,Horsham 003B,Burglary,Investigation complete; no suspect identified,
2eefa3ce9edfc45a51ca731a22e52af4c4f14a34ec17893306479091e348406d,2017-03,Sussex Police,Sussex Police,-0.327205,51.075161,On or near April Close,E01031648,Horsham 003B,Burglary,Investigation complete; no suspect identified,
df0a364c6d44794b320f73a5720c11fa839bff27521fd7e9885433e75292f3c2,2017-03,Sussex Police,Sussex Police,-0.326933,51.074779,On or near Garden Walk,E01031648,Horsham 003B,Burglary,Investigation complete; no suspect identified,
23f7358a13d384f9ac2c4412cd79054b9343c8c87179080eb57d4f9afabdaf6b,2017-03,Sussex Police,Sussex Police,-0.331757,51.077196,On or near Warnham Road,E01031648,Horsham 003B,Criminal damage and arson,Investigation complete; no suspect identified,
cc6debd01bcd0459204f4b70d891e826826688e805469460cff3dae33c9db41d,2017-03,Sussex Police,Sussex Police,-0.331757,51.077196,On or near Warnham Road,E01031648,Horsham 003B,Criminal damage and arson,Investigation complete; no suspect identified,
053224b447eb7719cde4e8f5097e1df9d0cc5657ea4a407f4bf464562064348b,2017-03,Sussex Police,Sussex Police,-0.331757,51.077196,On or near Warnham Road,E01031648,Horsham 003B,Criminal damage and arson,Investigation complete; no suspect identified,
f27ebcfc90e3bc53bca2e606705832709211f66c3ddee1b70bf543719588cd5d,2017-03,Sussex Police,Sussex Police,-0.329060,51.075583,On or near Supermarket,E01031648,Horsham 003B,Other theft,Unable to prosecute suspect,
4e25e4f45ca9110a2dc640a1527933b37a4cab48bb3c674b883f6f6598bc34b5,2017-03,Sussex Police,Sussex Police,-0.320942,51.075467,On or near Marlborough Close,E01031648,Horsham 003B,Public order,Further investigation is not in the public interest,
714aa10c0465629f250c76c9fe243a00e14a95f9befe2814a726a9a8f52cf4a5,2017-03,Sussex Police,Sussex Police,-0.320942,51.075467,On or near Marlborough Close,E01031648,Horsham 003B,Public order,Further investigation is not in the public interest,
45f69baed12bc78bb1f91777aea712be81d7c447cb2c513287a56f61fa389913,2017-03,Sussex Police,Sussex Police,-0.329060,51.075583,On or near Supermarket,E01031648,Horsham 003B,Vehicle crime,Investigation complete; no suspect identified,
,2017-03,Sussex Police,Sussex Police,-0.318321,51.082794,On or near Cook Road,E01031651,Horsham 003C,Anti-social behaviour,,
a0658c4ffe9106033e12d0d6c51120f723dce89285f951b734bfb507791de32d,2017-03,Sussex Police,Sussex Police,-0.321160,51.080074,On or near Holmbush Close,E01031651,Horsham 003C,Public order,Investigation complete; no suspect identified,
7278a941d5c30017a58c072720d86ac5a52c3ff21dd0e83067973fe55546bd07,2017-03,Sussex Police,Sussex Police,-0.318611,51.081486,On or near Amundsen Road,E01031651,Horsham 003C,Public order,Unable to prosecute suspect,
,2017-03,Sussex Police,Sussex Police,-0.348077,51.089954,On or near Church Street,E01031658,Horsham 003D,Anti-social behaviour,,
,2017-03,Sussex Police,Sussex Police,-0.350754,51.089354,On or near Stanford Orchard,E01031658,Horsham 003D,Anti-social behaviour,,
,2017-03,Sussex Police,Sussex Police,-0.348077,51.089954,On or near Church Street,E01031658,Horsham 003D,Anti-social behaviour,,
,2017-03,Sussex Police,Sussex Police,-0.352098,51.090101,On or near Gardeners Close,E01031658,Horsham 003D,Anti-social behaviour,,
baf3da55b72023daf231d9ccf8baaba4ff059be9ed7b7f2fa5eec03133a86a0c,2017-03,Sussex Police,Sussex Police,-0.350754,51.089354,On or near Stanford Orchard,E01031658,Horsham 003D,Criminal damage and arson,Investigation complete; no suspect identified,
4af4e5e6fc39c85cef52363d9cbe66ac463adb25d4f7bc98ee097f1b2c6664c8,2017-03,Sussex Police,Sussex Police,-0.372985,51.103244,On or near Bognor Road,E01031658,Horsham 003D,Other theft,Investigation complete; no suspect identified,
54f47d05527d49367b72909396554287c33cc343a5704b23a5d7b58c1ba66f57,2017-03,Sussex Police,Sussex Police,-0.349228,51.094917,On or near Threestile Road,E01031658,Horsham 003D,Other theft,Investigation complete; no suspect identified,
69f04165bdf216c7f34747d358430b24d2dc90bb1fa4f355e8eaf9107cc2fd3a,2017-03,Sussex Police,Sussex Police,-0.353157,51.092454,On or near Tilletts Lane,E01031658,Horsham 003D,Public order,Investigation complete; no suspect identified,
243a39b5c27d14012369fb2cabda9ecfffa5789759f69ed83063a3a30e15e5bc,2017-03,Sussex Police,Sussex Police,-0.372985,51.103244,On or near Bognor Road,E01031658,Horsham 003D,Vehicle crime,Status update unavailable,
30aff5fc32158ec320bd95fea38b5e6176cf88bea7d47d47cc1a6c03b590661e,2017-03,Sussex Police,Sussex Police,-0.353157,51.092454,On or near Tilletts Lane,E01031658,Horsham 003D,Violence and sexual offences,Unable to prosecute suspect,
,2017-03,Sussex Police,Sussex Police,-0.328343,51.069737,On or near Ravenscroft Court,E01031689,Horsham 003E,Anti-social behaviour,,
,2017-03,Sussex Police,Sussex Police,-0.331431,51.070374,On or near Nelson Road,E01031689,Horsham 003E,Anti-social behaviour,,
75b1e9198b3b2a171f97a9a3a175dd1687d89bb95ae1ef14b3eb008ec51ccdf1,2017-03,Sussex Police,Sussex Police,-0.330808,51.072218,On or near Trafalgar Road,E01031689,Horsham 003E,Criminal damage and arson,Investigation complete; no suspect identified,
06f99525350b759fb4f7ee3d25c0a2c93833c6792b1334a8b44054a54426e3d9,2017-03,Sussex Police,Sussex Police,-0.329109,51.069855,On or near Lynwood Court,E01031689,Horsham 003E,Criminal damage and arson,Investigation complete; no suspect identified,
2692d5f8ed60abb7b63f710559030fb6cb90a3593fc765d5d139129319fbc0f6,2017-03,Sussex Police,Sussex Police,-0.332268,51.072904,On or near Kempshott Road,E01031689,Horsham 003E,Violence and sexual offences,Unable to prosecute suspect,
,2017-03,Sussex Police,Sussex Police,-0.308897,51.062451,On or near Eady Close,E01031654,Horsham 004A,Anti-social behaviour,,
5a263dbfab3d3e0dc8dfc018ff006231b15b1f43a35688e307b4a0162c7f6e32,2017-03,Sussex Police,Sussex Police,-0.302991,51.063562,On or near Comptons Lane,E01031654,Horsham 004A,Burglary,Court result unavailable,
6e2b0e2024c710d823a26ced536884db26b1ee756c57fb37a73e10d8b14bc982,2017-03,Sussex Police,Sussex Police,-0.303005,51.062771,On or near Sports/Recreation Area,E01031654,Horsham 004A,Burglary,Investigation complete; no suspect identified,
6fb2e8ed1a646109b68ce3c9b33a72fafc0a644a1aaa15afde9f2daeb541d4c7,2017-03,Sussex Police,Sussex Police,-0.311424,51.066724,On or near Waterfield Close,E01031654,Horsham 004A,Criminal damage and arson,Court result unavailable,
7a9af4724968508b39298c5b1c1ae2c55dba84cfd7e3ab97b57352892b071828,2017-03,Sussex Police,Sussex Police,-0.309126,51.067509,On or near Harwood Road,E01031654,Horsham 004A,Other theft,Further investigation is not in the public interest,
a24842894019f039ed089b32f1a623d136ae5ccb132d3d9ee351b64e43023ccc,2017-03,Sussex Police,Sussex Police,-0.309245,51.065415,On or near Corunna Drive,E01031654,Horsham 004A,Vehicle crime,Investigation complete; no suspect identified,
69d950a400fdc61a01e1de0e8c28fc258912438880019040e54dbf499f6d486c,2017-03,Sussex Police,Sussex Police,-0.308597,51.063220,On or near Nightingales Close,E01031654,Horsham 004A,Violence and sexual offences,Further investigation is not in the public interest,
4cbe7ba0c655112a151c91b08d3ac6b7b9529fb431cfb3a29c27ebf7cc942991,2017-03,Sussex Police,Sussex Police,-0.309245,51.065415,On or near Corunna Drive,E01031654,Horsham 004A,Violence and sexual offences,Further investigation is not in the public interest,
,2017-03,Sussex Police,Sussex Police,-0.299697,51.074764,On or near Lime Avenue,E01031667,Horsham 004C,Anti-social behaviour,,
bc21bb08708f0a29a74b56990f6c4ff2bc837d0d1fba2e591b0a024ca8b745a1,2017-03,Sussex Police,Sussex Police,-0.302100,51.077380,On or near Honeysuckle Walk,E01031667,Horsham 004C,Criminal damage and arson,Unable to prosecute suspect,
75a2b81b33b7ddfcd2d872bae07300c71a1f346e82b1686d2a43deb20da3cf7e,2017-03,Sussex Police,Sussex Police,-0.295115,51.075938,On or near Coney Croft,E01031667,Horsham 004C,Public order,Investigation complete; no suspect identified,
c30300e144e85403845691d6b01d34fed6382e769502935d784a7efd4de58c63,2017-03,Sussex Police,Sussex Police,-0.302100,51.077380,On or near Honeysuckle Walk,E01031667,Horsham 004C,Theft from the person,Court result unavailable,
bbfe58d72f745f3d37ac030679127c2aa7ca65380483792dd14c1ac525e780db,2017-03,Sussex Police,Sussex Police,-0.295115,51.075938,On or near Coney Croft,E01031667,Horsham 004C,Violence and sexual offences,Investigation complete; no suspect identified,
38957181e656946e041df2e757e5ba5545ad9823376d132354975593f1105356,2017-03,Sussex Police,Sussex Police,-0.295115,51.075938,On or near Coney Croft,E01031667,Horsham 004C,Violence and sexual offences,Unable to prosecute suspect,
,2017-03,Sussex Police,Sussex Police,-0.308864,51.073917,On or near Naldrett Close,E01031669,Horsham 004D,Anti-social behaviour,,
,2017-03,Sussex Police,Sussex Police,-0.306338,51.074303,On or near Millthorpe Road,E01031669,Horsham 004D,Anti-social behaviour,,
9f4cca2b324285ecdd5bfa20f7216c87a79ee285f99dc03545df12983e4c77df,2017-03,Sussex Police,Sussex Police,-0.305589,51.074877,On or near Canberra Place,E01031669,Horsham 004D,Bicycle theft,Investigation complete; no suspect identified,
3aa9aef6c63a89f9e4631d7459c58e3e79ef4abc6f4a749867bf8461860d864c,2017-03,Sussex Police,Sussex Police,-0.305320,51.073641,On or near Darwin Close,E01031669,Horsham 004D,Violence and sexual offences,Investigation complete; no suspect identified,
8eb126dfc766f1858ed1023dd9e3c82635d58ae2798a785424e95599116fb301,2017-03,Sussex Police,Sussex Police,-0.304668,51.073892,On or near Perth Way,E01031669,Horsham 004D,Violence and sexual offences,Unable to prosecute suspect,
0cafc052876edd0396779791bfafc823e0b9214471211b76adfc5656446e3977,2017-03,Sussex Police,Sussex Police,-0.313394,51.073785,On or near Parsonage Way,E01031669,Horsham 004D,Other crime,Further investigation is not in the public interest,
,2017-03,Sussex Police,Sussex Police,-0.315285,51.070448,On or near Foundry Lane,E01031672,Horsham 004E,Anti-social behaviour,,
,2017-03,Sussex Police,Sussex Police,-0.308043,51.071765,On or near Supermarket,E01031672,Horsham 004E,Anti-social behaviour,,
40fa99665491f90b7e0b3837a7f86de3d46fc96d6142c637bd683240402f3a9b,2017-03,Sussex Police,Sussex Police,-0.313365,51.071446,On or near Foundry Close,E01031672,Horsham 004E,Burglary,Status update unavailable,
709056e38abd8a291049a7a315dc0a85c06c7505065955087a8f7e5602ff3472,2017-03,Sussex Police,Sussex Police,-0.312282,51.072563,On or near Parsonage Road,E01031672,Horsham 004E,Possession of weapons,Status update unavailable,
8424fe945b5e58c022c6f918786c88fa1771910e1c3fbb4e5f6a627cfb9ec245,2017-03,Sussex Police,Sussex Police,-0.311109,51.069489,On or near Bowes Close,E01031672,Horsham 004E,Public order,Unable to prosecute suspect,
79197b765f3c0789f9550da7d3dfd1f5fb654f7d0bc40429f699ce4863c0bfbc,2017-03,Sussex Police,Sussex Police,-0.305446,51.071349,On or near Oak Tree Way,E01031672,Horsham 004E,Public order,Further investigation is not in the public interest,
17dab1cd7c10d772598d43e4853fcfcb7891a28511a617107fe807b51d79ea31,2017-03,Sussex Police,Sussex Police,-0.305125,51.068827,On or near Lapwing Close,E01031672,Horsham 004E,Vehicle crime,Investigation complete; no suspect identified,
85d041b637f0ffd43592889facf37653d741f39d0c466d47c5deb281c9d2992f,2017-03,Sussex Police,Sussex Police,-0.302003,51.069870,On or near Comptons Brow Lane,E01031672,Horsham 004E,Vehicle crime,Investigation complete; no suspect identified,
0d0060a08e281df81727123affcf0dcc1bb9624b54a04e280af5247c226ea610,2017-03,Sussex Police,Sussex Police,-0.306167,51.069202,On or near Plovers Road,E01031672,Horsham 004E,Violence and sexual offences,Unable to prosecute suspect,
173f1d264fc642e5c2b212d5ca6b068c55cb26ef82d308974fae03ce41d6676b,2017-03,Sussex Police,Sussex Police,-0.305446,51.071349,On or near Oak Tree Way,E01031672,Horsham 004E,Violence and sexual offences,Unable to prosecute suspect,
,2017-03,Sussex Police,Sussex Police,-0.403956,51.068707,On or near Streetfield Road,E01031657,Horsham 005A,Anti-social behaviour,,
,2017-03,Sussex Police,Sussex Police,-0.404436,51.066771,On or near Six Acres,E01031657,Horsham 005A,Anti-social behaviour,,
1247bb95e2c3f999c6d7270edab52b6326b23a6e4db3fa8c1ddbb3c1c949f22c,2017-03,Sussex Police,Sussex Police,-0.404436,51.066771,On or near Six Acres,E01031657,Horsham 005A,Burglary,Investigation complete; no suspect identified,
b51dae51819827bef1e620da17f1f4c57840f21658769264d5ca71e11a2550ac,2017-03,Sussex Police,Sussex Police,-0.384201,51.080630,On or near Nowhurst Lane,E01031657,Horsham 005A,Criminal damage and arson,Unable to prosecute suspect,
ccd3b626704d3fd392580db9f000c571c2f1232ecb9f7dc494ba4950fe119cb3,2017-03,Sussex Police,Sussex Police,-0.389327,51.057994,On or near Five Oaks Road,E01031657,Horsham 005A,Criminal damage and arson,Investigation complete; no suspect identified,
e74c2e43b21cf0c5bfb03b2189015f96ca55e2e487c83c4c485dc0e972c35c3b,2017-03,Sussex Police,Sussex Police,-0.391188,51.068937,On or near Lyons Road,E01031657,Horsham 005A,Criminal damage and arson,Investigation complete; no suspect identified,
8343848403d91836f88f41ba0f7eb1eb5841aee916a03fb484843ff2730fea0a,2017-03,Sussex Police,Sussex Police,-0.389327,51.057994,On or near Five Oaks Road,E01031657,Horsham 005A,Criminal damage and arson,Investigation complete; no suspect identified,
4f65585c9ed478400baf429db06a613b3ba75e3d47607728f672b1a026e83e0e,2017-03,Sussex Police,Sussex Police,-0.391188,51.068937,On or near Lyons Road,E01031657,Horsham 005A,Other theft,Investigation complete; no suspect identified,
14053a509b130fdebdaff104008056b8eefad23cefd8c5953434706e211ead2c,2017-03,Sussex Police,Sussex Police,-0.391188,51.068937,On or near Lyons Road,E01031657,Horsham 005A,Other theft,Status update unavailable,
c4780fdbcb6a42870cbde25d1053491cf47a507f1c35865419e3eb77e8de49c1,2017-03,Sussex Police,Sussex Police,-0.384773,51.065008,On or near Pinkhurst Lane,E01031657,Horsham 005A,Violence and sexual offences,Unable to prosecute suspect,
6f0f7498d749c28c388148f764d85ed5c707262043d06ac1bfbf4d5ad168d235,2017-03,Sussex Police,Sussex Police,-0.406571,51.072781,On or near Clapgate Lane,E01031657,Horsham 005A,Violence and sexual offences,Offender given a caution,
7c57b485c683e502d035a2466cd31cdb08e84b29f9682703ce4354c91141e4c6,2017-03,Sussex Police,Sussex Police,-0.384201,51.080630,On or near Nowhurst Lane,E01031657,Horsham 005A,Violence and sexual offences,Unable to prosecute suspect,
fddb24cfa9a001a373c237cae9db5209ebaec2b9c2a5dc3fe33dd5d87c3fbd42,2017-03,Sussex Police,Sussex Police,-0.406571,51.072781,On or near Clapgate Lane,E01031657,Horsham 005A,Violence and sexual offences,Offender given a caution,
a7ae2d95914086cb80ab015c0395ad2b75d465c3102e3085d3ab4ec9c8a58ec4,2017-03,Sussex Police,Sussex Police,-0.384201,51.080630,On or near Nowhurst Lane,E01031657,Horsham 005A,Violence and sexual offences,Formal action is not in the public interest,
8549573675bcd3c37518d105adbdba06340774fbc23fa67489ea72e206282c72,2017-03,Sussex Police,Sussex Police,-0.406571,51.072781,On or near Clapgate Lane,E01031657,Horsham 005A,Violence and sexual offences,Local resolution,
0bf8fa5e21af114be4479e98ca473b95fefbc8ead24ddd6844b3cf8ea4e48250,2017-03,Sussex Police,Sussex Police,-0.406571,51.072781,On or near Clapgate Lane,E01031657,Horsham 005A,Violence and sexual offences,Unable to prosecute suspect,
f458164934a8216e824bde8a49d2a1faa7e8332f9c48726bda48f7fc3bc0bfb4,2017-03,Sussex Police,Sussex Police,-0.406571,51.072781,On or near Clapgate Lane,E01031657,Horsham 005A,Violence and sexual offences,Offender given a caution,
740d49a035dfe9f84f4bd03b01b190db93b165c4c7c8ca8a908131ebd3216553,2017-03,Sussex Police,Sussex Police,-0.406571,51.072781,On or near Clapgate Lane,E01031657,Horsham 005A,Violence and sexual offences,Offender given a caution,
df6aa5ae639a9243197c531f30662e1c7785c2de843b63616d01ec636070e31c,2017-03,Sussex Police,Sussex Police,-0.406571,51.072781,On or near Clapgate Lane,E01031657,Horsham 005A,Other crime,Further investigation is not in the public interest,
bf9b45274e73743aa101c7d8972e0dc420944a4b60786e91908b224296f002c0,2017-03,Sussex Police,Sussex Police,-0.406571,51.072781,On or near Clapgate Lane,E01031657,Horsham 005A,Other crime,Further investigation is not in the public interest,
,2017-03,Sussex Police,Sussex Police,-0.409842,51.025639,On or near Valewood Lane,E01031659,Horsham 005B,Anti-social behaviour,,
,2017-03,Sussex Police,Sussex Police,-0.396356,51.030051,On or near Farm Close,E01031659,Horsham 005B,Anti-social behaviour,,
,2017-03,Sussex Police,Sussex Police,-0.394649,51.033642,On or near Sports/Recreation Area,E01031659,Horsham 005B,Anti-social behaviour,,
,2017-03,Sussex Police,Sussex Police,-0.409842,51.025639,On or near Valewood Lane,E01031659,Horsham 005B,Anti-social behaviour,,
,2017-03,Sussex Police,Sussex Police,-0.409842,51.025639,On or near Valewood Lane,E01031659,Horsham 005B,Anti-social behaviour,,
,2017-03,Sussex Police,Sussex Police,-0.409842,51.025639,On or near Valewood Lane,E01031659,Horsham 005B,Anti-social behaviour,,
ae1b3dd81f1bc563645fb3996dc5d2c1a1e66fc379162822103f086a93d90182,2017-03,Sussex Police,Sussex Police,-0.394450,51.031158,On or near Six Acres Close,E01031659,Horsham 005B,Public order,Investigation complete; no suspect identified,
d396ae19d516073d8381e8904d8fc76ffa5d11f978498cf51c1efa774d2263ab,2017-03,Sussex Police,Sussex Police,-0.396356,51.030051,On or near Farm Close,E01031659,Horsham 005B,Public order,Investigation complete; no suspect identified,
05cce0e7f697ec67f50e403e6e42df105e7cef8e16df05b2bd6fccee1671e614,2017-03,Sussex Police,Sussex Police,-0.392002,51.031007,On or near Salt Box Close,E01031659,Horsham 005B,Violence and sexual offences,Unable to prosecute suspect,
c60e65766fb0f25b71b4e6407a3f0aaf82d1eecad857e4f66083350745ca677d,2017-03,Sussex Police,Sussex Police,-0.409842,51.025639,On or near Valewood Lane,E01031659,Horsham 005B,Violence and sexual offences,Unable to prosecute suspect,
181e4d91619d3add34dc709de48661d6974b02a524db6127a70ab4e27691e6dc,2017-03,Sussex Police,Sussex Police,-0.394649,51.033642,On or near Sports/Recreation Area,E01031659,Horsham 005B,Violence and sexual offences,Status update unavailable,
7796f8735f928c1feef254169cecba936c243e87b8b18090305dcc829d1f2d90,2017-03,Sussex Police,Sussex Police,-0.409842,51.025639,On or near Valewood Lane,E01031659,Horsham 005B,Violence and sexual offences,Unable to prosecute suspect,
,2017-03,Sussex Police,Sussex Police,-0.458841,51.084426,On or near Sports/Recreation Area,E01031674,Horsham 005C,Anti-social behaviour,,
,2017-03,Sussex Police,Sussex Police,-0.458841,51.084426,On or near Sports/Recreation Area,E01031674,Horsham 005C,Anti-social behaviour,,
60de3624e48daa8b668e7758fd1d20159194813631005fc6259d170ad44eb3cd,2017-03,Sussex Police,Sussex Police,-0.449271,51.090117,On or near Supermarket,E01031674,Horsham 005C,Public order,Investigation complete; no suspect identified,
4a5b8e2c768b9b0f17ac8a1a88cca836a1ce72d809da682901a46d43d816d6cd,2017-03,Sussex Police,Sussex Police,-0.450135,51.089886,On or near Station Road,E01031674,Horsham 005C,Violence and sexual offences,Status update unavailable,
9b0b17876d6ff26c0605bc973fd9ffe646cc5646663b9ab7d895b01404553f17,2017-03,Sussex Police,Sussex Police,-0.449922,51.090711,On or near Foxholes,E01031674,Horsham 005C,Violence and sexual offences,Further investigation is not in the public interest,
680909fb7b88163dd09ccf3d4d5fe94b2df9b5c7de0e6eb3a49c325000452d19,2017-03,Sussex Police,Sussex Police,-0.476047,51.083950,On or near Park/Open Space,E01031674,Horsham 005C,Other crime,Further investigation is not in the public interest,
5f4e6d71ae37a0851bd2a9d2a03f885ebdb4c6729739cbcb0cac9fa4d8cc0da8,2017-03,Sussex Police,Sussex Police,-0.397730,51.106383,On or near Horsham Road,E01031675,Horsham 005D,Criminal damage and arson,Investigation complete; no suspect identified,
1255b713049b8f593484eb4a12d0e6c3c4cd962f803883b1aa9e784a6cee3dc3,2017-03,Sussex Police,Sussex Police,-0.449610,51.078683,On or near Naldretts Lane,E01031675,Horsham 005D,Vehicle crime,Status update unavailable,
0aba532623ca86ecf24e00a14e7fbdc3adbe10f0b603f90c30afb6b02dc4bb5d,2017-03,Sussex Police,Sussex Police,-0.450215,51.087072,On or near Princess Margaret Road,E01031675,Horsham 005D,Violence and sexual offences,Status update unavailable,
c8462e363467107e349f36cfd656852224fb265af2bac51dd55e3104dfeefe6c,2017-03,Sussex Police,Sussex Police,-0.448769,51.085893,On or near Princess Anne Road,E01031675,Horsham 005D,Violence and sexual offences,Unable to prosecute suspect,
,2017-03,Sussex Police,Sussex Police,-0.333798,51.058142,On or near Sports/Recreation Area,E01031636,Horsham 006A,Anti-social behaviour,,
,2017-03,Sussex Police,Sussex Police,-0.328354,51.061895,On or near Market Square,E01031636,Horsham 006A,Anti-social behaviour,,
,2017-03,Sussex Police,Sussex Police,-0.326518,51.062561,On or near Supermarket,E01031636,Horsham 006A,Anti-social behaviour,,
,2017-03,Sussex Police,Sussex Police,-0.333166,51.063816,On or near Albion Way,E01031636,Horsham 006A,Anti-social behaviour,,
,2017-03,Sussex Police,Sussex Police,-0.332219,51.060781,On or near Petrol Station,E01031636,Horsham 006A,Anti-social behaviour,,
,2017-03,Sussex Police,Sussex Police,-0.338175,51.063411,On or near Gilligan Close,E01031636,Horsham 006A,Anti-social behaviour,,
,2017-03,Sussex Police,Sussex Police,-0.332012,51.062559,On or near Shopping Area,E01031636,Horsham 006A,Anti-social behaviour,,
,2017-03,Sussex Police,Sussex Police,-0.332219,51.060781,On or near Petrol Station,E01031636,Horsham 006A,Anti-social behaviour,,
,2017-03,Sussex Police,Sussex Police,-0.333166,51.063816,On or near Albion Way,E01031636,Horsham 006A,Anti-social behaviour,,
,2017-03,Sussex Police,Sussex Police,-0.332012,51.062559,On or near Shopping Area,E01031636,Horsham 006A,Anti-social behaviour,,
,2017-03,Sussex Police,Sussex Police,-0.332012,51.062559,On or near Shopping Area,E01031636,Horsham 006A,Anti-social behaviour,,
,2017-03,Sussex Police,Sussex Police,-0.333166,51.063816,On or near Albion Way,E01031636,Horsham 006A,Anti-social behaviour,,
,2017-03,Sussex Police,Sussex Police,-0.333166,51.063816,On or near Albion Way,E01031636,Horsham 006A,Anti-social behaviour,,
,2017-03,Sussex Police,Sussex Police,-0.333166,51.063816,On or near Albion Way,E01031636,Horsham 006A,Anti-social behaviour,,
,2017-03,Sussex Police,Sussex Police,-0.333166,51.063816,On or near Albion Way,E01031636,Horsham 006A,Anti-social behaviour,,
,2017-03,Sussex Police,Sussex Police,-0.332490,51.062359,On or near Lower Tanbridge Way,E01031636,Horsham 006A,Anti-social behaviour,,
,2017-03,Sussex Police,Sussex Police,-0.332012,51.062559,On or near Shopping Area,E01031636,Horsham 006A,Anti-social behaviour,,
,2017-03,Sussex Police,Sussex Police,-0.338780,51.061279,On or near Tanbridge Park,E01031636,Horsham 006A,Anti-social behaviour,,
,2017-03,Sussex Police,Sussex Police,-0.333798,51.058142,On or near Sports/Recreation Area,E01031636,Horsham 006A,Anti-social behaviour,,
,2017-03,Sussex Police,Sussex Police,-0.335973,51.061140,On or near River Mead,E01031636,Horsham 006A,Anti-social behaviour,,
,2017-03,Sussex Police,Sussex Police,-0.325833,51.062156,On or near Parking Area,E01031636,Horsham 006A,Anti-social behaviour,,
,2017-03,Sussex Police,Sussex Police,-0.329704,51.063245,On or near Horsham Swan Walk,E01031636,Horsham 006A,Anti-social behaviour,,
,2017-03,Sussex Police,Sussex Police,-0.333798,51.058142,On or near Sports/Recreation Area,E01031636,Horsham 006A,Anti-social behaviour,,
,2017-03,Sussex Police,Sussex Police,-0.327979,51.063994,On or near Medwin Way,E01031636,Horsham 006A,Anti-social behaviour,,
,2017-03,Sussex Police,Sussex Police,-0.333798,51.058142,On or near Sports/Recreation Area,E01031636,Horsham 006A,Anti-social behaviour,,
,2017-03,Sussex Police,Sussex Police,-0.327986,51.061026,On or near Parking Area,E01031636,Horsham 006A,Anti-social behaviour,,
,2017-03,Sussex Police,Sussex Police,-0.326518,51.062561,On or near Supermarket,E01031636,Horsham 006A,Anti-social behaviour,,
,2017-03,Sussex Police,Sussex Police,-0.327979,51.063994,On or near Medwin Way,E01031636,Horsham 006A,Anti-social behaviour,,
,2017-03,Sussex Police,Sussex Police,-0.327979,51.063994,On or near Medwin Way,E01031636,Horsham 006A,Anti-social behaviour,,
,2017-03,Sussex Police,Sussex Police,-0.329704,51.063245,On or near Horsham Swan Walk,E01031636,Horsham 006A,Anti-social behaviour,,
df8b6958b1822dead64208528bb0f697058b53e65d44476f2db54b2a67447828,2017-03,Sussex Police,Sussex Police,-0.333166,51.063816,On or near Albion Way,E01031636,Horsham 006A,Bicycle theft,Investigation complete; no suspect identified,
a28eafbdfaee53c6bba9e3924a407ffba03426f2696c4ecff615f0dff6b57a2f,2017-03,Sussex Police,Sussex Police,-0.329704,51.063245,On or near Horsham Swan Walk,E01031636,Horsham 006A,Bicycle theft,Investigation complete; no suspect identified,
a13cf11f5da05c81854d2c1668f7db689126ec98ef04e901bb1711d4ab2cf572,2017-03,Sussex Police,Sussex Police,-0.327979,51.063994,On or near Medwin Way,E01031636,Horsham 006A,Bicycle theft,Investigation complete; no suspect identified,
7060bf8027bd03d6d6f18ffe29b68ce78e5d99aa1aaee37326bddf697bd9a3ff,2017-03,Sussex Police,Sussex Police,-0.342624,51.061541,On or near Arunside,E01031636,Horsham 006A,Burglary,Investigation complete; no suspect identified,
2569e4d5a0d0d2a230e40c33f69d1d2dcc9fa829057d112787748870428bdc3e,2017-03,Sussex Police,Sussex Police,-0.328104,51.064095,On or near Pedestrian Subway,E01031636,Horsham 006A,Burglary,Investigation complete; no suspect identified,
c15e54a9379c0aa2775b2ed96300e8942c12986f07cfd0bcf772869b24c8b14a,2017-03,Sussex Police,Sussex Police,-0.338175,51.063411,On or near Gilligan Close,E01031636,Horsham 006A,Criminal damage and arson,Investigation complete; no suspect identified,
aef93be87d49a6206a34101a86e6f3b05b780a993f1205a4ff3154d988c08918,2017-03,Sussex Police,Sussex Police,-0.325749,51.060527,On or near Denne Parade,E01031636,Horsham 006A,Criminal damage and arson,Unable to prosecute suspect,
f1ba055acdbe8c453a9951078b5b244c11759a1c7ab538c40873b22f3faf04e8,2017-03,Sussex Police,Sussex Police,-0.330775,51.062424,On or near Black Horse Way,E01031636,Horsham 006A,Criminal damage and arson,Investigation complete; no suspect identified,
7ce97bc731435839844bc941b798d28b9904ae11d5fb7abb9568cc9416109224,2017-03,Sussex Police,Sussex Police,-0.326518,51.062561,On or near Supermarket,E01031636,Horsham 006A,Criminal damage and arson,Investigation complete; no suspect identified,
f9050a5077d09011f15b99375bda3b2ab5cd3bb629cdd59134386395dc11468c,2017-03,Sussex Police,Sussex Police,-0.330775,51.062424,On or near Black Horse Way,E01031636,Horsham 006A,Criminal damage and arson,Investigation complete; no suspect identified,
3d49c55394faefd2e76778ae49e8623ce772f988e75fabf9c370a92ad41146ba,2017-03,Sussex Police,Sussex Police,-0.328493,51.060413,On or near Hadmans Close,E01031636,Horsham 006A,Criminal damage and arson,Investigation complete; no suspect identified,
ee397210c00473d831eeb9675f3060f7f32b8a56d1cef8b8e4f25e742544ab04,2017-03,Sussex Police,Sussex Police,-0.326518,51.062561,On or near Supermarket,E01031636,Horsham 006A,Criminal damage and arson,Investigation complete; no suspect identified,
db687d04892732518f77c78932f972afce84ae3911acc1a932d67edded17bae4,2017-03,Sussex Police,Sussex Police,-0.324842,51.061152,On or near East Street,E01031636,Horsham 006A,Criminal damage and arson,Court result unavailable,
225ef8cea80d9483718e11289dd6c23ed4a20e43a721bd66e28148e05985fb6c,2017-03,Sussex Police,Sussex Police,-0.333798,51.058142,On or near Sports/Recreation Area,E01031636,Horsham 006A,Criminal damage and arson,Investigation complete; no suspect identified,
8f04b1b6e72ba7b243121cf607476cb3af6d4bcf797b2bbf96f081934ea1b7cf,2017-03,Sussex Police,Sussex Police,-0.327979,51.063994,On or near Medwin Way,E01031636,Horsham 006A,Criminal damage and arson,Investigation complete; no suspect identified,
01a9b7a89ab10f3f7f6f8011c46aa11408342214a669a6ea48c28782370c8716,2017-03,Sussex Police,Sussex Police,-0.326864,51.061658,On or near East Street,E01031636,Horsham 006A,Criminal damage and arson,Unable to prosecute suspect,
6940b939ac8ccafc4460a500b58824d71548bdfb3b9042686a560c63264c8d7c,2017-03,Sussex Police,Sussex Police,-0.324137,51.060899,On or near Queen Street,E01031636,Horsham 006A,Drugs,Unable to prosecute suspect,
590f0cb2f1d8cb22a7eeaf1d4b355bc0773d94c49b5b784df86aa6d1cccdad02,2017-03,Sussex Police,Sussex Police,-0.328354,51.061895,On or near Market Square,E01031636,Horsham 006A,Drugs,Offender given a caution,
55918ae7ae085307797830e90b42f8a516b8a6f0578917d41118d22050a05ae1,2017-03,Sussex Police,Sussex Police,-0.327949,51.062456,On or near South Street,E01031636,Horsham 006A,Other theft,Investigation complete; no suspect identified,
26ad3007284c5ea514cf305e66f53775c4f284f405dfff4cb7250dab8bde3eb7,2017-03,Sussex Police,Sussex Police,-0.330775,51.062424,On or near Black Horse Way,E01031636,Horsham 006A,Other theft,Investigation complete; no suspect identified,
b04f45dd9d28e99789b59a3e6f36f81c4fe85eeabf24f49a8496c7d8a3259cc4,2017-03,Sussex Police,Sussex Police,-0.331433,51.063576,On or near Shopping Area,E01031636,Horsham 006A,Other theft,Investigation complete; no suspect identified,
541b6b147c189d670b4c42f109e14d988384761aa96730f36a821b069d6dc933,2017-03,Sussex Police,Sussex Police,-0.331433,51.063576,On or near Shopping Area,E01031636,Horsham 006A,Other theft,Awaiting court outcome,
db183853a4cae9ef1b1dacfaad67e08fa5daeea82f6b66613285a71f861ab4d9,2017-03,Sussex Police,Sussex Police,-0.331433,51.063576,On or near Shopping Area,E01031636,Horsham 006A,Other theft,Investigation complete; no suspect identified,
2c4dff539c95fcf119e83e021c419dcc9abd68228b8d812773f449fd55e0f725,2017-03,Sussex Police,Sussex Police,-0.330399,51.063759,On or near Shopping Area,E01031636,Horsham 006A,Other theft,Investigation complete; no suspect identified,
fbc81b4f5003c08234673d38dd49fcadf1518c6d344ffcb7a3cb43e395f8f04f,2017-03,Sussex Police,Sussex Police,-0.331433,51.063576,On or near Shopping Area,E01031636,Horsham 006A,Other theft,Investigation complete; no suspect identified,
30fb22e3951ad37c38b1800320e5593d2d197c618ef72f58c79ab96ee5bd921c,2017-03,Sussex Police,Sussex Police,-0.328546,51.062122,On or near Shopping Area,E01031636,Horsham 006A,Other theft,Unable to prosecute suspect,
f501e53d15a374ce53d086ddf717a9e683804f29b5862f997f20600ed6307dc4,2017-03,Sussex Police,Sussex Police,-0.334201,51.062797,On or near Albion Way,E01031636,Horsham 006A,Other theft,Offender given a caution,
9d468ee59db7ca1b807c4f8ccb87a8a7bd5eec7bd3d7c9018d567716955bebf4,2017-03,Sussex Police,Sussex Police,-0.326518,51.062561,On or near Supermarket,E01031636,Horsham 006A,Other theft,Investigation complete; no suspect identified,
f5d82fae5842676dd97f4028cf10344fa789773d799034f7a9d9ebf9a93fd642,2017-03,Sussex Police,Sussex Police,-0.329875,51.062070,On or near Hewells Court,E01031636,Horsham 006A,Other theft,Investigation complete; no suspect identified,
f16c8d68fbfe3244dab49c0f1bfcbc4bccf571877a3bc36bad19c33509029a1f,2017-03,Sussex Police,Sussex Police,-0.331433,51.063576,On or near Shopping Area,E01031636,Horsham 006A,Other theft,Investigation complete; no suspect identified,
674723fe2505d74b4ac5310596494fa8a5d4d6b1d1e89464f86f1d8a2775829e,2017-03,Sussex Police,Sussex Police,-0.332012,51.062559,On or near Shopping Area,E01031636,Horsham 006A,Public order,Further investigation is not in the public interest,
a127207f7eb0a76c0a15230c63d8a752ccce56b495fa555f7edee6d390a91839,2017-03,Sussex Police,Sussex Police,-0.325749,51.060527,On or near Denne Parade,E01031636,Horsham 006A,Public order,Further investigation is not in the public interest,
eedfbc249d3ded325b148837ded85bf2e366e5d0a2bbb9acd33cbfb3f4420547,2017-03,Sussex Police,Sussex Police,-0.327949,51.062456,On or near South Street,E01031636,Horsham 006A,Public order,Unable to prosecute suspect,
2c9191d4758413276fc4075dbb933d1aef9de1e6bf7ef40e0751ec9611d4c57c,2017-03,Sussex Police,Sussex Police,-0.328354,51.061895,On or near Market Square,E01031636,Horsham 006A,Public order,Investigation complete; no suspect identified,
171883779467e57a48c803a494266438ee0ace0218810b44faf06b41418eedd2,2017-03,Sussex Police,Sussex Police,-0.326518,51.062561,On or near Supermarket,E01031636,Horsham 006A,Public order,Investigation complete; no suspect identified,
d586cfd93fe94eeee5968d13f1ec551329d7b18f1f9a7e46ca66cfa6435c8333,2017-03,Sussex Police,Sussex Police,-0.333166,51.063816,On or near Albion Way,E01031636,Horsham 006A,Public order,Court result unavailable,
d2285870a7880753f4e6c0ca0e006aa596adfe632967508a2ea7aa2360c0c538,2017-03,Sussex Police,Sussex Police,-0.342624,51.061541,On or near Arunside,E01031636,Horsham 006A,Public order,Offender fined,
b34abe375df0edb814e3ecd4193e618f784d1edc0992e2b5e04322355b26a116,2017-03,Sussex Police,Sussex Police,-0.324842,51.061152,On or near East Street,E01031636,Horsham 006A,Public order,Further investigation is not in the public interest,
b27d64b4c5b96402d8208919bbe4b870ae4562e7449cbd62b22962c680f4fbbb,2017-03,Sussex Police,Sussex Police,-0.332490,51.062359,On or near Lower Tanbridge Way,E01031636,Horsham 006A,Public order,Investigation complete; no suspect identified,
74dcc71fa8ea262b76215356c0294f604862143c83f46a15acbd963a85b8c040,2017-03,Sussex Police,Sussex Police,-0.332219,51.060781,On or near Petrol Station,E01031636,Horsham 006A,Public order,Investigation complete; no suspect identified,
a8b7a5a2d8913369ead019ea4e7c7ecf3ab7ba1a549ef6ccb6330e42af551507,2017-03,Sussex Police,Sussex Police,-0.328546,51.062122,On or near Shopping Area,E01031636,Horsham 006A,Robbery,Investigation complete; no suspect identified,
45e7d54238bd5791ddaf8572917ace419820907cbdaa6ba8251206c4e7b282bf,2017-03,Sussex Police,Sussex Police,-0.328104,51.064095,On or near Pedestrian Subway,E01031636,Horsham 006A,Robbery,Investigation complete; no suspect identified,
0b965616dd5c0aae3020a617019f1db66f0edd8dd70d8e0b4080a0eeffbf34f6,2017-03,Sussex Police,Sussex Police,-0.330399,51.063759,On or near Shopping Area,E01031636,Horsham 006A,Shoplifting,Local resolution,
b79a37fe543413cdc3983b884af175d58ddc41e451bc80cdd26abcf500ef3971,2017-03,Sussex Police,Sussex Police,-0.334201,51.062797,On or near Albion Way,E01031636,Horsham 006A,Shoplifting,Investigation complete; no suspect identified,
d7c0ada4448a6b15d8725513120b5033b3590a23e6333f775e03ce11a4342c51,2017-03,Sussex Police,Sussex Police,-0.330399,51.063759,On or near Shopping Area,E01031636,Horsham 006A,Shoplifting,Status update unavailable,
c77a85f297a470385f688724cfb4278c906c9d54b6815f573f0eb505e1f09cb7,2017-03,Sussex Police,Sussex Police,-0.334201,51.062797,On or near Albion Way,E01031636,Horsham 006A,Shoplifting,Local resolution,
578b2f3e30fa88b68673fc56d7d2d07b8a54d2c0a4d4ec094ab874f25083c42b,2017-03,Sussex Police,Sussex Police,-0.332012,51.062559,On or near Shopping Area,E01031636,Horsham 006A,Shoplifting,Investigation complete; no suspect identified,
2f9a30d55d17607f9d0bdd99cfaf101f0c4258f463628a1b1ba4f371bb86dfc7,2017-03,Sussex Police,Sussex Police,-0.334201,51.062797,On or near Albion Way,E01031636,Horsham 006A,Shoplifting,Defendant found not guilty,
ecc2f8df14db37d002cb233991b3c0b744d94aec790f080439bc641188e6df08,2017-03,Sussex Police,Sussex Police,-0.331433,51.063576,On or near Shopping Area,E01031636,Horsham 006A,Shoplifting,Awaiting court outcome,
8a048eb60d8a9a62c68b8f25596fd0b1f053da1c11a3ed98d8f195bcd711489d,2017-03,Sussex Police,Sussex Police,-0.329704,51.063245,On or near Horsham Swan Walk,E01031636,Horsham 006A,Shoplifting,Investigation complete; no suspect identified,
f9c490fc9692f80f85fb7998f7a526117052921ba6bc443f50b3389224698bcf,2017-03,Sussex Police,Sussex Police,-0.334201,51.062797,On or near Albion Way,E01031636,Horsham 006A,Shoplifting,Defendant found not guilty,
025f93acbc78c7f631c7dc4823194a53a473c769cc62e75776cf7d0c21562252,2017-03,Sussex Police,Sussex Police,-0.332219,51.060781,On or near Petrol Station,E01031636,Horsham 006A,Shoplifting,Investigation complete; no suspect identified,
eeac5a12405077234a4f278a9ae28f54bfcd8a474646615a5079d62a54d7f6ac,2017-03,Sussex Police,Sussex Police,-0.329875,51.062070,On or near Hewells Court,E01031636,Horsham 006A,Shoplifting,Unable to prosecute suspect,
124df02b0904882786e59eb36835929093e319d09e8c253beffdac2c80f92bb7,2017-03,Sussex Police,Sussex Police,-0.334201,51.062797,On or near Albion Way,E01031636,Horsham 006A,Shoplifting,Investigation complete; no suspect identified,
60e30ec23f7cd4878df2d140eaa300a8588d68423a27519a198ca9287dcdf653,2017-03,Sussex Police,Sussex Police,-0.329704,51.063245,On or near Horsham Swan Walk,E01031636,Horsham 006A,Shoplifting,Investigation complete; no suspect identified,
b2ad709d7bc335f4e7687202e4ae63c1f748cb4cc8518545076fb7e18fef9fa4,2017-03,Sussex Police,Sussex Police,-0.334201,51.062797,On or near Albion Way,E01031636,Horsham 006A,Shoplifting,Investigation complete; no suspect identified,
3900131eaf722d66977d9394dd25d8c8ccd027a392b388322f02060bb9300049,2017-03,Sussex Police,Sussex Police,-0.334201,51.062797,On or near Albion Way,E01031636,Horsham 006A,Shoplifting,Further investigation is not in the public interest,
f7e7885fd017dd6511e7dcf5faac6a9a680a84d9cbe0754c50b314b78157d045,2017-03,Sussex Police,Sussex Police,-0.327949,51.062456,On or near South Street,E01031636,Horsham 006A,Shoplifting,Unable to prosecute suspect,
b9d77ea142494cab86e1c2a2fd820195841dee07dc7471cf803eaeb00a4473a3,2017-03,Sussex Police,Sussex Police,-0.334201,51.062797,On or near Albion Way,E01031636,Horsham 006A,Shoplifting,Investigation complete; no suspect identified,
e0d5bb34e02662852c73e054773a8dc152c6925110ff80cf75f610b14b716fbb,2017-03,Sussex Police,Sussex Police,-0.331433,51.063576,On or near Shopping Area,E01031636,Horsham 006A,Shoplifting,Investigation complete; no suspect identified,
70a53afb733ac5dd05c01181202efcd64410b3f5435f677a32888af2321b2d2b,2017-03,Sussex Police,Sussex Police,-0.331473,51.062470,On or near Parking Area,E01031636,Horsham 006A,Shoplifting,Investigation complete; no suspect identified,
4c1c43ccbcfb126452b7fc65a27f9539fd45d5ce193505c2ba5cc4d6f49c9351,2017-03,Sussex Police,Sussex Police,-0.334201,51.062797,On or near Albion Way,E01031636,Horsham 006A,Shoplifting,Offender sent to prison,
fb163fa43565f64c6f2b86190b07f53d54f2a0d9f84ec0c86f6d784e97dbdd99,2017-03,Sussex Police,Sussex Police,-0.334201,51.062797,On or near Albion Way,E01031636,Horsham 006A,Shoplifting,Awaiting court outcome,
3f4107be278ed8740dace7dfbf5ff62e4b11308eddacd0e48ab7e0de1474f6d5,2017-03,Sussex Police,Sussex Police,-0.326518,51.062561,On or near Supermarket,E01031636,Horsham 006A,Shoplifting,Unable to prosecute suspect,
91794930af7523518dd146a439e7e7a642b4ac1060bb0632d258791c7a65a120,2017-03,Sussex Police,Sussex Police,-0.329875,51.062070,On or near Hewells Court,E01031636,Horsham 006A,Shoplifting,Investigation complete; no suspect identified,
93fbd6bb8b77688ec1cd039f4e276b9e4037ec94318b19e47144b07a23a72654,2017-03,Sussex Police,Sussex Police,-0.334201,51.062797,On or near Albion Way,E01031636,Horsham 006A,Shoplifting,Investigation complete; no suspect identified,
b02b12f5a3561fd81f55e7e113da3543c72ad0758e4fab568f30eece603a0624,2017-03,Sussex Police,Sussex Police,-0.329704,51.063245,On or near Horsham Swan Walk,E01031636,Horsham 006A,Shoplifting,Investigation complete; no suspect identified,
7f76b2b0f8fe63b8548eca343b4af1612d1283317f810c1e6c7b2702f86ec8a6,2017-03,Sussex Police,Sussex Police,-0.332219,51.060781,On or near Petrol Station,E01031636,Horsham 006A,Shoplifting,Investigation complete; no suspect identified,
db70a5b07c4e6eb68f018b91753d5618d27419063128956acfb56f950b4afc0d,2017-03,Sussex Police,Sussex Police,-0.329704,51.063245,On or near Horsham Swan Walk,E01031636,Horsham 006A,Shoplifting,Investigation complete; no suspect identified,
0abb19e8c237e42073583b2632ef9f9ff2624a8e845b9f9b7e1cb06ef4e77933,2017-03,Sussex Police,Sussex Police,-0.327979,51.063994,On or near Medwin Way,E01031636,Horsham 006A,Shoplifting,Investigation complete; no suspect identified,
92634d60ab684d3f41c15c8d5bf28cec902b71217ac141f860bf584fd7149718,2017-03,Sussex Police,Sussex Police,-0.332219,51.060781,On or near Petrol Station,E01031636,Horsham 006A,Theft from the person,Unable to prosecute suspect,
5b7dc42185ae5706b1ec46e16d0aa0cc4fecc1b946af81b8de2054443e760510,2017-03,Sussex Police,Sussex Police,-0.326518,51.062561,On or near Supermarket,E01031636,Horsham 006A,Violence and sexual offences,Unable to prosecute suspect,
a1c153b5062294591b9ae80467cc12a9f20b4b6abe78353fc5ac502826204448,2017-03,Sussex Police,Sussex Police,-0.333166,51.063816,On or near Albion Way,E01031636,Horsham 006A,Violence and sexual offences,Court result unavailable,
edec835759289e933f4e094393278ef495c05c6484a6453cfe019c1cf9cfdc15,2017-03,Sussex Police,Sussex Police,-0.330775,51.062424,On or near Black Horse Way,E01031636,Horsham 006A,Violence and sexual offences,Investigation complete; no suspect identified,
956d002e02e2d213b5cce8f324f9f2b6990f141d554801873938c92af50d03f0,2017-03,Sussex Police,Sussex Police,-0.334201,51.062797,On or near Albion Way,E01031636,Horsham 006A,Violence and sexual offences,Investigation complete; no suspect identified,
7cb8eb169c8c003219bfb233ec45d4ac43eb8ed5c48bf32f4d63cf22f923e29e,2017-03,Sussex Police,Sussex Police,-0.326864,51.061658,On or near East Street,E01031636,Horsham 006A,Violence and sexual offences,Unable to prosecute suspect,
9252ebbdf4c60ac1d67517ba63bed594729213ede32f96c64d38a40d647b96ff,2017-03,Sussex Police,Sussex Police,-0.336627,51.064801,On or near Rushams Road,E01031636,Horsham 006A,Violence and sexual offences,Investigation complete; no suspect identified,
12edac0517cd0035efe0925bca9889a9b38e91171be6e9e43e12aeab4a64ad5f,2017-03,Sussex Police,Sussex Police,-0.331433,51.063576,On or near Shopping Area,E01031636,Horsham 006A,Violence and sexual offences,Investigation complete; no suspect identified,
521863516aba8634c27a2d2f03d7c7562d8fa6fd8563541a626472b1bcdd0719,2017-03,Sussex Police,Sussex Police,-0.324842,51.061152,On or near East Street,E01031636,Horsham 006A,Violence and sexual offences,Status update unavailable,
2736b0458934f1b1b9b1f28926161dd68e2a655bba7149d1f51721521e57bd82,2017-03,Sussex Police,Sussex Police,-0.342624,51.061541,On or near Arunside,E01031636,Horsham 006A,Violence and sexual offences,Further investigation is not in the public interest,
448d261c7b0c3689b3704800604ba2e7e16ae85c0a89c16455723d79c5d3f7d2,2017-03,Sussex Police,Sussex Police,-0.332219,51.060781,On or near Petrol Station,E01031636,Horsham 006A,Violence and sexual offences,Further investigation is not in the public interest,
c09de63d15a2ba2d721b455bd2df4e1900b4a0ac3caaca3a9f0c35e5d39857fb,2017-03,Sussex Police,Sussex Police,-0.325833,51.062156,On or near Parking Area,E01031636,Horsham 006A,Violence and sexual offences,Unable to prosecute suspect,
50b7182ebb7db7648458e29ff70ce7816c5cb5410ad4cba516e389592483cdc7,2017-03,Sussex Police,Sussex Police,-0.326518,51.062561,On or near Supermarket,E01031636,Horsham 006A,Violence and sexual offences,Unable to prosecute suspect,
14b627fd99caa8d3bd5d69968d29193e5f9a3b3632bfb4f944068c3bd6ccfed9,2017-03,Sussex Police,Sussex Police,-0.330775,51.062424,On or near Black Horse Way,E01031636,Horsham 006A,Violence and sexual offences,Investigation complete; no suspect identified,
4485899f9af66e9fe9e568a47c2254cfd49b60d16efd53982cfa7ff9e1356dcc,2017-03,Sussex Police,Sussex Police,-0.326518,51.062561,On or near Supermarket,E01031636,Horsham 006A,Violence and sexual offences,Status update unavailable,
930309278d6ee9a7ec1896afe0a05f7403d979cbed72a846f1f9765500066f8e,2017-03,Sussex Police,Sussex Police,-0.324842,51.061152,On or near East Street,E01031636,Horsham 006A,Violence and sexual offences,Unable to prosecute suspect,
f04f4d35534b975abcd7f9f8e9df495c69aecee714fa7719f1394d113b527fd6,2017-03,Sussex Police,Sussex Police,-0.324137,51.060899,On or near Queen Street,E01031636,Horsham 006A,Violence and sexual offences,Unable to prosecute suspect,
8a0c822c09a5ef536216afbb5fbef8a0ac76ce1542eac5219b19a3e933f2a6e4,2017-03,Sussex Police,Sussex Police,-0.338175,51.063411,On or near Gilligan Close,E01031636,Horsham 006A,Violence and sexual offences,Unable to prosecute suspect,
5c1a0e7107f07629b73085889161a03d6815d30497522c0f7db1b7271bbe9dd5,2017-03,Sussex Police,Sussex Police,-0.328546,51.062122,On or near Shopping Area,E01031636,Horsham 006A,Violence and sexual offences,Unable to prosecute suspect,
bda6cab110ced9b9e4ad4461e908093d0ec3f37dd9e8f7b95b00b77da23a05f8,2017-03,Sussex Police,Sussex Police,-0.327949,51.062456,On or near South Street,E01031636,Horsham 006A,Violence and sexual offences,Unable to prosecute suspect,
991a7c057a766336d186029733f2be5e6c64984f06959d9052756bd1e22bd52d,2017-03,Sussex Police,Sussex Police,-0.335973,51.061140,On or near River Mead,E01031636,Horsham 006A,Other crime,Investigation complete; no suspect identified,
a08501e8078f05920965288bc03e9ff61b4f00975361ab29ce557e8055b7252e,2017-03,Sussex Police,Sussex Police,-0.334201,51.062797,On or near Albion Way,E01031636,Horsham 006A,Other crime,Investigation complete; no suspect identified,
859033fe7103ea94ec0e5d4a83401bddb46670c9eab26130bd8ca24a6be4ed6f,2017-03,Sussex Police,Sussex Police,-0.334201,51.062797,On or near Albion Way,E01031636,Horsham 006A,Other crime,Investigation complete; no suspect identified,
,2017-03,Sussex Police,Sussex Police,-0.308927,51.060437,On or near Hornbeam Close,E01031652,Horsham 006B,Anti-social behaviour,,
,2017-03,Sussex Police,Sussex Police,-0.312114,51.058757,On or near Bennetts Road,E01031652,Horsham 006B,Anti-social behaviour,,
5f0a089041eb17c738d51c183a88529e28ab2d9eae6d258b9a0cc293b0a03a0b,2017-03,Sussex Police,Sussex Police,-0.313152,51.060031,On or near Eversfield Road,E01031652,Horsham 006B,Drugs,Offender given penalty notice,
bc302be02dc0c5d03c064260ae8fb3911b7a15fb6a8f0d9c5360a5c15540b514,2017-03,Sussex Police,Sussex Police,-0.309372,51.059985,On or near Laurel Walk,E01031652,Horsham 006B,Other theft,Investigation complete; no suspect identified,
3f9da18c34d4ea74f2baf2d9485ec22ea2b80c7cd45e4befd66442d498497c70,2017-03,Sussex Police,Sussex Police,-0.309372,51.059985,On or near Laurel Walk,E01031652,Horsham 006B,Violence and sexual offences,Unable to prosecute suspect,
,2017-03,Sussex Police,Sussex Police,-0.315844,51.064899,On or near Burford Road,E01031653,Horsham 006C,Anti-social behaviour,,
,2017-03,Sussex Police,Sussex Police,-0.328613,51.066980,On or near Parking Area,E01031653,Horsham 006C,Anti-social behaviour,,
,2017-03,Sussex Police,Sussex Police,-0.330440,51.065009,On or near Springfield Road,E01031653,Horsham 006C,Anti-social behaviour,,
,2017-03,Sussex Police,Sussex Police,-0.326361,51.064142,On or near Madeira Avenue,E01031653,Horsham 006C,Anti-social behaviour,,
,2017-03,Sussex Police,Sussex Police,-0.326361,51.064142,On or near Madeira Avenue,E01031653,Horsham 006C,Anti-social behaviour,,
,2017-03,Sussex Police,Sussex Police,-0.329899,51.064570,On or near Parking Area,E01031653,Horsham 006C,Anti-social behaviour,,
,2017-03,Sussex Police,Sussex Police,-0.326361,51.064142,On or near Madeira Avenue,E01031653,Horsham 006C,Anti-social behaviour,,
,2017-03,Sussex Police,Sussex Police,-0.329899,51.064570,On or near Parking Area,E01031653,Horsham 006C,Anti-social behaviour,,
ce17694c9bc2f8d2a682e5e933f99edd2e669d9d6dff55dc598896e2e0dd36b8,2017-03,Sussex Police,Sussex Police,-0.325653,51.071506,On or near Pinehurst,E01031653,Horsham 006C,Bicycle theft,Investigation complete; no suspect identified,
6b670ae42f9c34d02d241a000cbb5a01640ecfb27945919d203b77ce2243f82c,2017-03,Sussex Police,Sussex Police,-0.324760,51.073291,On or near Wimblehurst Road,E01031653,Horsham 006C,Criminal damage and arson,Investigation complete; no suspect identified,
7ce3df747d468e6376ebaedbdd8bc43bda2cb66ff354d675851a7ffce938f38f,2017-03,Sussex Police,Sussex Police,-0.322548,51.069339,On or near Hurst Road,E01031653,Horsham 006C,Drugs,Further investigation is not in the public interest,
f163e68df816590e9435daaef3e1d57dfb15451930a6514d2023f7e557c5f672,2017-03,Sussex Police,Sussex Police,-0.319252,51.067727,On or near Nightingale Road,E01031653,Horsham 006C,Drugs,Status update unavailable,
2485cc5e00abe96629a9cc5940dd95591b544242a1149a7cc205aca237c43c05,2017-03,Sussex Police,Sussex Police,-0.322548,51.069339,On or near Hurst Road,E01031653,Horsham 006C,Drugs,Unable to prosecute suspect,
cb52c9a1174d10be57019342714a4f2717a429b59b514ed16214a813e2af8419,2017-03,Sussex Police,Sussex Police,-0.324553,51.063225,On or near Park Street,E01031653,Horsham 006C,Other theft,Unable to prosecute suspect,
bc2041958876574e8142ba1d6f34a80172e21abddb6ad897f7b287560bdb7103,2017-03,Sussex Police,Sussex Police,-0.330440,51.065009,On or near Springfield Road,E01031653,Horsham 006C,Other theft,Investigation complete; no suspect identified,
5b697d74bc7a9ec19f01d44ee2b47c65a6f79b62171c82c5f0ab3e8f0952d6a3,2017-03,Sussex Police,Sussex Police,-0.317653,51.066175,On or near Station Road,E01031653,Horsham 006C,Public order,Investigation complete; no suspect identified,
576ec4585e27ae9cdfefe7f6f25268ec2103a65a157e6cdc1f6b5d4caada417d,2017-03,Sussex Police,Sussex Police,-0.326361,51.064142,On or near Madeira Avenue,E01031653,Horsham 006C,Public order,Unable to prosecute suspect,
c997426afc6c7e422ea905419000757b1be3e3dccb23e933205e6fe8b1ac1666,2017-03,Sussex Police,Sussex Police,-0.316869,51.065354,On or near Barrington Road,E01031653,Horsham 006C,Shoplifting,Unable to prosecute suspect,
76461faa336176e77e4a9f086340c006f00a7b3b50c42503c665f6de43c1fd7b,2017-03,Sussex Police,Sussex Police,-0.316869,51.065354,On or near Barrington Road,E01031653,Horsham 006C,Shoplifting,Investigation complete; no suspect identified,
3291b65c46e1da6ec05c1b6592487c670884f950440b391164c8e624d93dcab9,2017-03,Sussex Police,Sussex Police,-0.328613,51.066980,On or near Parking Area,E01031653,Horsham 006C,Theft from the person,Investigation complete; no suspect identified,
1a8c92a08a97b7be3cbe198140d2aaf0abc16b733803e0f6dd58fc12a5c7b18c,2017-03,Sussex Police,Sussex Police,-0.330440,51.065009,On or near Springfield Road,E01031653,Horsham 006C,Vehicle crime,Unable to prosecute suspect,
48eeaedb0bf5c475d8c4cf65bb7aecb2b31d5cd2a258bd8c4548afeb8a310bd3,2017-03,Sussex Police,Sussex Police,-0.330440,51.065009,On or near Springfield Road,E01031653,Horsham 006C,Vehicle crime,Unable to prosecute suspect,
3feecef77bfd71805e3968567831d3f0bcc02a12e2d0aef01a26258218dcc914,2017-03,Sussex Police,Sussex Police,-0.322548,51.069339,On or near Hurst Road,E01031653,Horsham 006C,Violence and sexual offences,Further investigation is not in the public interest,
99b2bab47f8826c2827d38c1a82b59ffd60f4355ea6cc347e4835ff6c027c94f,2017-03,Sussex Police,Sussex Police,-0.329053,51.065088,On or near London Road,E01031653,Horsham 006C,Violence and sexual offences,Investigation complete; no suspect identified,
9899a7496275a6190cabd289600be8d715a724afc5d0e4c48abd4dcd5ad72a44,2017-03,Sussex Police,Sussex Police,-0.330440,51.065009,On or near Springfield Road,E01031653,Horsham 006C,Violence and sexual offences,Unable to prosecute suspect,
ccac430c08e2f8c8721d7be73a4c63f6cbaf5edca3d145384f0b135cac5783a4,2017-03,Sussex Police,Sussex Police,-0.320883,51.068811,On or near Hurst Court,E01031653,Horsham 006C,Violence and sexual offences,Investigation complete; no suspect identified,
7b95ca7c60e845844d1b15d7d2eb8c3ff23c2215196fd34770b29cc2a6a6d5b6,2017-03,Sussex Police,Sussex Police,-0.329899,51.064570,On or near Parking Area,E01031653,Horsham 006C,Violence and sexual offences,Offender given community sentence,
f6c2e2cecdaf00a7a3df29d1b71cd0766642288d71561cbc64bdbbe751cadba2,2017-03,Sussex Police,Sussex Police,-0.329899,51.064570,On or near Parking Area,E01031653,Horsham 006C,Violence and sexual offences,Unable to prosecute suspect,
07b3af71e87b311614f0ab83cfcd77ad75c081afaa32f8fc78ad3f1e200f4231,2017-03,Sussex Police,Sussex Police,-0.326361,51.064142,On or near Madeira Avenue,E01031653,Horsham 006C,Violence and sexual offences,Unable to prosecute suspect,
,2017-03,Sussex Police,Sussex Police,-0.315297,51.060691,On or near Elm Grove,E01031656,Horsham 006D,Anti-social behaviour,,
,2017-03,Sussex Police,Sussex Police,-0.316636,51.059568,On or near Tanyard Close,E01031656,Horsham 006D,Anti-social behaviour,,
,2017-03,Sussex Police,Sussex Police,-0.317143,51.060934,On or near St John Close,E01031656,Horsham 006D,Anti-social behaviour,,
,2017-03,Sussex Police,Sussex Police,-0.316636,51.059568,On or near Tanyard Close,E01031656,Horsham 006D,Anti-social behaviour,,
,2017-03,Sussex Police,Sussex Police,-0.319639,51.065709,On or near Parking Area,E01031656,Horsham 006D,Anti-social behaviour,,
,2017-03,Sussex Police,Sussex Police,-0.322111,51.060906,On or near Parking Area,E01031656,Horsham 006D,Anti-social behaviour,,
,2017-03,Sussex Police,Sussex Police,-0.321758,51.061576,On or near Livingstone Road,E01031656,Horsham 006D,Anti-social behaviour,,
,2017-03,Sussex Police,Sussex Police,-0.323460,51.066618,On or near Sports/Recreation Area,E01031656,Horsham 006D,Anti-social behaviour,,
fde361a7a5cf5d2b9de54c9dfdb1284bcc6f72426f47a6a9826e8e4776fc6b61,2017-03,Sussex Police,Sussex Police,-0.323460,51.066618,On or near Sports/Recreation Area,E01031656,Horsham 006D,Bicycle theft,Investigation complete; no suspect identified,
e77010aa637623c4e6adf291b14e28609062577b806f60c38093ba83c5ba7593,2017-03,Sussex Police,Sussex Police,-0.323460,51.066618,On or near Sports/Recreation Area,E01031656,Horsham 006D,Bicycle theft,Investigation complete; no suspect identified,
4850dcd54aea521697e0d30b7aa9d28e5d0de67bfca897bc9db66ef7ea89c500,2017-03,Sussex Police,Sussex Police,-0.323460,51.066618,On or near Sports/Recreation Area,E01031656,Horsham 006D,Bicycle theft,Investigation complete; no suspect identified,
4c9df0b4c772f062fc8930b12455cc6f9b7281ccc38672616b7116f0a446c587,2017-03,Sussex Police,Sussex Police,-0.319639,51.065709,On or near Parking Area,E01031656,Horsham 006D,Bicycle theft,Investigation complete; no suspect identified,
ed1191cb0fee59688587ff796624d7e9436b041ed83312b4a8b77ebc4e9eaae1,2017-03,Sussex Police,Sussex Police,-0.322818,51.061483,On or near Park Terrace East,E01031656,Horsham 006D,Burglary,Investigation complete; no suspect identified,
dd59ae32bcec37516aba528a8eb854a7da16d80047ce1f690c28c2cd2f70ce20,2017-03,Sussex Police,Sussex Police,-0.322818,51.061483,On or near Park Terrace East,E01031656,Horsham 006D,Criminal damage and arson,Investigation complete; no suspect identified,
a9ae95ba5061acd353cd1852f650d1beb34ae96e3a5aeb543a2b16ead47f4095,2017-03,Sussex Police,Sussex Police,-0.320736,51.062217,On or near Victoria Street,E01031656,Horsham 006D,Criminal damage and arson,Investigation complete; no suspect identified,
a1ae90fd7a8bc2a3063040b25622e609cb96fdd8ba861b861ee781e975725438,2017-03,Sussex Police,Sussex Police,-0.319639,51.065709,On or near Parking Area,E01031656,Horsham 006D,Public order,Offender given penalty notice,
06db585531a46c262259caa68e76720d81ef77ad3bed245c3f98df86a8052d35,2017-03,Sussex Police,Sussex Police,-0.315297,51.060691,On or near Elm Grove,E01031656,Horsham 006D,Public order,Defendant found not guilty,
68871c0509252fb8ad205f2831972e99c2070028ec1b8c570aaf29e12393c335,2017-03,Sussex Police,Sussex Police,-0.323460,51.066618,On or near Sports/Recreation Area,E01031656,Horsham 006D,Shoplifting,Further investigation is not in the public interest,
3547cef1e47aa941cad562a26c468c4dddecfedf82476d9a6a3d63b4e5c8d36e,2017-03,Sussex Police,Sussex Police,-0.322111,51.060906,On or near Parking Area,E01031656,Horsham 006D,Vehicle crime,Investigation complete; no suspect identified,
f3d4d231f2e46cd21f2ef45b6cb770b3cae0e64864e0c2c77f8cd0f2893265e1,2017-03,Sussex Police,Sussex Police,-0.319288,51.063986,On or near Winterton Court,E01031656,Horsham 006D,Vehicle crime,Investigation complete; no suspect identified,
8529eb46ffc41179ec8f6bc4e3baca9a6fc9cbf38cecd0eed3b278fa5fe690a8,2017-03,Sussex Police,Sussex Police,-0.319065,51.060683,On or near Bedford Road,E01031656,Horsham 006D,Vehicle crime,Investigation complete; no suspect identified,
5d2d76dd3aca501adf2aadd4347ddc188bf4f352c3beb7d5590dacaa64b70cf0,2017-03,Sussex Police,Sussex Police,-0.316636,51.059568,On or near Tanyard Close,E01031656,Horsham 006D,Violence and sexual offences,Unable to prosecute suspect,
91e430945094e303d7199371587d11b2ebcbe31ea295f4ee3318f1f695f463f4,2017-03,Sussex Police,Sussex Police,-0.318873,51.065176,On or near Station Close,E01031656,Horsham 006D,Violence and sexual offences,Unable to prosecute suspect,
41607ea5e53568548f21cbfd055b9d10aaa83f245ddb6d8f81b114060cf8c0cc,2017-03,Sussex Police,Sussex Police,-0.315297,51.060691,On or near Elm Grove,E01031656,Horsham 006D,Violence and sexual offences,Status update unavailable,
e048b1039e804849ebeba2725c108c992b999a799aa786b90899d6ac11817472,2017-03,Sussex Police,Sussex Police,-0.319639,51.065709,On or near Parking Area,E01031656,Horsham 006D,Violence and sexual offences,Unable to prosecute suspect,
2741138906b4e49a579e4f32b5bb456fdf5d9c35f04f0f7343ababa27c71d245,2017-03,Sussex Police,Sussex Police,-0.321521,51.065385,On or near Parking Area,E01031656,Horsham 006D,Violence and sexual offences,Unable to prosecute suspect,
d2ac873111a2c1f1e91f60101fbbb01724ab77cede7853073b0c45f3d14a92d1,2017-03,Sussex Police,Sussex Police,-0.315297,51.060691,On or near Elm Grove,E01031656,Horsham 006D,Other crime,Investigation complete; no suspect identified,
,2017-03,Sussex Police,Sussex Police,-0.334734,51.075394,On or near Eyles Close,E01031688,Horsham 006E,Anti-social behaviour,,
bde77ad9fc355dc4c94d5c04459400ec3f2aeaf5f9288d1cb8c6d5168ccdd64f,2017-03,Sussex Police,Sussex Police,-0.333860,51.069537,On or near Spencer'S Road,E01031688,Horsham 006E,Criminal damage and arson,Investigation complete; no suspect identified,
02d1f3a37c090132b17d5c0e32417acdc315a560c2f667272a78a87d12643b56,2017-03,Sussex Police,Sussex Police,-0.333054,51.071710,On or near Park/Open Space,E01031688,Horsham 006E,Criminal damage and arson,Investigation complete; no suspect identified,
5e742d41fb49872c266e98df906de533894b5fa0b0288712f8151d11d8309f26,2017-03,Sussex Police,Sussex Police,-0.333860,51.069537,On or near Spencer'S Road,E01031688,Horsham 006E,Criminal damage and arson,Investigation complete; no suspect identified,
61e82f00c6940b851c000fa2b76f3916b6e7fdfd5ca9d7ce0a00320cf332d320,2017-03,Sussex Police,Sussex Police,-0.336889,51.074625,On or near Redford Avenue,E01031688,Horsham 006E,Vehicle crime,Investigation complete; no suspect identified,
99c8fd8f410ee956d4b63c370aab4ea359650f85e166c6bbd5ed726c2967fb7e,2017-03,Sussex Police,Sussex Police,-0.335440,51.073615,On or near Spencers Place,E01031688,Horsham 006E,Violence and sexual offences,Status update unavailable,
8d630c2a23cc19c8ae9c453e0bed8345a62f1e403fd04a5acae558c5bf40848c,2017-03,Sussex Police,Sussex Police,-0.331363,51.071075,On or near Hardy Close,E01031688,Horsham 006E,Violence and sexual offences,Unable to prosecute suspect,
dadc2f33b216df24f7e91cbb7bf50ea4ec92b3d49025b7c51a1d82fb7f9cc416,2017-03,Sussex Police,Sussex Police,-0.335440,51.073615,On or near Spencers Place,E01031688,Horsham 006E,Violence and sexual offences,Further investigation is not in the public interest,
11f943c78c714ca1ac0a965bf2fa4a0ff7c44dd28805254f15bb44d5b07c19a6,2017-03,Sussex Police,Sussex Police,-0.331363,51.071075,On or near Hardy Close,E01031688,Horsham 006E,Violence and sexual offences,Unable to prosecute suspect,
d913fe63e442c825b22a729f96f9dca7ace435002401b1d8aa49a821341a12fd,2017-03,Sussex Police,Sussex Police,-0.330848,51.066760,On or near Cedar Close,E01031691,Horsham 006F,Burglary,Investigation complete; no suspect identified,
358ef300d53626398fd47d5693c2aeed3c2ab9e8e343b4f6ae8d8af753914520,2017-03,Sussex Police,Sussex Police,-0.335890,51.064646,On or near Bishopric,E01031691,Horsham 006F,Other theft,Investigation complete; no suspect identified,
b605a53c0ae570aaa8a54fbb56b0e2b2e31e381deecae3ce95bc72602c247145,2017-03,Sussex Police,Sussex Police,-0.336771,51.068742,On or near Greenway,E01031691,Horsham 006F,Other theft,Investigation complete; no suspect identified,
24842cf91971bb15ec6dcefedae06791aeab8276b058537ce1255b142d66d995,2017-03,Sussex Police,Sussex Police,-0.334491,51.064267,On or near Bishopric,E01031691,Horsham 006F,Violence and sexual offences,Unable to prosecute suspect,
913826b58755465690b98a9bcd69382416850affc3aa0fcf2b86f3bcf825c02b,2017-03,Sussex Police,Sussex Police,-0.333479,51.069010,On or near Percy Road,E01031691,Horsham 006F,Violence and sexual offences,Investigation complete; no suspect identified,
,2017-03,Sussex Police,Sussex Police,-0.359227,51.066190,On or near Parking Area,E01031619,Horsham 007A,Anti-social behaviour,,
,2017-03,Sussex Police,Sussex Police,-0.362515,51.063620,On or near Old Wickhurst Lane,E01031619,Horsham 007A,Anti-social behaviour,,
e9ce32a28757d755f812c1ff6d21650308d02edfed5160b99161fe1ae33846e3,2017-03,Sussex Police,Sussex Police,-0.359227,51.066190,On or near Parking Area,E01031619,Horsham 007A,Bicycle theft,Investigation complete; no suspect identified,
302d177960df8d7fe4f9883c77942db5a72a8bc3f414f101331f383b7ea6bf12,2017-03,Sussex Police,Sussex Police,-0.359227,51.066190,On or near Parking Area,E01031619,Horsham 007A,Burglary,Status update unavailable,
8be3fb7f172a03019050c27d479fa05540db9992fbe972916981a24a53a50950,2017-03,Sussex Police,Sussex Police,-0.366065,51.068579,On or near Findon Way,E01031619,Horsham 007A,Burglary,Unable to prosecute suspect,
def921ec48cabce16711cfe8c96d35347fa393c14077a74d38e8a7adfa98f22a,2017-03,Sussex Police,Sussex Police,-0.367293,51.068174,On or near Shelley Drive,E01031619,Horsham 007A,Criminal damage and arson,Investigation complete; no suspect identified,
59183621a5e92759df7b1bda98dba211f9402578493c3e96b0174e99226456e3,2017-03,Sussex Police,Sussex Police,-0.359227,51.066190,On or near Parking Area,E01031619,Horsham 007A,Criminal damage and arson,Status update unavailable,
1130ae07d8fea6e108851492bb8878f7715c635ad68f827f7149e0ba8c90c428,2017-03,Sussex Police,Sussex Police,-0.362515,51.063620,On or near Old Wickhurst Lane,E01031619,Horsham 007A,Criminal damage and arson,Action to be taken by another organisation,
43de27b660404e28005447b49618416f0459302f9ada3352b02a86026aa0b5a1,2017-03,Sussex Police,Sussex Police,-0.366065,51.068579,On or near Findon Way,E01031619,Horsham 007A,Drugs,Formal action is not in the public interest,
8a4a50b2682faeb51bd79f34b5d8fb983d33e6f343a656da04f867e8a3ee2b98,2017-03,Sussex Police,Sussex Police,-0.359227,51.066190,On or near Parking Area,E01031619,Horsham 007A,Possession of weapons,Court result unavailable,
eba0a0e08d4e28ef3f05f8af9038d24659c90acf0f753ec035970f5116656fd5,2017-03,Sussex Police,Sussex Police,-0.359227,51.066190,On or near Parking Area,E01031619,Horsham 007A,Public order,Court result unavailable,
f32d0b47cf54015337e3611e009a7c312565095f63a31ae886a8e95ddae7fb5f,2017-03,Sussex Police,Sussex Police,-0.359227,51.066190,On or near Parking Area,E01031619,Horsham 007A,Shoplifting,Offender sent to prison,
1247755c068aad5b275f9f4e7f71deeaeed32baa2c37a9d5144cc5e0bc27cbc0,2017-03,Sussex Police,Sussex Police,-0.359227,51.066190,On or near Parking Area,E01031619,Horsham 007A,Shoplifting,Court result unavailable,
df7c3e73556794449bbeae1044e8d8a23ae85cb9faf5dc903a0b96a0c07f625a,2017-03,Sussex Police,Sussex Police,-0.359227,51.066190,On or near Parking Area,E01031619,Horsham 007A,Theft from the person,Investigation complete; no suspect identified,
c49f2aaee23274bb423a26fd4e32574ead73fcb5ffd600392a1c78d839c3c33d,2017-03,Sussex Police,Sussex Police,-0.359227,51.066190,On or near Parking Area,E01031619,Horsham 007A,Theft from the person,Investigation complete; no suspect identified,
b8b2ed183b08edde162c141bba34e73045ec00122829226b10bc6bacd321ad75,2017-03,Sussex Police,Sussex Police,-0.369591,51.068566,On or near A264,E01031619,Horsham 007A,Vehicle crime,Unable to prosecute suspect,
fe34159ccb1e8b30c06b61f54cd4104c2e3a3f0065f19ea519e130f25159e53a,2017-03,Sussex Police,Sussex Police,-0.362515,51.063620,On or near Old Wickhurst Lane,E01031619,Horsham 007A,Violence and sexual offences,Unable to prosecute suspect,
99ffb44d08b6d56baed07f0aa471882eaa69c033fe3e51fd40772bd4e4c22580,2017-03,Sussex Police,Sussex Police,-0.359227,51.066190,On or near Parking Area,E01031619,Horsham 007A,Violence and sexual offences,Court result unavailable,
e3e28c25511ab23491a1f701792a5aec82e73d54231d9db5dcf43f0abd3f77b5,2017-03,Sussex Police,Sussex Police,-0.362515,51.063620,On or near Old Wickhurst Lane,E01031619,Horsham 007A,Violence and sexual offences,Unable to prosecute suspect,
ce9077484553d3ac886409bc565c104c73f98008e1de27f48f5a7706e26efbc1,2017-03,Sussex Police,Sussex Police,-0.369290,51.069425,On or near Newbridge Close,E01031619,Horsham 007A,Violence and sexual offences,Status update unavailable,
,2017-03,Sussex Police,Sussex Police,-0.357522,51.061958,On or near Parking Area,E01031637,Horsham 007B,Anti-social behaviour,,
,2017-03,Sussex Police,Sussex Police,-0.357522,51.061958,On or near Parking Area,E01031637,Horsham 007B,Anti-social behaviour,,
,2017-03,Sussex Police,Sussex Police,-0.341862,51.058076,On or near Jockey Mead,E01031637,Horsham 007B,Anti-social behaviour,,
,2017-03,Sussex Police,Sussex Police,-0.341862,51.058076,On or near Jockey Mead,E01031637,Horsham 007B,Anti-social behaviour,,
5512a5bf520cd2daabcc5a025fc27e3d6c51365421875096c2841783e7af882e,2017-03,Sussex Police,Sussex Police,-0.351140,51.067246,On or near Farthings Walk,E01031637,Horsham 007B,Criminal damage and arson,Investigation complete; no suspect identified,
fe8a0e4532e7b92b475de7c1c4979a7f02bdd0700b34bc610e7886f2413ddc4d,2017-03,Sussex Police,Sussex Police,-0.341862,51.058076,On or near Jockey Mead,E01031637,Horsham 007B,Criminal damage and arson,Investigation complete; no suspect identified,
10659886b8fd994620f4e1a2732a4802b426b1cc6ca10d843ef7186efa834d45,2017-03,Sussex Police,Sussex Police,-0.342933,51.057264,On or near Longfield Road,E01031637,Horsham 007B,Criminal damage and arson,Local resolution,
063fce08cbfe0ae29411571485a5902c5ab626524db06372d661b1a90ae9054d,2017-03,Sussex Police,Sussex Police,-0.339526,51.059563,On or near Hengist Close,E01031637,Horsham 007B,Drugs,Offender fined,
5a2d0b864b883af2ea9b7e6c8c018c8d25438dd5f7e53adc1550ace1f4ed8b67,2017-03,Sussex Police,Sussex Police,-0.351140,51.067246,On or near Farthings Walk,E01031637,Horsham 007B,Other theft,Investigation complete; no suspect identified,
9a0b91f21ac59558c6b34068c205dfa02450e00e16458ce0b7d699ef172579c8,2017-03,Sussex Police,Sussex Police,-0.341862,51.058076,On or near Jockey Mead,E01031637,Horsham 007B,Other theft,Awaiting court outcome,
9e5d9590f1aa03797746724d0983039e352127f115fa803f4ba5cb14ba7c4439,2017-03,Sussex Police,Sussex Police,-0.338336,51.058539,On or near Needles Close,E01031637,Horsham 007B,Vehicle crime,Investigation complete; no suspect identified,
696b168715dc29e8ebfbce2216ca0dcfbafa279e45ceab9dce0e3519ecb9eb48,2017-03,Sussex Police,Sussex Police,-0.339667,51.057623,On or near Oliver Road,E01031637,Horsham 007B,Vehicle crime,Investigation complete; no suspect identified,
eda20307dc231fa49413df22ee219bfdf61bb47b69b05f797c9f6dd5c36ca9a1,2017-03,Sussex Police,Sussex Police,-0.346106,51.057534,On or near Alder Copse,E01031637,Horsham 007B,Violence and sexual offences,Unable to prosecute suspect,
2f1e3a3d707d0b8b0c7fdba7999c3589038925f12d5977e675cbbf722f5f692c,2017-03,Sussex Police,Sussex Police,-0.347667,51.058177,On or near Granary Close,E01031637,Horsham 007B,Violence and sexual offences,Unable to prosecute suspect,
,2017-03,Sussex Police,Sussex Police,-0.343789,51.063679,On or near The Crescent,E01031638,Horsham 007C,Anti-social behaviour,,
,2017-03,Sussex Police,Sussex Police,-0.349246,51.063918,On or near Meadvale,E01031638,Horsham 007C,Anti-social behaviour,,
,2017-03,Sussex Police,Sussex Police,-0.349264,51.060618,On or near Hazelhurst Crescent,E01031638,Horsham 007C,Anti-social behaviour,,
,2017-03,Sussex Police,Sussex Police,-0.343789,51.063679,On or near The Crescent,E01031638,Horsham 007C,Anti-social behaviour,,
124f7f60845f715155df46cf1adb71ebbbafd0399fdf750e3aa013854133626b,2017-03,Sussex Police,Sussex Police,-0.343789,51.063679,On or near The Crescent,E01031638,Horsham 007C,Public order,Further investigation is not in the public interest,
5780e64e0002f68a9efd64bc26696ac510c252012767c4960cea5e4e12567fe1,2017-03,Sussex Police,Sussex Police,-0.343733,51.060450,On or near Shandys Close,E01031638,Horsham 007C,Vehicle crime,Investigation complete; no suspect identified,
9334ac27d0f97bd1dfb961ef78a0ee20199294f0dce28d7d1d076af055ad5cab,2017-03,Sussex Police,Sussex Police,-0.343733,51.060450,On or near Shandys Close,E01031638,Horsham 007C,Violence and sexual offences,Investigation complete; no suspect identified,
,2017-03,Sussex Police,Sussex Police,-0.341959,51.066972,On or near The Plat,E01031690,Horsham 007D,Anti-social behaviour,,
73d9e7af141558fed262d60f0491dec8d89c02ae39df32d900b9614f95986723,2017-03,Sussex Police,Sussex Police,-0.345734,51.069552,On or near Rookwood Park,E01031690,Horsham 007D,Vehicle crime,Investigation complete; no suspect identified,
86af3e2b46e535571d834d481a8e5ed638374ed72e3e6835942fd59a4be5ee1a,2017-03,Sussex Police,Sussex Police,-0.338330,51.067856,On or near Hill Mead,E01031690,Horsham 007D,Other crime,Status update unavailable,
,2017-03,Sussex Police,Sussex Police,-0.321421,51.059457,On or near Boxall Walk,E01031639,Horsham 008A,Anti-social behaviour,,
,2017-03,Sussex Police,Sussex Police,-0.318714,51.059329,On or near Brighton Road,E01031639,Horsham 008A,Anti-social behaviour,,
,2017-03,Sussex Police,Sussex Police,-0.321421,51.059457,On or near Boxall Walk,E01031639,Horsham 008A,Anti-social behaviour,,
,2017-03,Sussex Police,Sussex Police,-0.321421,51.059457,On or near Boxall Walk,E01031639,Horsham 008A,Anti-social behaviour,,
2131041552ba2d0d030da9f7d1f6f6706f870f8d7c91ca5a4991971ce4177495,2017-03,Sussex Police,Sussex Police,-0.317651,51.056777,On or near Arun Way,E01031639,Horsham 008A,Burglary,Investigation complete; no suspect identified,
0d4264e0dea1c495ae3156ff74a448368292a13ece3f91f43bab483c9314f8eb,2017-03,Sussex Police,Sussex Police,-0.323108,51.060561,On or near Queen Street,E01031639,Horsham 008A,Burglary,Investigation complete; no suspect identified,
2339c51a4f0e27667944cfda591c0a4d897e98388a056ee00be64e059800b448,2017-03,Sussex Police,Sussex Police,-0.321421,51.059457,On or near Boxall Walk,E01031639,Horsham 008A,Other crime,Investigation complete; no suspect identified,
,2017-03,Sussex Police,Sussex Police,-0.305697,51.061353,On or near Comptons Lane,E01031640,Horsham 008B,Anti-social behaviour,,
b2f16e39aa9733534aabd7968856c5df3b4758601a8c856454a48a06af947921,2017-03,Sussex Police,Sussex Police,-0.302837,51.065016,On or near Blackthorn Close,E01031640,Horsham 008B,Vehicle crime,Investigation complete; no suspect identified,
f705d81bcaf69e2e52b9dc59c1d55c5ebfa741d07d15723d35d4a97235d304ca,2017-03,Sussex Police,Sussex Police,-0.299133,51.059792,On or near Sports/Recreation Area,E01031640,Horsham 008B,Vehicle crime,Investigation complete; no suspect identified,
ba4336932cf8f5a0d50e96afc44a1ee84247fd2f0ae9a5560d884763011bc926,2017-03,Sussex Police,Sussex Police,-0.305697,51.061353,On or near Comptons Lane,E01031640,Horsham 008B,Violence and sexual offences,Unable to prosecute suspect,
,2017-03,Sussex Police,Sussex Police,-0.286467,51.035254,On or near Fieldgate Close,E01031660,Horsham 008C,Anti-social behaviour,,
bf0a260a9f5ef77ddce857b9386ad5ea47b314ccfbc9a5cfe975439d41aac21e,2017-03,Sussex Police,Sussex Police,-0.331188,51.020370,On or near Polecat Lane,E01031660,Horsham 008C,Burglary,Investigation complete; no suspect identified,
bad80a90ff6d18b0f0ce8588f0f9132d250718e1c77a102aeb0b63794bb49da9,2017-03,Sussex Police,Sussex Police,-0.286467,51.035254,On or near Fieldgate Close,E01031660,Horsham 008C,Burglary,Offender sent to prison,
a63c0ec35741ce7f8a012c2e695ced3d3329af3ccd5c84ba7abd2991eeb50bc6,2017-03,Sussex Police,Sussex Police,-0.320046,51.008717,On or near Copsale Road,E01031660,Horsham 008C,Criminal damage and arson,Investigation complete; no suspect identified,
038e26181700e24ae39ac1aef240c49888eb03367a51c5f51a82f15e29d14e32,2017-03,Sussex Police,Sussex Police,-0.313608,51.030972,On or near Airport/Airfield,E01031660,Horsham 008C,Criminal damage and arson,Investigation complete; no suspect identified,
a13a641bc6d70fe8b2bf38cb2e262523206d698ad0a2ab479d35b3057789c864,2017-03,Sussex Police,Sussex Police,-0.289113,51.044744,On or near Brighton Road,E01031660,Horsham 008C,Other theft,Unable to prosecute suspect,
2b55e70c64a4be930436f34ff582ae67da7fed7cc2eb478ab39f5fef2dc73df8,2017-03,Sussex Police,Sussex Police,-0.289113,51.044744,On or near Brighton Road,E01031660,Horsham 008C,Other theft,Investigation complete; no suspect identified,
138e4a19b1b647fed0a0475b73a496a3dd8be42037ce02b1f8464be97a0ec4b4,2017-03,Sussex Police,Sussex Police,-0.303769,51.012583,On or near Nuthurst Road,E01031660,Horsham 008C,Violence and sexual offences,Investigation complete; no suspect identified,
ad082d2fb535c11eb0989453a0393ac048ae250a85e14c1e1316ccceb7062e76,2017-03,Sussex Police,Sussex Police,-0.286467,51.035254,On or near Fieldgate Close,E01031660,Horsham 008C,Violence and sexual offences,Status update unavailable,
3dbf6e3eb0c8e958751a5df27fc15d33c6317144df3cc521645b43c0ce2a1375,2017-03,Sussex Police,Sussex Police,-0.260084,51.032112,On or near Church Close,E01031661,Horsham 008D,Burglary,Unable to prosecute suspect,
06a311a4a59fc97cf161193461157cfaa115d5d7c29bf596ab9214d55270f5f3,2017-03,Sussex Police,Sussex Police,-0.283210,51.046969,On or near Gaggle Wood,E01031661,Horsham 008D,Criminal damage and arson,Investigation complete; no suspect identified,
a4947ee28a8e416f02a64f0976a46a70c28ef0318ee05bc72fda0b5d15aba20b,2017-03,Sussex Police,Sussex Police,-0.260084,51.032112,On or near Church Close,E01031661,Horsham 008D,Public order,Investigation complete; no suspect identified,
bf1ae6f4dcb777d71b140aaa1d17098e05e9bd78ee33bc7deaf3f360ebdaa57d,2017-03,Sussex Police,Sussex Police,-0.257719,51.033578,On or near Brick Kiln Close,E01031661,Horsham 008D,Vehicle crime,Investigation complete; no suspect identified,
6ea9b662e7823622b74ed946e9ce798dd9f79fcd2c235f5d6d673e34a5e606dd,2017-03,Sussex Police,Sussex Police,-0.282951,51.048188,On or near The Birches,E01031661,Horsham 008D,Vehicle crime,Status update unavailable,
d7af7c086046d64ca27fd07364496168ff02c82f34683d52070a8246444c9f65,2017-03,Sussex Police,Sussex Police,-0.283545,51.047162,On or near Oakway,E01031661,Horsham 008D,Violence and sexual offences,Unable to prosecute suspect,
d5eaa71ccba414324dfe3b99b9d16dbac7aabcc7d886788cbecd635b0133e114,2017-03,Sussex Police,Sussex Police,-0.348899,51.046395,On or near Parking Area,E01031679,Horsham 008E,Other theft,Investigation complete; no suspect identified,
f6dda1161a7d8041486b49b87645215a69960af937b7ef3dd66bee32afe9b70e,2017-03,Sussex Police,Sussex Police,-0.348899,51.046395,On or near Parking Area,E01031679,Horsham 008E,Other theft,Unable to prosecute suspect,
728b166d83e2953b786895b540ab6a4a4c1d1eee8d0fc26a2eac9fc15eb8b99b,2017-03,Sussex Police,Sussex Police,-0.348899,51.046395,On or near Parking Area,E01031679,Horsham 008E,Public order,Investigation complete; no suspect identified,
91de0a2edf30155eab65c92d81978e7b6b49bfeb00de6fbf7be59dfa98b0e51c,2017-03,Sussex Police,Sussex Police,-0.362972,51.044588,On or near Theatre/Concert Hall,E01031679,Horsham 008E,Violence and sexual offences,Awaiting court outcome,
e287c2a04690f20bfe8fc30efe42f096822626ac142384c723bcd618f1613a91,2017-03,Sussex Police,Sussex Police,-0.362972,51.044588,On or near Theatre/Concert Hall,E01031679,Horsham 008E,Violence and sexual offences,Awaiting court outcome,
5f6771a2b33d585289324a2ae07ae30216d9ad9173dd8c35a7933a1ca9c2df36,2017-03,Sussex Police,Sussex Police,-0.355718,51.019818,On or near Woodlands Way,E01031677,Horsham 009A,Violence and sexual offences,Unable to prosecute suspect,
,2017-03,Sussex Police,Sussex Police,-0.348529,51.015463,On or near The Meadows,E01031678,Horsham 009B,Anti-social behaviour,,
,2017-03,Sussex Police,Sussex Police,-0.348529,51.015463,On or near The Meadows,E01031678,Horsham 009B,Anti-social behaviour,,
,2017-03,Sussex Police,Sussex Police,-0.348135,51.023363,On or near Little Bridges Close,E01031678,Horsham 009B,Anti-social behaviour,,
8a1ca150f49279ca685b21ec327d3a9069f3a6a46568162dc908b317b3ca4e0e,2017-03,Sussex Police,Sussex Police,-0.342521,51.021637,On or near Great Lime Kilns,E01031678,Horsham 009B,Criminal damage and arson,Unable to prosecute suspect,
8a7e5c5701a24e5e60c25fcec52c0b197a89b2acafff5a75e8c919bb23762d2e,2017-03,Sussex Police,Sussex Police,-0.343751,51.023525,On or near Edinburgh Close,E01031678,Horsham 009B,Criminal damage and arson,Investigation complete; no suspect identified,
88fa2918c126175710823af0d59af737b26808a56ff50aabb0ba08e5ccdea47f,2017-03,Sussex Police,Sussex Police,-0.343751,51.023525,On or near Edinburgh Close,E01031678,Horsham 009B,Criminal damage and arson,Investigation complete; no suspect identified,
f6792e3b8567ce3eae7659c2bc317b519ee6062036d5787133ab6700f077f1c3,2017-03,Sussex Police,Sussex Police,-0.349079,51.016856,On or near Mill Straight,E01031678,Horsham 009B,Other theft,Investigation complete; no suspect identified,
37ec9225489363333fcfb7f26f10670508575f34470a05265564add070040d26,2017-03,Sussex Police,Sussex Police,-0.346027,51.017280,On or near Millfield,E01031678,Horsham 009B,Public order,Status update unavailable,
72cf45be1b4a1f91f37ab9dc82864d241c63dfee1f6771658a84fa5b16b8c27f,2017-03,Sussex Police,Sussex Police,-0.344474,51.018464,On or near Turners Close,E01031678,Horsham 009B,Public order,Unable to prosecute suspect,
7c7ce70e5e2de34b7b8797888f9f99d59fb8b724e0c85010ecda169236b04997,2017-03,Sussex Police,Sussex Police,-0.346414,51.024444,On or near York Close,E01031678,Horsham 009B,Violence and sexual offences,Unable to prosecute suspect,
ae9b48428f03058619d555ba7b67670f578675bfc2cec0df9d77815289e6c424,2017-03,Sussex Police,Sussex Police,-0.345416,51.018432,On or near Abbots Leigh,E01031678,Horsham 009B,Violence and sexual offences,Status update unavailable,
b3e3e1e25045b3536dbecc19c141dec18d265020f2ca50ff6f7f729c06d7aba3,2017-03,Sussex Police,Sussex Police,-0.344474,51.018464,On or near Turners Close,E01031678,Horsham 009B,Violence and sexual offences,Unable to prosecute suspect,
1f821a334c6c21ebfba4f77e1eccc6748cd57de21b3595294bf0ab6ae230b07f,2017-03,Sussex Police,Sussex Police,-0.346027,51.017280,On or near Millfield,E01031678,Horsham 009B,Violence and sexual offences,Status update unavailable,
13b260caa9232833a1761463b66c5f7588fc0ee613ade4b964a19badc160d89e,2017-03,Sussex Police,Sussex Police,-0.344474,51.018464,On or near Turners Close,E01031678,Horsham 009B,Violence and sexual offences,Unable to prosecute suspect,
f3379dd181e0166c5e92eae273bef57f7fce85f1bb498e3ee1c3d203c17cc921,2017-03,Sussex Police,Sussex Police,-0.342521,51.021637,On or near Great Lime Kilns,E01031678,Horsham 009B,Violence and sexual offences,Unable to prosecute suspect,
2b7364f71692d2fade5194e56a079becdf045b18926d6775ea6a771634abfaa9,2017-03,Sussex Police,Sussex Police,-0.346027,51.017280,On or near Millfield,E01031678,Horsham 009B,Violence and sexual offences,Further investigation is not in the public interest,
9c94eb0cb87082375cbbfffc74af850bb24552413b373e8fce1c991e4ec12c42,2017-03,Sussex Police,Sussex Police,-0.344474,51.018464,On or near Turners Close,E01031678,Horsham 009B,Violence and sexual offences,Unable to prosecute suspect,
3943687e3ad863a756e08d4387025dc6b4587fee24074a7e68f95eadcfdc95bc,2017-03,Sussex Police,Sussex Police,-0.341163,51.030917,On or near Charlock Way,E01031680,Horsham 009C,Violence and sexual offences,Status update unavailable,
590594fed1e49844eb32438165187b233a379849c62ba0a9c250e3dd826ee51a,2017-03,Sussex Police,Sussex Police,-0.341163,51.030917,On or near Charlock Way,E01031680,Horsham 009C,Violence and sexual offences,Unable to prosecute suspect,
,2017-03,Sussex Police,Sussex Police,-0.348944,51.030281,On or near The Laurels,E01031681,Horsham 009D,Anti-social behaviour,,
8f2b2c9e35370be615e8ea162f728b82df558d828026f221765739686fec5577,2017-03,Sussex Police,Sussex Police,-0.351758,51.028144,On or near Petrol Station,E01031681,Horsham 009D,Other theft,Further investigation is not in the public interest,
8160467a5add1765a4ecd9b5eae7262ca509067b3e78a9dbf6bbb2b28033783e,2017-03,Sussex Police,Sussex Police,-0.351758,51.028144,On or near Petrol Station,E01031681,Horsham 009D,Public order,Further investigation is not in the public interest,
b027cf42a65c84a2c3a18950d5ceec38b961f0152851fc2685d39010a07f91c2,2017-03,Sussex Police,Sussex Police,-0.342456,51.025072,On or near Windsor Close,E01031682,Horsham 009E,Violence and sexual offences,Status update unavailable,
d192c9b2c47d6a5377d33e41904cb40092ac691e2d4742c7d4e16b21decab7f4,2017-03,Sussex Police,Sussex Police,-0.342886,51.028990,On or near Swan Close,E01031682,Horsham 009E,Violence and sexual offences,Unable to prosecute suspect,
2f7141969648115034dd6bdfdadf035094eb173fbeb38d59174f26105890f4ba,2017-03,Sussex Police,Sussex Police,-0.342048,51.027710,On or near Camelot Close,E01031682,Horsham 009E,Violence and sexual offences,Unable to prosecute suspect,
34934d61799138de3b0bea62e52f5edfa8fc7d24d562bc7568141a2b0694f3af,2017-03,Sussex Police,Sussex Police,-0.342456,51.025072,On or near Windsor Close,E01031682,Horsham 009E,Violence and sexual offences,Offender given a caution,
,2017-03,Sussex Police,Sussex Police,-0.352389,51.023207,On or near Bakers Close,E01031683,Horsham 009F,Anti-social behaviour,,
,2017-03,Sussex Police,Sussex Police,-0.352389,51.023207,On or near Bakers Close,E01031683,Horsham 009F,Anti-social behaviour,,
,2017-03,Sussex Police,Sussex Police,-0.352671,51.025324,On or near Pipers Close,E01031683,Horsham 009F,Anti-social behaviour,,
ab7b42670ba2192bd354c6947d15801ff0882c1bfb0b4d3483e89b38e2b8ebb0,2017-03,Sussex Police,Sussex Police,-0.352396,51.025833,On or near Station Road,E01031683,Horsham 009F,Burglary,Offender sent to prison,
f9a8cb1cee28101cf3aefc679dcb516f2df93525b26bbea8291532b98199c57d,2017-03,Sussex Police,Sussex Police,-0.351730,51.024502,On or near Supermarket,E01031683,Horsham 009F,Public order,Unable to prosecute suspect,
73d5fa2f62cbd22fdd9742d20d324232c9a8430b1bbef64ccb1003c3dbf5d77f,2017-03,Sussex Police,Sussex Police,-0.353517,51.022386,On or near Amber Glade,E01031683,Horsham 009F,Robbery,Unable to prosecute suspect,
c3026f1b6065f4cfab1349fabc155a6ce8658ac07db80b28070815e33592757a,2017-03,Sussex Police,Sussex Police,-0.353517,51.022386,On or near Amber Glade,E01031683,Horsham 009F,Robbery,Unable to prosecute suspect,
d0965d88fbecac8e71c4be15bb345b90fde4f353ac559fabd421f9fd39163b0a,2017-03,Sussex Police,Sussex Police,-0.351730,51.024502,On or near Supermarket,E01031683,Horsham 009F,Shoplifting,Unable to prosecute suspect,
f6935d549300ad14d39173a9a520e289b9290499e2db8564f65951ac28eb0fd8,2017-03,Sussex Police,Sussex Police,-0.350328,51.025048,On or near Fairbank Road,E01031683,Horsham 009F,Violence and sexual offences,Unable to prosecute suspect,
edc5ddd6b6b6214bf25e1a294540be20a372804044968422a3edbf499f519955,2017-03,Sussex Police,Sussex Police,-0.352389,51.023207,On or near Bakers Close,E01031683,Horsham 009F,Violence and sexual offences,Further investigation is not in the public interest,
3a0dceef5601d2dae3b7d46a2dba597caff47d677a21b827afd9d513ab4565ba,2017-03,Sussex Police,Sussex Police,-0.353517,51.022386,On or near Amber Glade,E01031683,Horsham 009F,Violence and sexual offences,Unable to prosecute suspect,
909f159be0b916af740c4f12faecc8e7abf7cb7a29bbcac50a0208e9f09ce61c,2017-03,Sussex Police,Sussex Police,-0.404379,50.976652,On or near Sincox Lane,E01031611,Horsham 010A,Burglary,Investigation complete; no suspect identified,
618520b12f5459af51c70048c8f5d447b954166659cf0e6f7a22c9cb3ac1e510,2017-03,Sussex Police,Sussex Police,-0.381899,50.988178,On or near Smithers Hill Lane,E01031611,Horsham 010A,Burglary,Investigation complete; no suspect identified,
3cf885aa07e0af29e8dcb90a02eddc16fc4913c7b470ca3975dc770c90558ee7,2017-03,Sussex Police,Sussex Police,-0.405164,50.993219,On or near Coolham Road,E01031611,Horsham 010A,Drugs,Awaiting court outcome,
69d26e1b45c091508e0da69f996519c1498458457b7097fa21e6238a4712069e,2017-03,Sussex Police,Sussex Police,-0.341221,50.991744,On or near Supermarket,E01031611,Horsham 010A,Other theft,Investigation complete; no suspect identified,
a661678aec31bab186546b1e684afbf8455712aababc3118b193d05e22452d52,2017-03,Sussex Police,Sussex Police,-0.402147,50.980678,On or near Saucelands Lane,E01031611,Horsham 010A,Public order,Investigation complete; no suspect identified,
9e73fae820aa97c1d2a3a0ed4f8feb898b7d33dfbb2433d493346fd21c25e42d,2017-03,Sussex Police,Sussex Police,-0.381603,50.980710,On or near Countryman Lane,E01031611,Horsham 010A,Vehicle crime,Investigation complete; no suspect identified,
465e8e95232ba99d1e88a0e5ec886897e67bb7830ed72b1d3f164f20d96b49ad,2017-03,Sussex Police,Sussex Police,-0.381899,50.988178,On or near Smithers Hill Lane,E01031611,Horsham 010A,Vehicle crime,Investigation complete; no suspect identified,
22e18e50c20f948bfa778e5f3055597abdcf9693e2381f77c7c9d65bda9e2478,2017-03,Sussex Police,Sussex Police,-0.390544,51.017524,On or near Woodland Avenue,E01031611,Horsham 010A,Violence and sexual offences,Unable to prosecute suspect,
fc2de62bfe2d4888f5e025775e85523b32c1b2e35aea0023f2f6f2588380bba9,2017-03,Sussex Police,Sussex Police,-0.429099,51.030504,On or near New Road,E01031611,Horsham 010A,Other crime,Investigation complete; no suspect identified,
,2017-03,Sussex Police,Sussex Police,-0.461393,51.017813,On or near Morris Drive,E01031612,Horsham 010B,Anti-social behaviour,,
b0c2204d2db8b9cc2b5078b943163c18a1fd4073f0f656c90cafa32c4ebdcc6d,2017-03,Sussex Police,Sussex Police,-0.454800,51.018419,On or near Stane Street,E01031612,Horsham 010B,Criminal damage and arson,Awaiting court outcome,
fad6fedae38cd28493e751a7e2c7a500d832c910a6922aea36156f63f6443e9b,2017-03,Sussex Police,Sussex Police,-0.454800,51.018419,On or near Stane Street,E01031612,Horsham 010B,Possession of weapons,Further investigation is not in the public interest,
7b13920a97dfed3c78f2cae3c33838c837b51312bd790f8f3f725a4faf3ded6f,2017-03,Sussex Police,Sussex Police,-0.454228,51.025336,On or near Maple Close,E01031612,Horsham 010B,Public order,Further investigation is not in the public interest,
41074847cd9d06e3561a10c7ad186807ee1ee87df00275259ca5927109ab8818,2017-03,Sussex Police,Sussex Police,-0.454800,51.018419,On or near Stane Street,E01031612,Horsham 010B,Violence and sexual offences,Further investigation is not in the public interest,
b2adcc231e6d158c163a56400a39105b516caa2e9ba6397dd09940cbe0efbc06,2017-03,Sussex Police,Sussex Police,-0.461393,51.017813,On or near Morris Drive,E01031612,Horsham 010B,Violence and sexual offences,Unable to prosecute suspect,
bd02cb5cacb24fb29fa81a14ba36c046af0c945e30ee7681cd2bf7e04cbaf1ca,2017-03,Sussex Police,Sussex Police,-0.454800,51.018419,On or near Stane Street,E01031612,Horsham 010B,Other crime,Further investigation is not in the public interest,
1a33775e42e44ea73b923ae441dcfc014b9dd43e87fe5eb85d402439281b17bc,2017-03,Sussex Police,Sussex Police,-0.462030,51.014935,On or near Berrall Way,E01031612,Horsham 010B,Other crime,Further investigation is not in the public interest,
7acf7f756124100ba421df18e2bae674edf5a351f2cbfa9a5d70284c95c054cb,2017-03,Sussex Police,Sussex Police,-0.454800,51.018419,On or near Stane Street,E01031612,Horsham 010B,Other crime,Further investigation is not in the public interest,
306c3dff2aa88b06450b32b5fb0aae3bf69379c1e263e24a20725c25ca314584,2017-03,Sussex Police,Sussex Police,-0.454800,51.018419,On or near Stane Street,E01031612,Horsham 010B,Other crime,Further investigation is not in the public interest,
,2017-03,Sussex Police,Sussex Police,-0.451750,51.015833,On or near Sports/Recreation Area,E01031613,Horsham 010C,Anti-social behaviour,,
b0ca9057c735761a90f0039d401d440903b27eb9e884b6329f4ca527f0458326,2017-03,Sussex Police,Sussex Police,-0.451750,51.015833,On or near Sports/Recreation Area,E01031613,Horsham 010C,Criminal damage and arson,Investigation complete; no suspect identified,
6c2c78d7178e68ed2365bc3be3c839164b9b100808daab713b99e218b39ba883,2017-03,Sussex Police,Sussex Police,-0.451174,51.015151,On or near Myrtle Lane,E01031613,Horsham 010C,Other theft,Unable to prosecute suspect,
f0306c926976d86a9421e359ef3af4f2c02996506753014e886f4e0cbab81d07,2017-03,Sussex Police,Sussex Police,-0.447135,51.012697,On or near Woodlands Way,E01031613,Horsham 010C,Other theft,Investigation complete; no suspect identified,
b006c7eb2528e4aa004047a738f9bf44dd6e8f3100b87e5b48c8d8c19c73826e,2017-03,Sussex Police,Sussex Police,-0.451099,51.017399,On or near Station Road,E01031613,Horsham 010C,Other theft,Investigation complete; no suspect identified,
1e3746456e1a0043d046c3c619a7ded01d7f746164fdc8d48682329bd13e17e6,2017-03,Sussex Police,Sussex Police,-0.472349,51.018928,On or near Parking Area,E01031613,Horsham 010C,Possession of weapons,Offender given community sentence,
a9f11fa4df0e1711477829d28343a41b069288709d9da134a3f05c7df19cf0d6,2017-03,Sussex Police,Sussex Police,-0.452762,51.013698,On or near Sports/Recreation Area,E01031613,Horsham 010C,Violence and sexual offences,Unable to prosecute suspect,
7f73a455e8c70846a29f29d951e68ee655b96ef1ba967eeaff8b1409a77c37a3,2017-03,Sussex Police,Sussex Police,-0.459518,51.011584,On or near Bridgewater Close,E01031613,Horsham 010C,Violence and sexual offences,Awaiting court outcome,
d8b298754b4920468f942c6836e1adf96960cfedc6b2c0e449c20d8cf07af736,2017-03,Sussex Police,Sussex Police,-0.458070,51.014415,On or near The Willows,E01031613,Horsham 010C,Other crime,Further investigation is not in the public interest,
,2017-03,Sussex Police,Sussex Police,-0.452491,51.038964,On or near Okehurst Lane,E01031614,Horsham 010D,Anti-social behaviour,,
,2017-03,Sussex Police,Sussex Police,-0.450450,51.026608,On or near Sports/Recreation Area,E01031614,Horsham 010D,Anti-social behaviour,,
,2017-03,Sussex Police,Sussex Police,-0.446763,51.025992,On or near Norman Close,E01031614,Horsham 010D,Anti-social behaviour,,
509cba37e911159cbeeae9feaa2213a331e848dd7e905331a881b3e9077e1787,2017-03,Sussex Police,Sussex Police,-0.448051,51.027970,On or near Stane Street,E01031614,Horsham 010D,Burglary,Investigation complete; no suspect identified,
8df71ba6dc3296f54282a5658907280332c73dd8374deb79972e321971d10fea,2017-03,Sussex Police,Sussex Police,-0.457017,51.023367,On or near Arun Road,E01031614,Horsham 010D,Burglary,Investigation complete; no suspect identified,
ab191055c26f73fa673cb566b3739bc2298923916576fa6c7a32cb5f8dc8fc40,2017-03,Sussex Police,Sussex Police,-0.457017,51.023367,On or near Arun Road,E01031614,Horsham 010D,Burglary,Investigation complete; no suspect identified,
291a32be5c40f0b95322a51f8f797557b77feb5855282556177e81ccbe58ae3b,2017-03,Sussex Police,Sussex Police,-0.452491,51.038964,On or near Okehurst Lane,E01031614,Horsham 010D,Criminal damage and arson,Investigation complete; no suspect identified,
a1671fb572190c744679a22faf86c4306a4e4e7dceb7cc2b5ed80c1e609edfca,2017-03,Sussex Police,Sussex Police,-0.433420,51.045311,On or near Petrol Station,E01031614,Horsham 010D,Other theft,Investigation complete; no suspect identified,
2fdc04b73e96a82742158712dc2a0abba4d69cd79e9640eb94b6ec489cc88f11,2017-03,Sussex Police,Sussex Police,-0.433420,51.045311,On or near Petrol Station,E01031614,Horsham 010D,Other theft,Further investigation is not in the public interest,
d351acb6f8f8c0d0091de22811c213896cefe5d201bfb4a94b0b6a12f7a24ca5,2017-03,Sussex Police,Sussex Police,-0.433420,51.045311,On or near Petrol Station,E01031614,Horsham 010D,Other theft,Status update unavailable,
f65aafbfe7886948bf31a6818a75bfd06d42976e4ea5dfa2d451abe82e636ee8,2017-03,Sussex Police,Sussex Police,-0.451141,51.024261,On or near Jengers Mead,E01031614,Horsham 010D,Public order,Unable to prosecute suspect,
928092c1d95290e214c9c5ca53ec0d98c2f18cb0c04620b11ebfd6ab3ce2dd0a,2017-03,Sussex Police,Sussex Police,-0.451141,51.024261,On or near Jengers Mead,E01031614,Horsham 010D,Theft from the person,Investigation complete; no suspect identified,
420289a900a16cd1bd30af21f7ecd5e165060ad8b8d0f3851adc195375d7462a,2017-03,Sussex Police,Sussex Police,-0.446763,51.025992,On or near Norman Close,E01031614,Horsham 010D,Violence and sexual offences,Action to be taken by another organisation,
57fda9b1c336992eb47b3f6d3aa8dde649c154a169978a8021d0166ea83ff04e,2017-03,Sussex Police,Sussex Police,-0.452491,51.038964,On or near Okehurst Lane,E01031614,Horsham 010D,Violence and sexual offences,Further investigation is not in the public interest,
c00483872ecfcb4a9d00633efab34fe8ee5331bbc88d87b8eb6112a9149da8fd,2017-03,Sussex Police,Sussex Police,-0.449494,51.025327,On or near High Street,E01031614,Horsham 010D,Violence and sexual offences,Unable to prosecute suspect,
e3c2310151dfc52879aa52a2f2b5863d5e516396d2f32a25cb490ac9e19a6f74,2017-03,Sussex Police,Sussex Police,-0.451141,51.024261,On or near Jengers Mead,E01031614,Horsham 010D,Violence and sexual offences,Further investigation is not in the public interest,
903c25131c5cb94b8e27ef3fdbe574a75ec8a61dafd7eb97b8f7cc2c6e6e4425,2017-03,Sussex Police,Sussex Police,-0.446763,51.025992,On or near Norman Close,E01031614,Horsham 010D,Violence and sexual offences,Action to be taken by another organisation,
a910080ededff08220e438ab05fb554da3bbe4543d86f61c62fca9b3b55c33c8,2017-03,Sussex Police,Sussex Police,-0.451141,51.024261,On or near Jengers Mead,E01031614,Horsham 010D,Other crime,Further investigation is not in the public interest,
c7576c57e8beabc1e52622a9604c3c8eec3c108cb4c6b808a50e00e9d13287ee,2017-03,Sussex Police,Sussex Police,-0.433446,51.044547,On or near Bishopfield,E01031614,Horsham 010D,Other crime,Further investigation is not in the public interest,
9886eb18a5f8058b161ce860eaf48e1dce5ec51b91171f7923c0caa91db2a15b,2017-03,Sussex Police,Sussex Police,-0.429752,51.046215,On or near Horsham Road,E01031614,Horsham 010D,Other crime,Further investigation is not in the public interest,
eb11268d20745e15bf2440965562a24621148d9eb9dcfa11ce68119f75f3214e,2017-03,Sussex Police,Sussex Police,-0.446763,51.025992,On or near Norman Close,E01031614,Horsham 010D,Other crime,Action to be taken by another organisation,
,2017-03,Sussex Police,Sussex Police,-0.446847,51.018349,On or near Broomfield Drive,E01031615,Horsham 010E,Anti-social behaviour,,
,2017-03,Sussex Police,Sussex Police,-0.453140,51.022893,On or near Parking Area,E01031615,Horsham 010E,Anti-social behaviour,,
825a0ee828a75395c52fe8e17a7b31821a78858244e9dd97fbccb840c5e1f798,2017-03,Sussex Police,Sussex Police,-0.448680,51.017250,On or near Birch Drive,E01031615,Horsham 010E,Other theft,Investigation complete; no suspect identified,
8f750ef1e91dce4eb1e3d1bcfa92621f735b212d51a3ee3f35265f604c024a95,2017-03,Sussex Police,Sussex Police,-0.451946,51.023210,On or near Supermarket,E01031615,Horsham 010E,Public order,Unable to prosecute suspect,
b869d07d0f159b4395d081a73fe25777f29d645182a2b95ed336e037b8d72d92,2017-03,Sussex Police,Sussex Police,-0.451946,51.023210,On or near Supermarket,E01031615,Horsham 010E,Shoplifting,Further investigation is not in the public interest,
ac894e2e4fad7b69cfbbda6b1e8d57f2ceb6e0b5b319290cbda25785a476bd00,2017-03,Sussex Police,Sussex Police,-0.451946,51.023210,On or near Supermarket,E01031615,Horsham 010E,Shoplifting,Investigation complete; no suspect identified,
1b9091a4866c929d7153c5d6bf8c7b4e213a57a31ed70524570b122e643b5abe,2017-03,Sussex Police,Sussex Police,-0.449440,51.023528,On or near Rosehill,E01031615,Horsham 010E,Vehicle crime,Unable to prosecute suspect,
fd7669b0cfbc20c2e9702db73a8715cecd98c11192dad4c58c5ca9e7117ca99c,2017-03,Sussex Police,Sussex Police,-0.451946,51.023210,On or near Supermarket,E01031615,Horsham 010E,Violence and sexual offences,Awaiting court outcome,
e268ff1e415f73226675fbadae448c3d8ade0e576fbfb1966dc9fde777c50aee,2017-03,Sussex Police,Sussex Police,-0.451946,51.023210,On or near Supermarket,E01031615,Horsham 010E,Violence and sexual offences,Unable to prosecute suspect,
,2017-03,Sussex Police,Sussex Police,-0.301935,50.976116,On or near Littleworth Lane,E01031632,Horsham 011A,Anti-social behaviour,,
e6bcf990d47c05ed75bb18508f17d2c85ef4327a67a4ef012abab293abe88e30,2017-03,Sussex Police,Sussex Police,-0.285279,50.959973,On or near A281,E01031632,Horsham 011A,Other theft,Investigation complete; no suspect identified,
46b64859236bb4d43f943f815e48a34f28935a80ccfd1ed8055c8aa77f26a682,2017-03,Sussex Police,Sussex Police,-0.272591,50.988007,On or near A281,E01031632,Horsham 011A,Other theft,Investigation complete; no suspect identified,
a7f40560f93fb4268cf10928b62af2a73925026bc2ba44757f249b6e4931f671,2017-03,Sussex Police,Sussex Police,-0.273115,50.985802,On or near South Leas,E01031632,Horsham 011A,Violence and sexual offences,Further investigation is not in the public interest,
bd1eb1ee0e33afde0dd76ed7bee896fab807df4ccbacd2b218094dcf020d83ce,2017-03,Sussex Police,Sussex Police,-0.245549,50.973979,On or near Kent Street,E01031632,Horsham 011A,Other crime,Investigation complete; no suspect identified,
,2017-03,Sussex Police,Sussex Police,-0.356740,50.963438,On or near The Green,E01031633,Horsham 011B,Anti-social behaviour,,
f371d631505d5c33da22fb5a869edab1457a2e92c5b3bfd91c489ca3e568dc33,2017-03,Sussex Police,Sussex Police,-0.359142,50.955099,On or near Grinder'S Lane,E01031633,Horsham 011B,Criminal damage and arson,Investigation complete; no suspect identified,
68b3ed9876a6eabe135454e88af17165c4607db03900a0d6d374a45b765bc679,2017-03,Sussex Police,Sussex Police,-0.301425,50.961216,On or near Blanches Walk,E01031633,Horsham 011B,Public order,Unable to prosecute suspect,
545a553fa52bdb9bbcedcb163e24bcd48771d03de4671b2625e89054f84d0187,2017-03,Sussex Police,Sussex Police,-0.310100,50.967026,On or near Jolesfield,E01031633,Horsham 011B,Violence and sexual offences,Unable to prosecute suspect,
d973b9d2dd714ee4b8c0ba115b7575624dc0a349e3ffa044f9e35b287d418a4b,2017-03,Sussex Police,Sussex Police,-0.310100,50.967026,On or near Jolesfield,E01031633,Horsham 011B,Violence and sexual offences,Unable to prosecute suspect,
971a34bcfe0e0c0583fdab68dd5bac859a965944b3e304a1df07293c9d84a7ff,2017-03,Sussex Police,Sussex Police,-0.310100,50.967026,On or near Jolesfield,E01031633,Horsham 011B,Violence and sexual offences,Unable to prosecute suspect,
,2017-03,Sussex Police,Sussex Police,-0.272613,50.990102,On or near The Street,E01031634,Horsham 011C,Anti-social behaviour,,
053b5cf9fdd0a26db54101074af8723fd5961684cf3eca779ca9ad3246da0dce,2017-03,Sussex Police,Sussex Police,-0.272492,50.993743,On or near Brook Hill,E01031634,Horsham 011C,Burglary,Investigation complete; no suspect identified,
38da97ea2e69eb2701f206f1dbced5a02bf896bf5080117711780e5180293488,2017-03,Sussex Police,Sussex Police,-0.272492,50.993743,On or near Brook Hill,E01031634,Horsham 011C,Public order,Investigation complete; no suspect identified,
b7a482b99110ea6880250f9742a9b7f4a6ad54bc837958ef1e0b06b77d61c90d,2017-03,Sussex Police,Sussex Police,-0.272492,50.993743,On or near Brook Hill,E01031634,Horsham 011C,Violence and sexual offences,Investigation complete; no suspect identified,
,2017-03,Sussex Police,Sussex Police,-0.304938,50.957409,On or near Star Road,E01031635,Horsham 011D,Anti-social behaviour,,
,2017-03,Sussex Police,Sussex Police,-0.305190,50.957935,On or near Shopping Area,E01031635,Horsham 011D,Anti-social behaviour,,
0bf2cf074d1126c3819876700edd43608176eb5a5356c84eb58618aa2158757c,2017-03,Sussex Police,Sussex Police,-0.303606,50.959593,On or near Hunters Mead,E01031635,Horsham 011D,Criminal damage and arson,Investigation complete; no suspect identified,
83785fcb9b5efee9bc2306405b9aed1a05c36c8ce339c1b8db1f6a78d660928b,2017-03,Sussex Police,Sussex Police,-0.467295,50.946010,On or near Castlegate,E01031621,Horsham 012A,Criminal damage and arson,Investigation complete; no suspect identified,
48365dc6399080b5e5070fccb1555facf2f5d6412774ddbe966b6d858e6a0dfa,2017-03,Sussex Police,Sussex Police,-0.469181,50.947096,On or near Harborough Hill,E01031621,Horsham 012A,Other theft,Investigation complete; no suspect identified,
8fc34ea7e9072eecb34174266a2425496c42d4988bc0f465af1a4cca492757bb,2017-03,Sussex Police,Sussex Police,-0.474792,50.947035,On or near Panners Drive,E01031621,Horsham 012A,Violence and sexual offences,Offender given a caution,
,2017-03,Sussex Police,Sussex Police,-0.448897,50.953870,On or near Church Street,E01031623,Horsham 012B,Anti-social behaviour,,
0a50a31f96f371b8ecf55ca44ae6324518863d323468b06713fe258c4574abf8,2017-03,Sussex Police,Sussex Police,-0.459026,50.949400,On or near Mill Road,E01031623,Horsham 012B,Criminal damage and arson,Investigation complete; no suspect identified,
ea7a6fb07dcd7c936b4b3df2eb94feaef0e6f6afdb1d6d60405940f0b1d40f26,2017-03,Sussex Police,Sussex Police,-0.449963,50.952661,On or near Holly Close,E01031623,Horsham 012B,Other theft,Investigation complete; no suspect identified,
4ccd39d6b5b93116d9925f96bbe1128c2bb42553a5484ebd9045edd467bc0705,2017-03,Sussex Police,Sussex Police,-0.459274,50.952245,On or near Stream Lane,E01031623,Horsham 012B,Violence and sexual offences,Offender given a caution,
34589af454f92325b744422a1048c533dbccec6392443700cb0dd38c6fe5f30a,2017-03,Sussex Police,Sussex Police,-0.458514,50.946363,On or near Petrol Station,E01031623,Horsham 012B,Other crime,Further investigation is not in the public interest,
adafed89aa37958744ae01152d77e0693f9dd495381ed825988ed3451d5a64e4,2017-03,Sussex Police,Sussex Police,-0.464079,50.922200,On or near Bramber Avenue,E01031627,Horsham 012C,Burglary,Investigation complete; no suspect identified,
f5954e4642e003858f6ea60015c31f393eeb264265930fe2040acdf3a7aa8c70,2017-03,Sussex Police,Sussex Police,-0.461108,50.923411,On or near Crowhurst Crescent,E01031627,Horsham 012C,Violence and sexual offences,Status update unavailable,
5ace6d0339b347feb856cf324ad3074301af64595b61ae926e844e526fe6967e,2017-03,Sussex Police,Sussex Police,-0.477577,50.992486,On or near Sports/Recreation Area,E01031664,Horsham 012D,Burglary,Investigation complete; no suspect identified,
5ccdc5dead61a4e16f463234a8be53e9ba2b48019241a1e80f11d7f560840145,2017-03,Sussex Police,Sussex Police,-0.480273,50.991522,On or near Parking Area,E01031664,Horsham 012D,Burglary,Investigation complete; no suspect identified,
fd1f5cafa9625244e33d84b222c6c8c2d35d4e1094667594fb9da14320408721,2017-03,Sussex Police,Sussex Police,-0.494120,50.955955,On or near Old Mill Place,E01031664,Horsham 012D,Burglary,Investigation complete; no suspect identified,
978d90f901a4afa2c88973b47886081f81d915dc207e3d296899e70830deec72,2017-03,Sussex Police,Sussex Police,-0.477577,50.992486,On or near Sports/Recreation Area,E01031664,Horsham 012D,Burglary,Investigation complete; no suspect identified,
cf45a5cef27038a6767a75369961a5ec9dcdaa72363a4c1bb719eef0646d87d9,2017-03,Sussex Police,Sussex Police,-0.477577,50.992486,On or near Sports/Recreation Area,E01031664,Horsham 012D,Criminal damage and arson,Status update unavailable,
,2017-03,Sussex Police,Sussex Police,-0.483902,50.909833,On or near Amberley Road,E01031626,Horsham 013A,Anti-social behaviour,,
,2017-03,Sussex Police,Sussex Police,-0.542758,50.896283,On or near Houghton Bridge,E01031626,Horsham 013A,Anti-social behaviour,,
,2017-03,Sussex Police,Sussex Police,-0.470515,50.920333,On or near Tritton Place,E01031626,Horsham 013A,Anti-social behaviour,,
1cb9937b13dc2651703617a264c9355c0457fd956ccc9b69593cea8a6488771c,2017-03,Sussex Police,Sussex Police,-0.536331,50.936653,On or near Brook Lane,E01031626,Horsham 013A,Burglary,Investigation complete; no suspect identified,
0eb7d52e20e95f05bd5f10f3c3c050c908f464f9e487f4ca8f8a147362f6a19f,2017-03,Sussex Police,Sussex Police,-0.478083,50.902032,On or near Parking Area,E01031626,Horsham 013A,Burglary,Investigation complete; no suspect identified,
92d36c31d042ec10e96829190069d8fa831859eea4c57ca96b935da3129548d6,2017-03,Sussex Police,Sussex Police,-0.483902,50.909833,On or near Amberley Road,E01031626,Horsham 013A,Criminal damage and arson,Unable to prosecute suspect,
6c9e23c2c2102f842a7397a372075bdb69f658f9db97c1ce410740b44a98136c,2017-03,Sussex Police,Sussex Police,-0.536331,50.936653,On or near Brook Lane,E01031626,Horsham 013A,Drugs,Offender given suspended prison sentence,
fc9362be7dc98276d1e0b111d603fd965a3296103b355d9a4d49c1247a77d483,2017-03,Sussex Police,Sussex Police,-0.468807,50.919033,On or near Greenacre Close,E01031626,Horsham 013A,Violence and sexual offences,Unable to prosecute suspect,
49545facf1847bc1ec32e026045c01f2b5cbcdc31a88c65c9f8acfbbd76fafc4,2017-03,Sussex Police,Sussex Police,-0.473965,50.921844,On or near Airport/Airfield,E01031626,Horsham 013A,Violence and sexual offences,Offender given a caution,
ca59dac99eb4747faa2691dddad843b48eec0c5c001000112965c42cd5ee83fc,2017-03,Sussex Police,Sussex Police,-0.519887,50.911697,On or near Rackham Street,E01031626,Horsham 013A,Violence and sexual offences,Unable to prosecute suspect,
ed4afcfa0c639f775b8a4a9afed2dd3345cd55218dd6c725192899b0c6295e33,2017-03,Sussex Police,Sussex Police,-0.474376,50.919736,On or near Chapel Lane,E01031626,Horsham 013A,Other crime,Investigation complete; no suspect identified,
fea22afbb73e4cc029ce8dc47ad950f5c46a96dfd7895d00acb135abef8b48b5,2017-03,Sussex Police,Sussex Police,-0.537187,50.908885,On or near Church Street,E01031626,Horsham 013A,Other crime,Investigation complete; no suspect identified,
,2017-03,Sussex Police,Sussex Police,-0.460244,50.920270,On or near Swan Close,E01031630,Horsham 013B,Anti-social behaviour,,
0ecd09f4d60d89157a706a391858c09dcdd36e9111620535574a7adc9cd6ea96,2017-03,Sussex Police,Sussex Police,-0.459558,50.919092,On or near Petrol Station,E01031630,Horsham 013B,Drugs,Awaiting court outcome,
95a6830c32bbf663e9dd1791bd564455fad19fa42ecfcaf622d66ef23e716a1e,2017-03,Sussex Police,Sussex Police,-0.460179,50.917931,On or near Monastery Lane,E01031630,Horsham 013B,Violence and sexual offences,Unable to prosecute suspect,
,2017-03,Sussex Police,Sussex Police,-0.451299,50.914594,On or near Ravenscroft,E01031631,Horsham 013C,Anti-social behaviour,,
e4a4923f8d72cc7772f88799a3f80737dd566d641040556f42b6cef4ae7d8295,2017-03,Sussex Police,Sussex Police,-0.452789,50.917689,On or near High Street,E01031631,Horsham 013C,Criminal damage and arson,Investigation complete; no suspect identified,
8cb25fa97adab3bc19b363ea5c234bab8386e08047c457c71feeb105c4fbc0dd,2017-03,Sussex Police,Sussex Police,-0.452789,50.917689,On or near High Street,E01031631,Horsham 013C,Public order,Unable to prosecute suspect,
6703a14a8c151d6be0eb2c5044dfcec5befbb695030698041fc9b9260d5077ac,2017-03,Sussex Police,Sussex Police,-0.452266,50.918465,On or near Supermarket,E01031631,Horsham 013C,Theft from the person,Unable to prosecute suspect,
31fefd5f23e7140cb3c4988a2a81268517207db518759b0879ec29b4b13f5794,2017-03,Sussex Police,Sussex Police,-0.448216,50.916171,On or near Chantry Close,E01031631,Horsham 013C,Violence and sexual offences,Unable to prosecute suspect,
8bd6cf4401fcac1c2639893f6c56d99b6fb73a7a987ab959de869707b8c85e02,2017-03,Sussex Police,Sussex Police,-0.451299,50.914594,On or near Ravenscroft,E01031631,Horsham 013C,Violence and sexual offences,Offender given a caution,
35d402455bdb07584e20d2dcd5bcbfa821e19b6ca0c7ce318a9025e814d28b75,2017-03,Sussex Police,Sussex Police,-0.448216,50.916171,On or near Chantry Close,E01031631,Horsham 013C,Violence and sexual offences,Unable to prosecute suspect,
,2017-03,Sussex Police,Sussex Police,-0.508264,50.960669,On or near Police Station,E01031662,Horsham 013D,Anti-social behaviour,,
,2017-03,Sussex Police,Sussex Police,-0.500823,50.956940,On or near Brooks Way,E01031662,Horsham 013D,Anti-social behaviour,,
,2017-03,Sussex Police,Sussex Police,-0.503855,50.956970,On or near Carpenters Meadow,E01031662,Horsham 013D,Anti-social behaviour,,
,2017-03,Sussex Police,Sussex Police,-0.503855,50.956970,On or near Carpenters Meadow,E01031662,Horsham 013D,Anti-social behaviour,,
5981b6897ebb515a2932f129d115163c47627b665cc59317345a8dcfd0fa551b,2017-03,Sussex Police,Sussex Police,-0.502868,50.956679,On or near Barnhouse Close,E01031662,Horsham 013D,Drugs,Offender given community sentence,
d6fe2e898e1c106e837318f68e7cbcf6b57903e1834011373e4226f6c4d363bb,2017-03,Sussex Police,Sussex Police,-0.505526,50.957270,On or near Arun Court,E01031662,Horsham 013D,Drugs,Awaiting court outcome,
b70dc46306883f9e4c0f6de3b15e4a1559d23d1d57bb19df01f76fdf5d5599d5,2017-03,Sussex Police,Sussex Police,-0.502868,50.956679,On or near Barnhouse Close,E01031662,Horsham 013D,Drugs,Awaiting court outcome,
78fb28dfe7bc1010b46f32ce06fb80c54e2da9634342755d51b35793273a6de3,2017-03,Sussex Police,Sussex Police,-0.508264,50.960669,On or near Police Station,E01031662,Horsham 013D,Other theft,Investigation complete; no suspect identified,
d5c2a4e6c6b4cfa63597ea2d7c076042c3f3c05cbe72281fd97a3c4eebc36719,2017-03,Sussex Police,Sussex Police,-0.508264,50.960669,On or near Police Station,E01031662,Horsham 013D,Public order,Unable to prosecute suspect,
7a910d655ceaeecf7a154ba91a639ee3211e461580cfc19cbd0cd92d2d5f4524,2017-03,Sussex Police,Sussex Police,-0.508264,50.960669,On or near Police Station,E01031662,Horsham 013D,Shoplifting,Investigation complete; no suspect identified,
0587b8faca3fe383b9c8ca05a3ae821ba18a59d0d3448ecaa521d0cb0305c039,2017-03,Sussex Police,Sussex Police,-0.501882,50.961657,On or near Cousins Way,E01031662,Horsham 013D,Violence and sexual offences,Unable to prosecute suspect,
4c481fbeafb4697683e9bb95b16c30355f47cd7cbb8a81912493167faf868a8d,2017-03,Sussex Police,Sussex Police,-0.503339,50.959293,On or near Rectory Close,E01031662,Horsham 013D,Violence and sexual offences,Unable to prosecute suspect,
14885ed7a138746aa421a84d2e12fd359427900607fab9539289c93a0947034d,2017-03,Sussex Police,Sussex Police,-0.506437,50.961266,On or near Supermarket,E01031662,Horsham 013D,Violence and sexual offences,Unable to prosecute suspect,
61a3e5790377d256e85586c78d0d7dc6c77e178a7e807be771a0709c91e0a893,2017-03,Sussex Police,Sussex Police,-0.505694,50.962659,On or near London Road,E01031662,Horsham 013D,Violence and sexual offences,Unable to prosecute suspect,
,2017-03,Sussex Police,Sussex Police,-0.500948,50.965908,On or near Riverside,E01031663,Horsham 013E,Anti-social behaviour,,
,2017-03,Sussex Police,Sussex Police,-0.498562,50.960841,On or near Strawberry Field,E01031663,Horsham 013E,Anti-social behaviour,,
,2017-03,Sussex Police,Sussex Police,-0.500941,50.959910,On or near Link Lane,E01031663,Horsham 013E,Anti-social behaviour,,
,2017-03,Sussex Police,Sussex Police,-0.498562,50.960841,On or near Strawberry Field,E01031663,Horsham 013E,Anti-social behaviour,,
,2017-03,Sussex Police,Sussex Police,-0.497428,50.960665,On or near Spinney North,E01031663,Horsham 013E,Anti-social behaviour,,
,2017-03,Sussex Police,Sussex Police,-0.500941,50.959910,On or near Link Lane,E01031663,Horsham 013E,Anti-social behaviour,,
e5420cbaef0361046b46ed985ff7601597472e5c31fb90213652116501f994d5,2017-03,Sussex Police,Sussex Police,-0.497388,50.956159,On or near Rivermead,E01031663,Horsham 013E,Criminal damage and arson,Investigation complete; no suspect identified,
5546bab902c7c5eb762f1dcd7b474d1c9c3cda08086fe4e6c770a2de2b26cdcf,2017-03,Sussex Police,Sussex Police,-0.496807,50.957401,On or near Hillcrest Park,E01031663,Horsham 013E,Other theft,Unable to prosecute suspect,
35197112ef815a2212ade99af25024069d516d3bc62815e6ff7dbb51690a7747,2017-03,Sussex Police,Sussex Police,-0.503057,50.967185,On or near Stane Street Close,E01031663,Horsham 013E,Violence and sexual offences,Investigation complete; no suspect identified,
156e726195933779969e28057e6a0b08e7b5f33660e0db399ac50763a9cee9b3,2017-03,Sussex Police,Sussex Police,-0.503057,50.967185,On or near Stane Street Close,E01031663,Horsham 013E,Violence and sexual offences,Further investigation is not in the public interest,
,2017-03,Sussex Police,Sussex Police,-0.517066,50.956608,On or near Waters Edge,E01031665,Horsham 013F,Anti-social behaviour,,
8ceff73351bd6519a1015e29c55215fd00860157abf76a2f9ae4a3c5ca9c58e7,2017-03,Sussex Police,Sussex Police,-0.548142,50.936243,On or near Brookview,E01031665,Horsham 013F,Criminal damage and arson,Unable to prosecute suspect,
b6f5f9c6089984c09d7bb23c02fd71d586d62768e04f8cdd4e307c0b08e6b255,2017-03,Sussex Police,Sussex Police,-0.526202,50.951823,On or near Park/Open Space,E01031665,Horsham 013F,Shoplifting,Investigation complete; no suspect identified,
944d4d5978bf0fad41f065eb35a1946cfb0cd19dbdd23e3aeb0bc960832ff64f,2017-03,Sussex Police,Sussex Police,-0.548142,50.936243,On or near Brookview,E01031665,Horsham 013F,Violence and sexual offences,Unable to prosecute suspect,
2da36806009f8c115940f9cfa48361cdb2803110b790d53d173b5472d3a665bf,2017-03,Sussex Police,Sussex Police,-0.512841,50.956932,On or near Swan Corner,E01031665,Horsham 013F,Violence and sexual offences,Unable to prosecute suspect,
c3eda952862bcac1ef841118fb8bde9126930bac4a0646c7435037955200cc39,2017-03,Sussex Police,Sussex Police,-0.514765,50.956885,On or near Station Road,E01031665,Horsham 013F,Violence and sexual offences,Court result unavailable,
c93210ddf4d993932f667c10a1b0d1dd4c70c72dc437f1e311c76fab5422a7cd,2017-03,Sussex Police,Sussex Police,-0.514765,50.956885,On or near Station Road,E01031665,Horsham 013F,Violence and sexual offences,Unable to prosecute suspect,
,2017-03,Sussex Police,Sussex Police,-0.247154,50.949137,On or near Wheatsheaf Road,E01031618,Horsham 014A,Anti-social behaviour,,
e5686c89a1502dc03a7cbacd987ab7abb8a637f6a6ce7c3032de1e8c3a5ffb05,2017-03,Sussex Police,Sussex Police,-0.246494,50.910294,On or near Bramlands Lane,E01031618,Horsham 014A,Criminal damage and arson,Investigation complete; no suspect identified,
682110b4b48ca1aa4607ea1f3f889f743c5ff7a5c7180191519f7f8596f7ef96,2017-03,Sussex Police,Sussex Police,-0.273663,50.901445,On or near Sports/Recreation Area,E01031618,Horsham 014A,Other theft,Unable to prosecute suspect,
61fe368f341842dbc09408fde1dca3e9299c967d2fac4956a17a890a0d3cd4bf,2017-03,Sussex Police,Sussex Police,-0.273663,50.901445,On or near Sports/Recreation Area,E01031618,Horsham 014A,Public order,Unable to prosecute suspect,
,2017-03,Sussex Police,Sussex Police,-0.272444,50.930161,On or near High Street,E01031641,Horsham 014B,Anti-social behaviour,,
,2017-03,Sussex Police,Sussex Police,-0.272990,50.931167,On or near Parking Area,E01031641,Horsham 014B,Anti-social behaviour,,
,2017-03,Sussex Police,Sussex Police,-0.273324,50.930218,On or near Park Road,E01031641,Horsham 014B,Anti-social behaviour,,
,2017-03,Sussex Police,Sussex Police,-0.274360,50.932986,On or near Martyn Close,E01031641,Horsham 014B,Anti-social behaviour,,
4ecea2cffe450af620264bbb04705d6114bf4065294c559a6374f070bd9566f3,2017-03,Sussex Police,Sussex Police,-0.267803,50.928302,On or near Henfield Common North,E01031641,Horsham 014B,Other theft,Investigation complete; no suspect identified,
c403a277c3430ff1f6d08503a5400860d4c65222a027c1f03ad233d0eef05f3a,2017-03,Sussex Police,Sussex Police,-0.272577,50.928481,On or near Golden Square,E01031641,Horsham 014B,Other theft,Further investigation is not in the public interest,
2402ccda22bc9834689e639cee5c9aac16d1c193b475ea99f5bed5d589e51637,2017-03,Sussex Police,Sussex Police,-0.272577,50.928481,On or near Golden Square,E01031641,Horsham 014B,Other theft,Investigation complete; no suspect identified,
92644fcfa60d473d3749ee1455fa9817b56276ee8e8f4dfb7b9f38b8aa6b5d8b,2017-03,Sussex Police,Sussex Police,-0.272444,50.930161,On or near High Street,E01031641,Horsham 014B,Violence and sexual offences,Status update unavailable,
,2017-03,Sussex Police,Sussex Police,-0.272900,50.935905,On or near Oakhurst,E01031642,Horsham 014C,Anti-social behaviour,,
903cea9e158bb37d8cf31a906fbf0640b6205ddf7742f9dbb4f4b9daec49e4d0,2017-03,Sussex Police,Sussex Police,-0.274470,50.947313,On or near A281,E01031642,Horsham 014C,Burglary,Investigation complete; no suspect identified,
154558c5fb1c1103da0518ad4b1debffda9e052c08366e85e2b074382668c130,2017-03,Sussex Police,Sussex Police,-0.273623,50.934063,On or near Parsonage Road,E01031642,Horsham 014C,Criminal damage and arson,Unable to prosecute suspect,
d51ac9c5c49e65de1c1b6c21ec98f7c632169e5a786d17ac144848487ce2aca8,2017-03,Sussex Police,Sussex Police,-0.295214,50.931305,On or near West End Lane,E01031642,Horsham 014C,Public order,Investigation complete; no suspect identified,
e23833518e549acf54f6dc30d989488e92136b386bf4f379436ea4fd7ac9198d,2017-03,Sussex Police,Sussex Police,-0.273623,50.934063,On or near Parsonage Road,E01031642,Horsham 014C,Violence and sexual offences,Offender given a caution,
1f4fb4a0125cb31c3f71b0c50b174e1dbedc9550472748bdeb04caa439875d89,2017-03,Sussex Police,Sussex Police,-0.273623,50.934063,On or near Parsonage Road,E01031642,Horsham 014C,Violence and sexual offences,Unable to prosecute suspect,
,2017-03,Sussex Police,Sussex Police,-0.276515,50.937451,On or near Fawn Rise,E01031643,Horsham 014D,Anti-social behaviour,,
,2017-03,Sussex Police,Sussex Police,-0.278939,50.931929,On or near Knowles Close,E01031643,Horsham 014D,Anti-social behaviour,,
70911cd9fc0121708c29feb763b1aa7ce6895306b205be36c3c9f481d5309ecd,2017-03,Sussex Police,Sussex Police,-0.278939,50.931929,On or near Knowles Close,E01031643,Horsham 014D,Criminal damage and arson,Investigation complete; no suspect identified,
523d9b7675417d22febb85f06936dea980acbab874607004d2ee9bca156c5764,2017-03,Sussex Police,Sussex Police,-0.281528,50.935061,On or near Gresham Place,E01031643,Horsham 014D,Other theft,Unable to prosecute suspect,
31b2925c6aa0fcd2cb36e671cdf7f18a8d4befae08c66219118449b1b2213832,2017-03,Sussex Police,Sussex Police,-0.274679,50.936282,On or near North Mead,E01031643,Horsham 014D,Violence and sexual offences,Status update unavailable,
072c7c63f19433cee1e27493d71e70a6dcab27aff14707a6b392b542efff0d5e,2017-03,Sussex Police,Sussex Police,-0.271868,50.936870,On or near London Road,E01031643,Horsham 014D,Violence and sexual offences,Further investigation is not in the public interest,
,2017-03,Sussex Police,Sussex Police,-0.334476,50.924164,On or near Spithandle Lane,E01031687,Horsham 014E,Anti-social behaviour,,
,2017-03,Sussex Police,Sussex Police,-0.327295,50.946256,On or near Park/Open Space,E01031687,Horsham 014E,Anti-social behaviour,,
,2017-03,Sussex Police,Sussex Police,-0.333802,50.890052,On or near Mill Road,E01031687,Horsham 014E,Anti-social behaviour,,
4e740f37f20629318c8171bb222e791082e128849f6fd165214cf5a8778287a5,2017-03,Sussex Police,Sussex Police,-0.328179,50.892238,On or near Sports/Recreation Area,E01031687,Horsham 014E,Burglary,Investigation complete; no suspect identified,
3d0f14e1a01f82dfac06f70e8f31f677b17f41ac765d2af0e3d2f4f8c4f9156a,2017-03,Sussex Police,Sussex Police,-0.343305,50.938391,On or near Honeybridge Lane,E01031687,Horsham 014E,Criminal damage and arson,Unable to prosecute suspect,
715e165fc06d950e56bfe20142f7608b0d285e76a18b633734f07b3001cca292,2017-03,Sussex Police,Sussex Police,-0.327676,50.893967,On or near Shooting Field,E01031687,Horsham 014E,Criminal damage and arson,Investigation complete; no suspect identified,
b01e8fa27ca82c47c464f7945fc86353b74b77ff8cb95b26c90b59a4dbb1bb40,2017-03,Sussex Police,Sussex Police,-0.343305,50.938391,On or near Honeybridge Lane,E01031687,Horsham 014E,Criminal damage and arson,Court result unavailable,
ccf2a6d97b1e53c02f5e1febcae1a7a8e80f42fad30602428da52149e715f3fd,2017-03,Sussex Police,Sussex Police,-0.327676,50.893967,On or near Shooting Field,E01031687,Horsham 014E,Other theft,Investigation complete; no suspect identified,
393107e1045614f3c5bc357b0772b6c2e8285aae7ec139dc405ab3e008331b0d,2017-03,Sussex Police,Sussex Police,-0.326273,50.895035,On or near St Cuthman'S Road,E01031687,Horsham 014E,Other theft,Investigation complete; no suspect identified,
d18a14ba7f7509ac69771f71067dd8f8fec34dcb1296405aacfea5f2515abc88,2017-03,Sussex Police,Sussex Police,-0.327676,50.893967,On or near Shooting Field,E01031687,Horsham 014E,Other theft,Investigation complete; no suspect identified,
c06fec20c82821bf7d17bbe2969559ba9c6e9b399fca6c4411804f9ac51ad1fa,2017-03,Sussex Police,Sussex Police,-0.332422,50.895653,On or near Horsham Road,E01031687,Horsham 014E,Other theft,Investigation complete; no suspect identified,
21f0c1aaa927c8fe5ce8c9c2684a0030f03db1c7b7457fac5e8f2bfaaae15529,2017-03,Sussex Police,Sussex Police,-0.322085,50.920533,On or near Horsham Road,E01031687,Horsham 014E,Public order,Further investigation is not in the public interest,
fc98eb3596c825161d8e6766be56e1191a0a04f580a0b464b940c099b550397e,2017-03,Sussex Police,Sussex Police,-0.324074,50.894886,On or near Farnefold Road,E01031687,Horsham 014E,Public order,Investigation complete; no suspect identified,
34859480387b777937583355990317ca663c9ed64d55f133144c41a112f956eb,2017-03,Sussex Police,Sussex Police,-0.326273,50.895035,On or near St Cuthman'S Road,E01031687,Horsham 014E,Violence and sexual offences,Action to be taken by another organisation,
b48684ba60c346800e59491cd81d7fa8e2b88642be6dd7c7e77f6ece5fe0a800,2017-03,Sussex Police,Sussex Police,-0.325905,50.894193,On or near Middle Mead,E01031687,Horsham 014E,Violence and sexual offences,Status update unavailable,
add6a0c90c9d5918bca95c25876c5468a692bd8c6492c8c9d0690dbb6dd128b8,2017-03,Sussex Police,Sussex Police,-0.326039,50.896003,On or near Toomey Road,E01031687,Horsham 014E,Violence and sexual offences,Unable to prosecute suspect,
3ac2e6512c3eb336877e8c69acd7b8b2a7fcb48675ed63f05c66b7981308833c,2017-03,Sussex Police,Sussex Police,-0.397288,50.925223,On or near London Road,E01031622,Horsham 015A,Other theft,Investigation complete; no suspect identified,
5213569cdfefcb71d9af06fe2baeca28d8f6288a700d5a40d530e0cac9cadf59,2017-03,Sussex Police,Sussex Police,-0.397288,50.925223,On or near London Road,E01031622,Horsham 015A,Other theft,Investigation complete; no suspect identified,
c5d851dc44976f1bf49473344e84dc2cb685c0ae211048c4fee57317dafb39ac,2017-03,Sussex Police,Sussex Police,-0.389269,50.932469,On or near Turnpike Way,E01031622,Horsham 015A,Other theft,Offender given penalty notice,
1453a4e53dbfdacd24f796872bcd9a37e60af7812bb43dd559b09798effc3239,2017-03,Sussex Police,Sussex Police,-0.397288,50.925223,On or near London Road,E01031622,Horsham 015A,Other theft,Investigation complete; no suspect identified,
c65274c90f6396fd615bf013a60633f0b9b9ad7faccb0be9f51cc88718e020d4,2017-03,Sussex Police,Sussex Police,-0.389603,50.930216,On or near Chanctonbury,E01031622,Horsham 015A,Violence and sexual offences,Status update unavailable,
0b3ceb70c1b7a012048310e93ba9b236ac3705ed215030d6539e168626e50b93,2017-03,Sussex Police,Sussex Police,-0.391496,50.931025,On or near Morleys,E01031624,Horsham 015B,Criminal damage and arson,Investigation complete; no suspect identified,
45a57264c16877e4c8431d52b2f696d2108d2f4b7cfdc52a4998c69d3ad5c193,2017-03,Sussex Police,Sussex Police,-0.396275,50.935236,On or near Meiros Road,E01031624,Horsham 015B,Public order,Unable to prosecute suspect,
665bd8bda22f5042c13cc09c8862a3e4f078e7587db7e6fe2dfc2b534c600c8d,2017-03,Sussex Police,Sussex Police,-0.396275,50.935236,On or near Meiros Road,E01031624,Horsham 015B,Violence and sexual offences,Investigation complete; no suspect identified,
,2017-03,Sussex Police,Sussex Police,-0.440084,50.932188,On or near Greenhurst Lane,E01031625,Horsham 015C,Anti-social behaviour,,
3d583cf2acbef2021de86504c6ccd133fc66d2d887846bf031c892b0f2a1c927,2017-03,Sussex Police,Sussex Police,-0.440084,50.932188,On or near Greenhurst Lane,E01031625,Horsham 015C,Burglary,Awaiting court outcome,
8a7a5207aee705a7524ced04ba8336dfaefd6d80aba64147139babfa3eaf1dbe,2017-03,Sussex Police,Sussex Police,-0.434697,50.935380,On or near Jacket'S Hill,E01031625,Horsham 015C,Other theft,Investigation complete; no suspect identified,
d8fbb7494f7d2955fc99859e8eb193640637889c6b55f8f6a066e7835857b0d7,2017-03,Sussex Police,Sussex Police,-0.432651,50.923005,On or near Hillside Walk,E01031625,Horsham 015C,Violence and sexual offences,Unable to prosecute suspect,
2910273d77eeef95e141e0cdcbd81ae9a8337beabab147c5896030e2e1e74f44,2017-03,Sussex Police,Sussex Police,-0.437449,50.940318,On or near Linfield Copse,E01031625,Horsham 015C,Violence and sexual offences,Further investigation is not in the public interest,
61919f5732dd00f2e19d4a75b90c654537e7fcb4b1a13acb1ad993f8ff6d2b4d,2017-03,Sussex Police,Sussex Police,-0.446382,50.937497,On or near Threal'S Lane,E01031625,Horsham 015C,Violence and sexual offences,Unable to prosecute suspect,
3ecc0ca5081db939974260b19d0073d18b82a759d1a300f9f5e7b1a9b783a15f,2017-03,Sussex Police,Sussex Police,-0.448877,50.910838,On or near Chantry Lane,E01031628,Horsham 015D,Burglary,Investigation complete; no suspect identified,
8703763080b8eb596d2e712f13524e425893740358c507a34b9e8131a9a3f7b6,2017-03,Sussex Police,Sussex Police,-0.442742,50.922493,On or near Oak Close,E01031628,Horsham 015D,Burglary,Investigation complete; no suspect identified,
25b45a2c9f0cabea985d5a6885b97284212290342e373c6a2efb281cacabc55e,2017-03,Sussex Police,Sussex Police,-0.411324,50.882437,On or near Horsham Road,E01031628,Horsham 015D,Other theft,Investigation complete; no suspect identified,
ab80b6765a686659c477123abf7f240237e0609043a433c31cd7a3fb88c48f3c,2017-03,Sussex Police,Sussex Police,-0.437065,50.910582,On or near Sullington Lane,E01031628,Horsham 015D,Other theft,Status update unavailable,
90316cb3517009636061f418714e65778dfabdea8ea14093aa67f9342fec367c,2017-03,Sussex Police,Sussex Police,-0.444170,50.923186,On or near Banks Croft,E01031628,Horsham 015D,Violence and sexual offences,Further investigation is not in the public interest,
b5743a1fccddd8241d48ef427f9a4c6a88913f1677f6b7a1267443d52afa7824,2017-03,Sussex Police,Sussex Police,-0.440695,50.924129,On or near Beech Grove,E01031628,Horsham 015D,Violence and sexual offences,Status update unavailable,
,2017-03,Sussex Police,Sussex Police,-0.406328,50.909699,On or near Sandhill Lane,E01031629,Horsham 015E,Anti-social behaviour,,
f2758161c20d3ae8bd59a6c53f4af922c892f6ab5c993149fc7328fdb902fcbc,2017-03,Sussex Police,Sussex Police,-0.426634,50.917061,On or near Badgers Holt,E01031629,Horsham 015E,Other theft,Investigation complete; no suspect identified,
fa104d7c8e83ef785fd2331a45c3efce62ae94a3bd3cc68b491d9b68c12d2542,2017-03,Sussex Police,Sussex Police,-0.406328,50.909699,On or near Sandhill Lane,E01031629,Horsham 015E,Violence and sexual offences,Further investigation is not in the public interest,
,2017-03,Sussex Police,Sussex Police,-0.298584,50.885345,On or near Smugglers Lane,E01031616,Horsham 016A,Anti-social behaviour,,
,2017-03,Sussex Police,Sussex Police,-0.299823,50.883330,On or near Hyde Square,E01031616,Horsham 016A,Anti-social behaviour,,
5ac3e963723e702819ad8f7e2c7b87f7c6ad8393dd0dee2b76573f6b3f4185b8,2017-03,Sussex Police,Sussex Police,-0.300670,50.882335,On or near Hyde Lane,E01031616,Horsham 016A,Criminal damage and arson,Investigation complete; no suspect identified,
,2017-03,Sussex Police,Sussex Police,-0.300504,50.880237,On or near Shoreham Road,E01031617,Horsham 016B,Anti-social behaviour,,
,2017-03,Sussex Police,Sussex Police,-0.303815,50.886545,On or near Tudor Drive,E01031617,Horsham 016B,Anti-social behaviour,,
,2017-03,Sussex Police,Sussex Police,-0.297643,50.868262,On or near Dacre Gardens,E01031617,Horsham 016B,Anti-social behaviour,,
e034b137c049cc6d234136cd2c0aed6cf86e2ee721d30e7ed33a29bbb9dff449,2017-03,Sussex Police,Sussex Police,-0.326877,50.880555,On or near The Ridings,E01031617,Horsham 016B,Other theft,Investigation complete; no suspect identified,
7182ed1c76a3839806df0c9579417551ce91dcede825fcdc25bb4c6932785408,2017-03,Sussex Police,Sussex Police,-0.297643,50.868262,On or near Dacre Gardens,E01031617,Horsham 016B,Violence and sexual offences,Unable to prosecute suspect,
3f19021434143a17f25f44a19ec6382255b0a697736b2ecd56bf9e59935762ea,2017-03,Sussex Police,Sussex Police,-0.327221,50.888798,On or near Church Street,E01031684,Horsham 016C,Criminal damage and arson,Investigation complete; no suspect identified,
82f80d25bc49cddcdb9986a57116b4b698fa420e31dd318a2ac7ff90e3079b58,2017-03,Sussex Police,Sussex Police,-0.322894,50.893287,On or near Canons Way,E01031684,Horsham 016C,Drugs,Offender given a drugs possession warning,
f56ee1fd7f4d4f66c1568b68454f9fb3395ac7fa2c0539f5613fd82decbab2a4,2017-03,Sussex Police,Sussex Police,-0.322668,50.890478,On or near Church Mead,E01031684,Horsham 016C,Violence and sexual offences,Investigation complete; no suspect identified,
45c73035537b45b666686640a046560a7213e06c9af7a6b86ac3c1276c2f9046,2017-03,Sussex Police,Sussex Police,-0.316339,50.888561,On or near Saxon Road,E01031684,Horsham 016C,Violence and sexual offences,Status update unavailable,
,2017-03,Sussex Police,Sussex Police,-0.323892,50.886484,On or near Castle Lane,E01031685,Horsham 016D,Anti-social behaviour,,
,2017-03,Sussex Police,Sussex Police,-0.325929,50.883600,On or near Clays Hill,E01031685,Horsham 016D,Anti-social behaviour,,
,2017-03,Sussex Police,Sussex Police,-0.324238,50.887937,On or near Jarvis Lane,E01031685,Horsham 016D,Anti-social behaviour,,
,2017-03,Sussex Police,Sussex Police,-0.330787,50.888876,On or near Charlton Street,E01031685,Horsham 016D,Anti-social behaviour,,
,2017-03,Sussex Police,Sussex Police,-0.329839,50.891129,On or near Breach Close,E01031685,Horsham 016D,Anti-social behaviour,,
89872f6732553d986964759624179d66284e93b71d49ddbb443c245fafbd5f92,2017-03,Sussex Police,Sussex Police,-0.323001,50.889133,On or near Cripps Lane,E01031685,Horsham 016D,Burglary,Awaiting court outcome,
d284e01f996d6f6893a6add56186d304c445becad84615c28f5225f47971eb89,2017-03,Sussex Police,Sussex Police,-0.323413,50.885965,On or near Goring Road,E01031685,Horsham 016D,Burglary,Awaiting court outcome,
18c6862d5fd534fbdf949298b4508de0e5f3d4cbf3bae2b494738f29c67d8cc7,2017-03,Sussex Police,Sussex Police,-0.326147,50.885060,On or near The Crescent,E01031685,Horsham 016D,Burglary,Investigation complete; no suspect identified,
2a0655aafbaed3c8321682d172d5ea4f0b3f5d6fce5828e63f881411e9e6618f,2017-03,Sussex Police,Sussex Police,-0.329737,50.888816,On or near High Street,E01031685,Horsham 016D,Criminal damage and arson,Investigation complete; no suspect identified,
6b17574eab003cb58c0dda6bdbf213130c80b8eaf1b90b5a6b9b46c243ac1073,2017-03,Sussex Police,Sussex Police,-0.328306,50.888274,On or near Bank Passage,E01031685,Horsham 016D,Criminal damage and arson,Investigation complete; no suspect identified,
e06a2eefe8cd9af9ae9db83ae2c07497bc93162b37291bf30b07c1a2545bcecd,2017-03,Sussex Police,Sussex Police,-0.328306,50.888274,On or near Bank Passage,E01031685,Horsham 016D,Criminal damage and arson,Investigation complete; no suspect identified,
c1b871cb73cddf90685c964d9aaf31269a624ee0d3e05ee4cc3188b91610a597,2017-03,Sussex Police,Sussex Police,-0.330804,50.892393,On or near Coxham Lane,E01031685,Horsham 016D,Other theft,Investigation complete; no suspect identified,
56407d07719b3596ca578d44e2849257c90b3964a79e6c165bc292aa712bf10b,2017-03,Sussex Police,Sussex Police,-0.333389,50.890856,On or near Sir George'S Place,E01031685,Horsham 016D,Violence and sexual offences,Offender given a caution,
38c9dbd8a5fd85f716520a0e5d987c9dd55aef0686b2f8bc7ae25901a46e7d0c,2017-03,Sussex Police,Sussex Police,-0.330352,50.887926,On or near Police Station,E01031685,Horsham 016D,Violence and sexual offences,Unable to prosecute suspect,
8d74f6d4013fc38be6ff5a088dcbcf65934a19d0c5fc47fccb84694c6781f438,2017-03,Sussex Police,Sussex Police,-0.329676,50.888546,On or near Supermarket,E01031685,Horsham 016D,Violence and sexual offences,Local resolution,
,2017-03,Sussex Police,Sussex Police,-0.330884,50.884966,On or near Ingram Road,E01031686,Horsham 016E,Anti-social behaviour,,
2c8c56d3ff4f58b07ce8ccd63737c7d3e56bbf4fedd3876f5339bb93c4dea6a9,2017-03,Sussex Police,Sussex Police,-0.335288,50.885055,On or near Laines Road,E01031686,Horsham 016E,Burglary,Investigation complete; no suspect identified,
0bfc1ed32c22de531064f0746fa3582521188840d06aa79c942054f2a980b13a,2017-03,Sussex Police,Sussex Police,-0.334859,50.881146,On or near Bostal Road,E01031686,Horsham 016E,Criminal damage and arson,Investigation complete; no suspect identified,
7bc1bce119cf6a24ba320c291c8a0e071785c5497e11d73de83546d2a21ed397,2017-03,Sussex Police,Sussex Police,-0.294396,51.394486,On or near Parklands,E01002921,Kingston upon Thames 011A,Other theft,Investigation complete; no suspect identified,
daf2db882fef3aa58ac607a22eb5c4617e43ae891cec2bf09e1975ad0a0a96c1,2017-03,Sussex Police,Sussex Police,-0.306949,51.393212,On or near St Philip'S Road,E01002989,Kingston upon Thames 011D,Vehicle crime,Investigation complete; no suspect identified,
,2017-03,Sussex Police,Sussex Police,0.019244,50.926433,On or near School Field,E01021022,Lewes 001A,Anti-social behaviour,,
,2017-03,Sussex Police,Sussex Police,-0.007794,50.903776,On or near Little Mead,E01021022,Lewes 001A,Anti-social behaviour,,
4ba77ffa1081016c76791ac834cf4f53f08ec41ee5ec48dee8e475ec45c4c830,2017-03,Sussex Police,Sussex Police,0.020213,50.924186,On or near Parking Area,E01021022,Lewes 001A,Criminal damage and arson,Investigation complete; no suspect identified,
6c1b89fc3a527f8784e84e69991c102c24cc85155ea0bb082a6a813c10e54232,2017-03,Sussex Police,Sussex Police,0.022015,50.923067,On or near Monger'S Mead,E01021022,Lewes 001A,Criminal damage and arson,Unable to prosecute suspect,
e6405d8854186a3ba0082df679f5c0bb7b6ed3ce0f0a5ef7123270cc835c007c,2017-03,Sussex Police,Sussex Police,-0.006935,50.892582,On or near The Drove,E01021022,Lewes 001A,Other theft,Investigation complete; no suspect identified,
596a6638ccc2e0c33230393cf51dd6923ffd66cf60bb0a06543638988eb58bf8,2017-03,Sussex Police,Sussex Police,0.018288,50.924076,On or near The Grange,E01021022,Lewes 001A,Vehicle crime,Investigation complete; no suspect identified,
98d6f2d506f8a19442059afdc818ca6e1c4804f686c3f516142dcf3679d841fa,2017-03,Sussex Police,Sussex Police,0.022015,50.923067,On or near Monger'S Mead,E01021022,Lewes 001A,Vehicle crime,Investigation complete; no suspect identified,
96b378527c1b1f740a41b0bf7423341cbfaa9233f85fb71aee53894570f7b732,2017-03,Sussex Police,Sussex Police,0.019244,50.926433,On or near School Field,E01021022,Lewes 001A,Violence and sexual offences,Unable to prosecute suspect,
bad5593e85f19bfa099d2670036cba38ab94ab9865f188912a79d77380a348f5,2017-03,Sussex Police,Sussex Police,0.027696,50.936890,On or near Spithurst Road,E01021022,Lewes 001A,Violence and sexual offences,Unable to prosecute suspect,
,2017-03,Sussex Police,Sussex Police,-0.020108,50.945409,On or near Setfords Field,E01021024,Lewes 001B,Anti-social behaviour,,
d5ec67d77563e2c079782300326444dc1f65c02535d86946a474881e17ab5c25,2017-03,Sussex Police,Sussex Police,-0.020108,50.945409,On or near Setfords Field,E01021024,Lewes 001B,Other theft,Investigation complete; no suspect identified,
67da33cc2f63be22838f1fb169c23b85242519b7d632b13a07b262603606b2e0,2017-03,Sussex Police,Sussex Police,-0.021865,50.939908,On or near Brickyard Lane,E01021024,Lewes 001B,Other theft,Investigation complete; no suspect identified,
9858f80248e1a18822fb0c7dae87f0a49d363b8a416306c8cb754944d364092c,2017-03,Sussex Police,Sussex Police,-0.020070,50.937917,On or near Grantham Close,E01021024,Lewes 001B,Violence and sexual offences,Unable to prosecute suspect,
,2017-03,Sussex Police,Sussex Police,-0.018866,50.980642,On or near Warrs Hill Lane,E01021025,Lewes 001C,Anti-social behaviour,,
c8ccaa82863c66c3b3329a35ac8a4ebb9bd0186862760764956a7ad8141e2768,2017-03,Sussex Police,Sussex Police,-0.016611,50.972384,On or near Station Road,E01021025,Lewes 001C,Burglary,Investigation complete; no suspect identified,
ee368b7485b11daea85adecbd6f08dfd7aa30c8673b5965657996ce8d26aa3d7,2017-03,Sussex Police,Sussex Police,-0.018866,50.980642,On or near Warrs Hill Lane,E01021025,Lewes 001C,Burglary,Investigation complete; no suspect identified,
dbd127a14967a650086c61c3060b7fd0271955d5d81863eb905f6c2deebc27ce,2017-03,Sussex Police,Sussex Police,-0.018866,50.980642,On or near Warrs Hill Lane,E01021025,Lewes 001C,Criminal damage and arson,Investigation complete; no suspect identified,
5987e9fddc927a7f66fd5942adfd3f517b3ae4473366d37582f0e681afeb01ce,2017-03,Sussex Police,Sussex Police,-0.019957,50.960021,On or near A275,E01021025,Lewes 001C,Violence and sexual offences,Status update unavailable,
7057dec9d22817208e4ab9b405b1ce505f131bd1b1defbcaaadcf03d699d1918,2017-03,Sussex Police,Sussex Police,-0.002922,50.970388,On or near Great Rough,E01021025,Lewes 001C,Violence and sexual offences,Unable to prosecute suspect,
b621ce004a639c79387ae4e92593d4a2db3e9009208f67e7fae61bfda65c7376,2017-03,Sussex Police,Sussex Police,-0.041096,50.972042,On or near Park/Open Space,E01021025,Lewes 001C,Violence and sexual offences,Unable to prosecute suspect,
a221e33515de90acb484eeb75f8602ede9d678da56fe90f9604539fb233496e8,2017-03,Sussex Police,Sussex Police,0.012422,50.973767,On or near Godden Road,E01021052,Lewes 001D,Burglary,Investigation complete; no suspect identified,
adb703980c87e91a944aab5abe91334e96eca867c255e234439d1fd328d18782,2017-03,Sussex Police,Sussex Police,0.007712,50.971258,On or near The Ridings,E01021052,Lewes 001D,Other crime,Investigation complete; no suspect identified,
b281fd05b6892d3c89d25a19c2ea70556d9cac0b14d2b09ca88a59a134443bcf,2017-03,Sussex Police,Sussex Police,0.020885,50.971858,On or near Bannisters Field,E01021053,Lewes 001E,Criminal damage and arson,Offender given community sentence,
040e4c3e7ebe0b6d4ab4d0ff911484043db6b6d8e3a51d62ec677c9507264af6,2017-03,Sussex Police,Sussex Police,0.020885,50.971858,On or near Bannisters Field,E01021053,Lewes 001E,Criminal damage and arson,Offender given community sentence,
1af88dd112d9a8b6561b335f148e75cdafcda2ae5afc793b21ccf5d26d9774a2,2017-03,Sussex Police,Sussex Police,0.020885,50.971858,On or near Bannisters Field,E01021053,Lewes 001E,Violence and sexual offences,Offender given community sentence,
9fd496126d2f4bdf913e9685564ff3f79b91f0adbe7516b4beff20eab093f773,2017-03,Sussex Police,Sussex Police,0.019110,50.976233,On or near Alexander Mead,E01021053,Lewes 001E,Violence and sexual offences,Investigation complete; no suspect identified,
3d67a317be0dd23fb5a0cc78f59dce2c2a7c5cff6f720d0bb37b67818a7331b6,2017-03,Sussex Police,Sussex Police,0.020885,50.971858,On or near Bannisters Field,E01021053,Lewes 001E,Violence and sexual offences,Offender given community sentence,
c2c07c96796614a9e6fae77555298f5cceeac0557c3e24a2f57de3b88fd494aa,2017-03,Sussex Police,Sussex Police,0.019019,50.974139,On or near The Green,E01021053,Lewes 001E,Other crime,Investigation complete; no suspect identified,
dcccad5015ed25182082fad722f68c6886aa891f5662adcd264b664cb9c8ddb4,2017-03,Sussex Police,Sussex Police,-0.074769,50.962727,On or near Coppards Close,E01021023,Lewes 002A,Other theft,Investigation complete; no suspect identified,
e044462aeaf3052bf732b69d1c5b21842f23917a4d325d78143ecdc0ea5e46c0,2017-03,Sussex Police,Sussex Police,-0.090937,50.967156,On or near Petrol Station,E01021023,Lewes 002A,Violence and sexual offences,Status update unavailable,
6b3b90122a82c7101767ab5c50fb010ca3c23d648e9538f474aa4be985cefc52,2017-03,Sussex Police,Sussex Police,-0.074769,50.962727,On or near Coppards Close,E01021023,Lewes 002A,Violence and sexual offences,Unable to prosecute suspect,
,2017-03,Sussex Police,Sussex Police,-0.095511,50.955603,On or near Park/Open Space,E01021026,Lewes 002B,Anti-social behaviour,,
,2017-03,Sussex Police,Sussex Police,-0.112001,50.920428,On or near Fieldway,E01021026,Lewes 002B,Anti-social behaviour,,
184404ff113bf3c7ef1af6482683204ad9a2a9d8353ceb144d7a92632a6666d2,2017-03,Sussex Police,Sussex Police,-0.098234,50.906318,On or near The Street,E01021026,Lewes 002B,Burglary,Investigation complete; no suspect identified,
85a940e97e0cce363246da806242133d41300b7d108cb2c6587a96a9012f94a4,2017-03,Sussex Police,Sussex Police,-0.110883,50.921687,On or near Brangwyns Acre,E01021026,Lewes 002B,Criminal damage and arson,Investigation complete; no suspect identified,
eb0910e2032b1dfc1bb0153b39a46058bb068add04e4798fbc49eb07b8fdf769,2017-03,Sussex Police,Sussex Police,-0.116237,50.921216,On or near West Street,E01021026,Lewes 002B,Other theft,Investigation complete; no suspect identified,
fc05c60470a3afc068af7e93493d240a4275719a7a5b2a6b7ec7a6b9bf246f9b,2017-03,Sussex Police,Sussex Police,-0.114058,50.920227,On or near Parking Area,E01021026,Lewes 002B,Vehicle crime,Investigation complete; no suspect identified,
7734fee43851b18f8b17e162a318aff60ad9637aae16c8e0bc4ad0e682a6cbc4,2017-03,Sussex Police,Sussex Police,-0.114823,50.921714,On or near High Street,E01021026,Lewes 002B,Vehicle crime,Investigation complete; no suspect identified,
e592db1657498d16bbbd2c513fc505daa9c714b5d6ab638caf5f9b5244527291,2017-03,Sussex Police,Sussex Police,-0.114823,50.921714,On or near High Street,E01021026,Lewes 002B,Violence and sexual offences,Formal action is not in the public interest,
ed9ccbefc2a7cbc2f428003aa7d5109fa53a7087a2cbfb9b859d2edfe6bb6036,2017-03,Sussex Police,Sussex Police,-0.110883,50.921687,On or near Brangwyns Acre,E01021026,Lewes 002B,Violence and sexual offences,Unable to prosecute suspect,
,2017-03,Sussex Police,Sussex Police,-0.026232,50.863960,On or near Ashcombe Hollow,E01021032,Lewes 002C,Anti-social behaviour,,
,2017-03,Sussex Police,Sussex Police,-0.077493,50.858727,On or near The Drove,E01021032,Lewes 002C,Anti-social behaviour,,
8ecda6ad99ee95757c8618afe1c4b0e7642f275dbdbd1dd54199220cbc8cc6c7,2017-03,Sussex Police,Sussex Police,-0.022690,50.856993,On or near Barn Close,E01021032,Lewes 002C,Criminal damage and arson,Investigation complete; no suspect identified,
4d6e07c250618433119e788476affca993d5075f5285b2ee30ab3de8c5ffed68,2017-03,Sussex Police,Sussex Police,-0.082417,50.864438,On or near Southern Ring Road,E01021032,Lewes 002C,Other theft,Awaiting court outcome,
7992de6c250a45903e73829deaa10b73bae15e7aa8e2c430254942323742adc7,2017-03,Sussex Police,Sussex Police,0.034945,50.808749,On or near Court Farm Close,E01021032,Lewes 002C,Other theft,Investigation complete; no suspect identified,
83ef1a3cc367dcf509e0d001ddf0d745bb62a4630ca929a2188bb2ce8cb3e80c,2017-03,Sussex Police,Sussex Police,-0.026232,50.863960,On or near Ashcombe Hollow,E01021032,Lewes 002C,Other theft,Investigation complete; no suspect identified,
de6b0240bf652cc363391eb052d162ca4f140d299f90a2656ab69e1929203cb6,2017-03,Sussex Police,Sussex Police,-0.046655,50.865626,On or near Petrol Station,E01021032,Lewes 002C,Public order,Investigation complete; no suspect identified,
f7419a0fee7112f4fba7e871cffd16ab16ee23ce289d20cbf458c5bcbef64c86,2017-03,Sussex Police,Sussex Police,-0.023877,50.856141,On or near The Street,E01021032,Lewes 002C,Public order,Unable to prosecute suspect,
192757d024261af182f63f6c6f08aa634f05a62d2e9e63ba6d67587cdaa2b723,2017-03,Sussex Police,Sussex Police,-0.076283,50.920555,On or near Streat Forge,E01021068,Lewes 002E,Burglary,Investigation complete; no suspect identified,
2cf6dac10974c5db5bbfa0deb2eecf9b199d89a53abf82d2ca6f2a8a7774ee37,2017-03,Sussex Police,Sussex Police,-0.063282,50.946520,On or near St. Helena Lane,E01021068,Lewes 002E,Public order,Status update unavailable,
df39bd6566ed7c576d05d4304bf106793370c3608bbda443cfdabaf47dda6386,2017-03,Sussex Police,Sussex Police,-0.069601,50.904967,On or near Further/Higher Educational Building,E01021068,Lewes 002E,Violence and sexual offences,Status update unavailable,
,2017-03,Sussex Police,Sussex Police,0.021132,50.877404,On or near Petrol Station,E01021033,Lewes 003A,Anti-social behaviour,,
4cc40298fa36b0aaea5d9ec8e642b803ce83bed97e9ced1a633e1a8274feca09,2017-03,Sussex Police,Sussex Police,0.021132,50.877404,On or near Petrol Station,E01021033,Lewes 003A,Other theft,Unable to prosecute suspect,
e58e32c5cbf7d541912139026d7db8ace8ebe799730072b5b43f763d05995641,2017-03,Sussex Police,Sussex Police,0.017255,50.874521,On or near North Court,E01021033,Lewes 003A,Other theft,Investigation complete; no suspect identified,
b01b6bbe3eb451cfb2bf6aaad8d13f78a249f029d86e59fcb4a59d4322c5769f,2017-03,Sussex Police,Sussex Police,0.021132,50.877404,On or near Petrol Station,E01021033,Lewes 003A,Other theft,Investigation complete; no suspect identified,
9824f2cc733b06715a50eb02c40b022921d57a6bc6705947f36eb0adaa2d5c9d,2017-03,Sussex Police,Sussex Police,0.016612,50.883328,On or near Queen'S Road,E01021033,Lewes 003A,Other theft,Court result unavailable,
3047b6142cf83944f47cfee80e2adaaf09c9c00dca38cc60361af033625a69b2,2017-03,Sussex Police,Sussex Police,0.015292,50.881741,On or near The Martlets,E01021033,Lewes 003A,Public order,Unable to prosecute suspect,
986d7eeb26c0e091865f390cbd828e7700c8f22c0e07c3ab1af949c25b8e129c,2017-03,Sussex Police,Sussex Police,0.021132,50.877404,On or near Petrol Station,E01021033,Lewes 003A,Shoplifting,Investigation complete; no suspect identified,
6ac4057e9613b2515df4d4a2174a7c1f24421d656a81adb52057784bcd4ea7be,2017-03,Sussex Police,Sussex Police,0.021132,50.877404,On or near Petrol Station,E01021033,Lewes 003A,Violence and sexual offences,Investigation complete; no suspect identified,
c3c9882aa2ff26a9b97ca1ac1bd567723c8f738540c0dfddd82f72a974493342,2017-03,Sussex Police,Sussex Police,0.016472,50.879103,On or near South Downs Road,E01021033,Lewes 003A,Other crime,Unable to prosecute suspect,
,2017-03,Sussex Police,Sussex Police,0.017079,50.878014,On or near Petrol Station,E01021034,Lewes 003B,Anti-social behaviour,,
,2017-03,Sussex Police,Sussex Police,0.017079,50.878014,On or near Petrol Station,E01021034,Lewes 003B,Anti-social behaviour,,
,2017-03,Sussex Police,Sussex Police,0.017079,50.878014,On or near Petrol Station,E01021034,Lewes 003B,Anti-social behaviour,,
,2017-03,Sussex Police,Sussex Police,0.017079,50.878014,On or near Petrol Station,E01021034,Lewes 003B,Anti-social behaviour,,
,2017-03,Sussex Police,Sussex Police,0.012187,50.882262,On or near Police Station,E01021034,Lewes 003B,Anti-social behaviour,,
,2017-03,Sussex Police,Sussex Police,0.012187,50.882262,On or near Police Station,E01021034,Lewes 003B,Anti-social behaviour,,
,2017-03,Sussex Police,Sussex Police,0.012187,50.882262,On or near Police Station,E01021034,Lewes 003B,Anti-social behaviour,,
,2017-03,Sussex Police,Sussex Police,0.012187,50.882262,On or near Police Station,E01021034,Lewes 003B,Anti-social behaviour,,
,2017-03,Sussex Police,Sussex Police,0.012187,50.882262,On or near Police Station,E01021034,Lewes 003B,Anti-social behaviour,,
,2017-03,Sussex Police,Sussex Police,0.012187,50.882262,On or near Police Station,E01021034,Lewes 003B,Anti-social behaviour,,
,2017-03,Sussex Police,Sussex Police,0.010675,50.884132,On or near Lambert Place,E01021034,Lewes 003B,Anti-social behaviour,,
,2017-03,Sussex Police,Sussex Police,0.009355,50.884514,On or near Harvard Close,E01021034,Lewes 003B,Anti-social behaviour,,
174c9c7fd5f679fc91eeac37549d406e1b66fd514a370d485d9ae8bc49495934,2017-03,Sussex Police,Sussex Police,0.016883,50.877756,On or near Brooks Road,E01021034,Lewes 003B,Other theft,Investigation complete; no suspect identified,
27990c1a1fdef7be093c112837c48a4b70bddfa29730d316256bb1c0f7cb4552,2017-03,Sussex Police,Sussex Police,0.012187,50.882262,On or near Police Station,E01021034,Lewes 003B,Other theft,Investigation complete; no suspect identified,
f1c4e9134ac07f87a3e7704d4e965a83ad0998ada7e632183df1fb6da8baede0,2017-03,Sussex Police,Sussex Police,0.012187,50.882262,On or near Police Station,E01021034,Lewes 003B,Other theft,Investigation complete; no suspect identified,
0692f5e0a55c4af03eae32414f48817dd5760a3e37f16bbba3fea80fd40d7cc0,2017-03,Sussex Police,Sussex Police,0.016883,50.877756,On or near Brooks Road,E01021034,Lewes 003B,Other theft,Investigation complete; no suspect identified,
01259b50a4d44e4ea139133f3900d48a165ea67b8de3990af9b62eb79599d1fb,2017-03,Sussex Police,Sussex Police,0.012187,50.882262,On or near Police Station,E01021034,Lewes 003B,Public order,Investigation complete; no suspect identified,
9954a5d160597bbb82cef1b1080685fe4c6971522d644f327fee71125f520374,2017-03,Sussex Police,Sussex Police,0.012187,50.882262,On or near Police Station,E01021034,Lewes 003B,Public order,Unable to prosecute suspect,
e05e5a2c8acf81abdc73586d1af14cf6a22bb8efcc4b0afbdb82461a25bd9d8a,2017-03,Sussex Police,Sussex Police,0.012187,50.882262,On or near Police Station,E01021034,Lewes 003B,Public order,Investigation complete; no suspect identified,
df988b5f96af572aa71ce219e5aa9b9f15a4135d755cb7fa137fb182587129e7,2017-03,Sussex Police,Sussex Police,0.016883,50.877756,On or near Brooks Road,E01021034,Lewes 003B,Shoplifting,Investigation complete; no suspect identified,
8a8ca3b3289ed9e422ff946e2f620787c5b6046a2834ed8a344efe7cea95aaeb,2017-03,Sussex Police,Sussex Police,0.016883,50.877756,On or near Brooks Road,E01021034,Lewes 003B,Shoplifting,Investigation complete; no suspect identified,
cab8c5b7c65f93c862bc8f14b63c8a61e772196bdaa41fe2b5360f6d3fef5e0b,2017-03,Sussex Police,Sussex Police,0.012187,50.882262,On or near Police Station,E01021034,Lewes 003B,Shoplifting,Unable to prosecute suspect,
ee8f6216371514c5e73e1de1ec2c6d769c6699bd4a39629cab1938fe4540ab80,2017-03,Sussex Police,Sussex Police,0.016883,50.877756,On or near Brooks Road,E01021034,Lewes 003B,Shoplifting,Investigation complete; no suspect identified,
d034ed24ccc93615f1cf4fbbe3eac2a8fa8c39573d948628d87d2e055dcef654,2017-03,Sussex Police,Sussex Police,0.016883,50.877756,On or near Brooks Road,E01021034,Lewes 003B,Shoplifting,Local resolution,
72eafacac0fe2918dcaa2adfb12305b76ee38b3228d2f5a665b8437e8cde4b21,2017-03,Sussex Police,Sussex Police,0.016883,50.877756,On or near Brooks Road,E01021034,Lewes 003B,Theft from the person,Investigation complete; no suspect identified,
2839d400207ae711e0904fcd2b46603a1dbbbf3c7d6c3981c23f7b20bd123c89,2017-03,Sussex Police,Sussex Police,0.012187,50.882262,On or near Police Station,E01021034,Lewes 003B,Violence and sexual offences,Status update unavailable,
8362af9a89332c9ad0dc6404f8ff7d2b48b6045cd690508f5a8937a5dd0ebda7,2017-03,Sussex Police,Sussex Police,0.008259,50.883166,On or near Beckett Way,E01021034,Lewes 003B,Violence and sexual offences,Unable to prosecute suspect,
8de69bc38f1461ec17c3e8082a71da0a20333ff202e2218494a59429295e38b3,2017-03,Sussex Police,Sussex Police,0.016883,50.877756,On or near Brooks Road,E01021034,Lewes 003B,Violence and sexual offences,Unable to prosecute suspect,
,2017-03,Sussex Police,Sussex Police,0.020153,50.873176,On or near Timber Yard Cottages,E01021035,Lewes 003C,Anti-social behaviour,,
,2017-03,Sussex Police,Sussex Police,0.019762,50.872994,On or near Hillman Close,E01021035,Lewes 003C,Anti-social behaviour,,
,2017-03,Sussex Police,Sussex Police,0.017112,50.873849,On or near Shopping Area,E01021035,Lewes 003C,Anti-social behaviour,,
,2017-03,Sussex Police,Sussex Police,0.017112,50.873849,On or near Shopping Area,E01021035,Lewes 003C,Anti-social behaviour,,
,2017-03,Sussex Police,Sussex Police,0.014588,50.874657,On or near Eastgate Wharf,E01021035,Lewes 003C,Anti-social behaviour,,
,2017-03,Sussex Police,Sussex Police,0.014588,50.874657,On or near Eastgate Wharf,E01021035,Lewes 003C,Anti-social behaviour,,
,2017-03,Sussex Police,Sussex Police,0.014588,50.874657,On or near Eastgate Wharf,E01021035,Lewes 003C,Anti-social behaviour,,
,2017-03,Sussex Police,Sussex Police,0.011794,50.871486,On or near Parking Area,E01021035,Lewes 003C,Anti-social behaviour,,
,2017-03,Sussex Police,Sussex Police,0.010969,50.872471,On or near Station Street,E01021035,Lewes 003C,Anti-social behaviour,,
,2017-03,Sussex Police,Sussex Police,0.010969,50.872471,On or near Station Street,E01021035,Lewes 003C,Anti-social behaviour,,
f1bef726a243ef88eb131376f5fe1e58d45c2a64ec8beb67d4f3e17b6bf708c5,2017-03,Sussex Police,Sussex Police,0.011794,50.871486,On or near Parking Area,E01021035,Lewes 003C,Criminal damage and arson,Investigation complete; no suspect identified,
fe8a35c172aa128c7184d7a115c702135d27257dd65d42179eca4695909a8d6d,2017-03,Sussex Police,Sussex Police,0.012854,50.873671,On or near Shopping Area,E01021035,Lewes 003C,Other theft,Investigation complete; no suspect identified,
ccb6f2e81947b8b84b3602ab7049e25fe1ff79a8a0caa99b273f6a95ab9bae32,2017-03,Sussex Police,Sussex Police,0.010969,50.872471,On or near Station Street,E01021035,Lewes 003C,Other theft,Investigation complete; no suspect identified,
9fb66c1742deaa21b810cdb3f136d9b18bdc3f9af5ce7bbbc84d26e0a7cb707e,2017-03,Sussex Police,Sussex Police,0.017112,50.873849,On or near Shopping Area,E01021035,Lewes 003C,Other theft,Investigation complete; no suspect identified,
675bbbd1b54d30e4c59b060a547054d17d0f3fa054d28b6692312a665fb376c5,2017-03,Sussex Police,Sussex Police,0.014588,50.874657,On or near Eastgate Wharf,E01021035,Lewes 003C,Other theft,Investigation complete; no suspect identified,
b81dfdae2a9215ea9f3084a3bce0e0ae1691dea423240f64bccb82f8c4806321,2017-03,Sussex Police,Sussex Police,0.021554,50.872369,On or near Parking Area,E01021035,Lewes 003C,Other theft,Investigation complete; no suspect identified,
22c502018b0fe409525fe91b0975cfaa6807054c15307f06e879946a6bf18121,2017-03,Sussex Police,Sussex Police,0.011346,50.873967,On or near Market Street,E01021035,Lewes 003C,Other theft,Status update unavailable,
aaa9b2efbd4d1f94601148473cdd1e7431dcbc0ea89d38dfc61c00c4d3ccd6dd,2017-03,Sussex Police,Sussex Police,0.015318,50.873439,On or near Parking Area,E01021035,Lewes 003C,Public order,Investigation complete; no suspect identified,
76053d61e9598616beff1c6f3f5a69beff14f55b69d4d2afdfcadba536aec63b,2017-03,Sussex Police,Sussex Police,0.014588,50.874657,On or near Eastgate Wharf,E01021035,Lewes 003C,Shoplifting,Status update unavailable,
add30c3c9f81fdd5890cca29c164d9c456bc2c6f5ba709d15eb4d937258697e9,2017-03,Sussex Police,Sussex Police,0.014588,50.874657,On or near Eastgate Wharf,E01021035,Lewes 003C,Shoplifting,Investigation complete; no suspect identified,
66db47c1331a79a63718a810e694f11df2cf6c0039950366f6a5306a2e08192d,2017-03,Sussex Police,Sussex Police,0.012854,50.873671,On or near Shopping Area,E01021035,Lewes 003C,Shoplifting,Unable to prosecute suspect,
54d3d45abf2a2d20f0f550d2c19bda33a4f8dd23727d66575a861d2b8b44fc12,2017-03,Sussex Police,Sussex Police,0.014588,50.874657,On or near Eastgate Wharf,E01021035,Lewes 003C,Shoplifting,Investigation complete; no suspect identified,
3e321a6bc475b3c2cdf932d8f4458ea3c1030d453e93dd3a4287edfcd20b8d21,2017-03,Sussex Police,Sussex Police,0.010969,50.872471,On or near Station Street,E01021035,Lewes 003C,Violence and sexual offences,Local resolution,
27ca4c81283479df34ed929ddb69b0eeaa48419d5065c60cd303bf6f1ea0001d,2017-03,Sussex Police,Sussex Police,0.014588,50.874657,On or near Eastgate Wharf,E01021035,Lewes 003C,Violence and sexual offences,Unable to prosecute suspect,
1ad18ae2200d38ed75267cceaead2e3748c3988b52702e1da63ea17aefb681f5,2017-03,Sussex Police,Sussex Police,0.012024,50.872876,On or near Parking Area,E01021035,Lewes 003C,Violence and sexual offences,Unable to prosecute suspect,
53b9b6a0d82d032aeaea53e2aadca5a59d9b5f59555267f55f12e0befd13add4,2017-03,Sussex Police,Sussex Police,0.012024,50.872876,On or near Parking Area,E01021035,Lewes 003C,Violence and sexual offences,Unable to prosecute suspect,
2b5c53a259d263e09480766deadf3ffd38f4249e2a654ed82885bdced3e8e815,2017-03,Sussex Police,Sussex Police,0.021446,50.872830,On or near South Street,E01021035,Lewes 003C,Violence and sexual offences,Unable to prosecute suspect,
c5e330abe0e8a0aa0477dcd2815d61e670760b7dc12a17ec45801ba9090e1fab,2017-03,Sussex Police,Sussex Police,0.011794,50.871486,On or near Parking Area,E01021035,Lewes 003C,Violence and sexual offences,Unable to prosecute suspect,
f90175b11b589d5f5fdf9fa1e371d4e26ed0ff3df80d9a3e58989e7b5d76e65f,2017-03,Sussex Police,Sussex Police,0.012854,50.873671,On or near Shopping Area,E01021035,Lewes 003C,Violence and sexual offences,Unable to prosecute suspect,
411af4e29ab3b7b07c3afd75c92982aa7caaaf1d117320144af3c5fdce8a7183,2017-03,Sussex Police,Sussex Police,0.011794,50.871486,On or near Parking Area,E01021035,Lewes 003C,Violence and sexual offences,Unable to prosecute suspect,
,2017-03,Sussex Police,Sussex Police,0.000771,50.879608,On or near Lee Road,E01021036,Lewes 003D,Anti-social behaviour,,
21a7ee6840ec79ecd41f34eef2e57e8ede8ad96ba4cc757bf270a928e7e7ba6f,2017-03,Sussex Police,Sussex Police,-0.000021,50.875727,On or near Prince Edward'S Road,E01021036,Lewes 003D,Criminal damage and arson,Investigation complete; no suspect identified,
0fd1afd1d10ea27328b5e41fe102394e78116a463d9b8e5b59ad2ee45f840a76,2017-03,Sussex Police,Sussex Police,-0.002052,50.877416,On or near Gundreda Road,E01021036,Lewes 003D,Criminal damage and arson,Investigation complete; no suspect identified,
a800911325db71b3073b916d7d82a6c9b12f77ae2607c4defd7ae4824728bb34,2017-03,Sussex Police,Sussex Police,-0.002052,50.877416,On or near Gundreda Road,E01021036,Lewes 003D,Vehicle crime,Investigation complete; no suspect identified,
8a11d7e109d31a465717eea5b368e5392ec8aa9de4b065cf085c2a2046e9ca86,2017-03,Sussex Police,Sussex Police,0.000771,50.879608,On or near Lee Road,E01021036,Lewes 003D,Violence and sexual offences,Unable to prosecute suspect,
f4c42da862b3d69278d55ff7bbcddacdc43849c5bb0ab97c224d0792189fbb74,2017-03,Sussex Police,Sussex Police,0.001213,50.877316,On or near Eleanor Close,E01021036,Lewes 003D,Violence and sexual offences,Further investigation is not in the public interest,
,2017-03,Sussex Police,Sussex Police,-0.003502,50.881084,On or near Yarrow Road,E01021037,Lewes 003E,Anti-social behaviour,,
,2017-03,Sussex Police,Sussex Police,-0.003502,50.881084,On or near Yarrow Road,E01021037,Lewes 003E,Anti-social behaviour,,
,2017-03,Sussex Police,Sussex Police,-0.003502,50.881084,On or near Yarrow Road,E01021037,Lewes 003E,Anti-social behaviour,,
,2017-03,Sussex Police,Sussex Police,-0.005118,50.884178,On or near Hayward Road,E01021037,Lewes 003E,Anti-social behaviour,,
,2017-03,Sussex Police,Sussex Police,0.000518,50.880997,On or near Landport Road,E01021037,Lewes 003E,Anti-social behaviour,,
,2017-03,Sussex Police,Sussex Police,-0.002259,50.881890,On or near Horsfield Road,E01021037,Lewes 003E,Anti-social behaviour,,
,2017-03,Sussex Police,Sussex Police,-0.002182,50.882698,On or near De La Warr Green,E01021037,Lewes 003E,Anti-social behaviour,,
,2017-03,Sussex Police,Sussex Police,-0.003502,50.881084,On or near Yarrow Road,E01021037,Lewes 003E,Anti-social behaviour,,
,2017-03,Sussex Police,Sussex Police,-0.003502,50.881084,On or near Yarrow Road,E01021037,Lewes 003E,Anti-social behaviour,,
,2017-03,Sussex Police,Sussex Police,-0.003502,50.881084,On or near Yarrow Road,E01021037,Lewes 003E,Anti-social behaviour,,
,2017-03,Sussex Police,Sussex Police,-0.004920,50.882169,On or near Crisp Road,E01021037,Lewes 003E,Anti-social behaviour,,
,2017-03,Sussex Police,Sussex Police,-0.004443,50.881019,On or near Blois Road,E01021037,Lewes 003E,Anti-social behaviour,,
,2017-03,Sussex Police,Sussex Police,-0.002259,50.881890,On or near Horsfield Road,E01021037,Lewes 003E,Anti-social behaviour,,
3fa451385ee3de453f09ce70b77167f293d922a8f6511f09cafc878a3b117271,2017-03,Sussex Police,Sussex Police,-0.000131,50.879137,On or near Baxter Road,E01021037,Lewes 003E,Burglary,Investigation complete; no suspect identified,
80d8d407a78c351ff3d01ba1b2af28c4f0eac20daeb6a3b45928f23f2391e39a,2017-03,Sussex Police,Sussex Police,-0.000376,50.881039,On or near Eridge Green,E01021037,Lewes 003E,Burglary,Unable to prosecute suspect,
36d692c7943dd9f6b384433c0b4c1e6429b0dabab9b1fef396f30c90fd85cd6c,2017-03,Sussex Police,Sussex Police,-0.004443,50.881019,On or near Blois Road,E01021037,Lewes 003E,Criminal damage and arson,Unable to prosecute suspect,
2ae2143459541d69eba21589de2a4fb353334d96cf4e9276e4d322385ce4cc6f,2017-03,Sussex Police,Sussex Police,-0.001986,50.879970,On or near Meridian Road,E01021037,Lewes 003E,Criminal damage and arson,Further investigation is not in the public interest,
dd7a624d825a999f2b72abb82e97b340009f58da7bb341af75852c130c9d102a,2017-03,Sussex Police,Sussex Police,0.000518,50.880997,On or near Landport Road,E01021037,Lewes 003E,Criminal damage and arson,Unable to prosecute suspect,
0cbdc9d08608256b41b4493dddcbe0e0a3de34f8c3ea8412f906fc6ce91fe6d0,2017-03,Sussex Police,Sussex Police,-0.001986,50.879970,On or near Meridian Road,E01021037,Lewes 003E,Vehicle crime,Investigation complete; no suspect identified,
2bce275b98959cdb36707b5ff2b3b44ba96db8051b17b0d74e64fc26e459232b,2017-03,Sussex Police,Sussex Police,-0.003502,50.881084,On or near Yarrow Road,E01021037,Lewes 003E,Violence and sexual offences,Unable to prosecute suspect,
5a1dee75425896aab5da3614a3384261a67642ad973c49fdd18c49782f8fbdbe,2017-03,Sussex Police,Sussex Police,-0.000376,50.881039,On or near Eridge Green,E01021037,Lewes 003E,Violence and sexual offences,Further investigation is not in the public interest,
f023b35d73a3dca248b9e8ab11f8be4ce42848ee8034c820387751497fb7e506,2017-03,Sussex Police,Sussex Police,-0.000131,50.879137,On or near Baxter Road,E01021037,Lewes 003E,Violence and sexual offences,Investigation complete; no suspect identified,
620d301db485cd3bdbdcc8997bbed806499eb80faddd9185fb0665da6ce6eb36,2017-03,Sussex Police,Sussex Police,-0.003178,50.883336,On or near Further/Higher Educational Building,E01021037,Lewes 003E,Violence and sexual offences,Unable to prosecute suspect,
,2017-03,Sussex Police,Sussex Police,0.010974,50.875889,On or near Theatre/Concert Hall,E01021038,Lewes 003F,Anti-social behaviour,,
,2017-03,Sussex Police,Sussex Police,0.010974,50.875889,On or near Theatre/Concert Hall,E01021038,Lewes 003F,Anti-social behaviour,,
,2017-03,Sussex Police,Sussex Police,0.011468,50.875152,On or near Parking Area,E01021038,Lewes 003F,Anti-social behaviour,,
,2017-03,Sussex Police,Sussex Police,0.009782,50.874281,On or near A2029,E01021038,Lewes 003F,Anti-social behaviour,,
d19016258695a28fdb32f40929c4f40dec4103da87a375c18c6c8e134f18f642,2017-03,Sussex Police,Sussex Police,0.013474,50.876169,On or near Phoenix Place,E01021038,Lewes 003F,Burglary,Unable to prosecute suspect,
41b8355c25829f8d4b21e31562b27e76eb52890be2de647eacddb47b7aa29f28,2017-03,Sussex Police,Sussex Police,0.009705,50.875137,On or near Sun Street,E01021038,Lewes 003F,Criminal damage and arson,Unable to prosecute suspect,
8bed8196e7db224b0c0f1e79313b47c4b03d0276b74d8c1a9cb9b9437b311566,2017-03,Sussex Police,Sussex Police,0.003442,50.874606,On or near The Avenue,E01021038,Lewes 003F,Criminal damage and arson,Investigation complete; no suspect identified,
429855908ab20f05e6693a3e153e9cfb7278ca7227d4604d891c2d1bc592c842,2017-03,Sussex Police,Sussex Police,0.009335,50.873147,On or near Castle Ditch Lane,E01021038,Lewes 003F,Other theft,Investigation complete; no suspect identified,
755254254bc5239e027b5be3c81f9e7c8b5bda80e527e056c3aaf65cfec113c4,2017-03,Sussex Police,Sussex Police,0.009782,50.874281,On or near A2029,E01021038,Lewes 003F,Other theft,Investigation complete; no suspect identified,
4363a3fe3e30699fa06aa214f8d1dea85f1314c1ba3fe5aff9e2c1288a1dda6a,2017-03,Sussex Police,Sussex Police,0.010050,50.873575,On or near Fisher Street,E01021038,Lewes 003F,Shoplifting,Investigation complete; no suspect identified,
195357b484104843c26aebd4180eb55231857208473a64f37ea5105e71b8806f,2017-03,Sussex Police,Sussex Police,0.010496,50.875672,On or near Lancaster Street,E01021038,Lewes 003F,Violence and sexual offences,Unable to prosecute suspect,
,2017-03,Sussex Police,Sussex Police,0.068611,50.860725,On or near Sports/Recreation Area,E01021054,Lewes 004A,Anti-social behaviour,,
688ff954f867910c09392b616f3288496564dc6940722412cd6d21b0e48bc554,2017-03,Sussex Police,Sussex Police,0.024536,50.865087,On or near A26,E01021054,Lewes 004A,Burglary,Unable to prosecute suspect,
f4ea22556715a8afd5d5e0c2fd0cb9630c08a013933a8b63a96ed8bfb80d142e,2017-03,Sussex Police,Sussex Police,0.099218,50.895470,On or near Park/Open Space,E01021054,Lewes 004A,Criminal damage and arson,Investigation complete; no suspect identified,
022e2903468a3cabc834005eb4ed9669399fbe5fbe75124dd2f3211be91d229c,2017-03,Sussex Police,Sussex Police,0.024536,50.865087,On or near A26,E01021054,Lewes 004A,Other theft,Investigation complete; no suspect identified,
34bbd549551567b91cd4334573a845768fd54df002563115f2e7c92389d7da34,2017-03,Sussex Police,Sussex Police,0.024536,50.865087,On or near A26,E01021054,Lewes 004A,Other theft,Investigation complete; no suspect identified,
6174e94e00005ccbc4405ac90458c93b5d03bc5dc6374c2015a07624c007b59f,2017-03,Sussex Police,Sussex Police,0.099218,50.895470,On or near Park/Open Space,E01021054,Lewes 004A,Other theft,Investigation complete; no suspect identified,
7203894d59e51e2496e3fc786cb55458a41d5441124860e9c12e7c97be93e08a,2017-03,Sussex Police,Sussex Police,0.074000,50.899212,On or near Elphick Road,E01021054,Lewes 004A,Violence and sexual offences,Unable to prosecute suspect,
52ecf99c33b670c82d38b011e38b095e0fde6d50a8b54c1014251ee41c499e6d,2017-03,Sussex Police,Sussex Police,0.061700,50.896031,On or near Bishop'S Close,E01021055,Lewes 004B,Vehicle crime,Investigation complete; no suspect identified,
f365b1b5c2a0c10ac274b8728e0bebdf0d3f27d005cc812fc8bf4663afc6bffb,2017-03,Sussex Police,Sussex Police,0.059186,50.893206,On or near Shelley Road,E01021055,Lewes 004B,Violence and sexual offences,Status update unavailable,
76236201324966c000b61c105bd008a92658586a073259e276aa6bca8f9f0223,2017-03,Sussex Police,Sussex Police,0.064873,50.894796,On or near Old School Close,E01021055,Lewes 004B,Violence and sexual offences,Investigation complete; no suspect identified,
f74b78d749cd9cb7e91a09242519ecb68e6778c0924817b65ee6cdbacb2367f0,2017-03,Sussex Police,Sussex Police,0.061700,50.896031,On or near Bishop'S Close,E01021055,Lewes 004B,Violence and sexual offences,Court result unavailable,
,2017-03,Sussex Police,Sussex Police,0.074627,50.900847,On or near Broyle Paddock,E01021056,Lewes 004C,Anti-social behaviour,,
b067e924bb7d0cd085d412cf840234e2910ff5785a3fa3a505eca9a990805227,2017-03,Sussex Police,Sussex Police,0.050077,50.886864,On or near Middleham Close,E01021056,Lewes 004C,Vehicle crime,Investigation complete; no suspect identified,
baf91bbe234c6d5871511a6b7802d6bac954b18e4abd168b73ed1ec476da6d00,2017-03,Sussex Police,Sussex Police,0.074627,50.900847,On or near Broyle Paddock,E01021056,Lewes 004C,Violence and sexual offences,Investigation complete; no suspect identified,
5c24b887a6c8a675b2b66f5c6864bfde2a8595785e142ffa73e733e5f16410cf,2017-03,Sussex Police,Sussex Police,0.073899,50.897901,On or near Sports/Recreation Area,E01021056,Lewes 004C,Violence and sexual offences,Unable to prosecute suspect,
54fd571b5016e865c043fe4ec4034de3046fcca4f4ee4f605f0d69f6fa533796,2017-03,Sussex Police,Sussex Police,0.073899,50.897901,On or near Sports/Recreation Area,E01021056,Lewes 004C,Violence and sexual offences,Unable to prosecute suspect,
,2017-03,Sussex Police,Sussex Police,0.056731,50.804176,On or near Iveagh Crescent,E01021057,Lewes 004D,Anti-social behaviour,,
,2017-03,Sussex Police,Sussex Police,0.058991,50.804568,On or near Denton Rise,E01021057,Lewes 004D,Anti-social behaviour,,
,2017-03,Sussex Police,Sussex Police,0.058991,50.804568,On or near Denton Rise,E01021057,Lewes 004D,Anti-social behaviour,,
,2017-03,Sussex Police,Sussex Police,0.084486,50.847708,On or near The Street,E01021057,Lewes 004D,Anti-social behaviour,,
,2017-03,Sussex Police,Sussex Police,0.056731,50.804176,On or near Iveagh Crescent,E01021057,Lewes 004D,Anti-social behaviour,,
d85aebb288e6cb647a2ea025a6616f5de78d48ae8e0fc7c358dc3313205fcd92,2017-03,Sussex Police,Sussex Police,0.082236,50.848539,On or near Bostal Road,E01021057,Lewes 004D,Burglary,Investigation complete; no suspect identified,
c071a7216f1740dd56f4085746817f3449b88b8a27b7a807e1837c7a628669c2,2017-03,Sussex Police,Sussex Police,0.087868,50.846451,On or near The Dock,E01021057,Lewes 004D,Burglary,Investigation complete; no suspect identified,
07b92a4f02c6bd8b7a26234bd701bd6b7547520b97fcc48f29b304e999004e25,2017-03,Sussex Police,Sussex Police,0.054750,50.809167,On or near Sports/Recreation Area,E01021057,Lewes 004D,Criminal damage and arson,Investigation complete; no suspect identified,
962cf20f44c1615f6d9177bffd0a1fd48d0e5dbfb04912cfbcbbeee5ef952ceb,2017-03,Sussex Police,Sussex Police,0.057876,50.806971,On or near Heighton Road,E01021057,Lewes 004D,Other theft,Investigation complete; no suspect identified,
060f74ae77c9ada3c932f79987b80e2c68bf16462e02fd3848de799297bfd448,2017-03,Sussex Police,Sussex Police,0.087868,50.846451,On or near The Dock,E01021057,Lewes 004D,Other theft,Investigation complete; no suspect identified,
931ca360239944718a244f7c3c530a2bc922266f6c0662ac603b2dbbda1df490,2017-03,Sussex Police,Sussex Police,0.054750,50.809167,On or near Sports/Recreation Area,E01021057,Lewes 004D,Other theft,Investigation complete; no suspect identified,
68501721424eae308e8fdca9e553f5c268e24f8b8cdfd92f0d7c685eb8a11ebf,2017-03,Sussex Police,Sussex Police,0.057876,50.806971,On or near Heighton Road,E01021057,Lewes 004D,Public order,Investigation complete; no suspect identified,
86d774cce76d11ddd4a91c0321f2fb81bf4f9c6b923bb0572ec2ff5aa9a34e5e,2017-03,Sussex Police,Sussex Police,0.054627,50.806687,On or near A26,E01021057,Lewes 004D,Vehicle crime,Investigation complete; no suspect identified,
,2017-03,Sussex Police,Sussex Police,0.015682,50.867722,On or near Ham Lane,E01021039,Lewes 005A,Anti-social behaviour,,
,2017-03,Sussex Police,Sussex Police,0.014332,50.869373,On or near Mountfield Road,E01021039,Lewes 005A,Anti-social behaviour,,
,2017-03,Sussex Police,Sussex Police,0.011106,50.870697,On or near Station Road,E01021039,Lewes 005A,Anti-social behaviour,,
,2017-03,Sussex Police,Sussex Police,0.009386,50.872346,On or near Conference/Exhibition Centre,E01021039,Lewes 005A,Anti-social behaviour,,
,2017-03,Sussex Police,Sussex Police,0.009386,50.872346,On or near Conference/Exhibition Centre,E01021039,Lewes 005A,Anti-social behaviour,,
,2017-03,Sussex Police,Sussex Police,0.009386,50.872346,On or near Conference/Exhibition Centre,E01021039,Lewes 005A,Anti-social behaviour,,
,2017-03,Sussex Police,Sussex Police,0.008818,50.869388,On or near Mount Street,E01021039,Lewes 005A,Anti-social behaviour,,
,2017-03,Sussex Police,Sussex Police,0.006876,50.871813,On or near Bull Lane,E01021039,Lewes 005A,Anti-social behaviour,,
,2017-03,Sussex Police,Sussex Police,0.006876,50.871813,On or near Bull Lane,E01021039,Lewes 005A,Anti-social behaviour,,
120d1bc23c61a701aa65153dd438b0794500dec019bcefd437733033ab0f4f67,2017-03,Sussex Police,Sussex Police,0.004236,50.870581,On or near Grange Road,E01021039,Lewes 005A,Criminal damage and arson,Investigation complete; no suspect identified,
ea89f2432438e73d1cd8a1c380f8f8350597814b32507ecfad4dbd14ff4a897d,2017-03,Sussex Police,Sussex Police,0.015682,50.867722,On or near Ham Lane,E01021039,Lewes 005A,Criminal damage and arson,Unable to prosecute suspect,
6990177a75c18193ad1e27a422fb93e373348859c39cff099ce788791ce6faa3,2017-03,Sussex Police,Sussex Police,0.009386,50.872346,On or near Conference/Exhibition Centre,E01021039,Lewes 005A,Criminal damage and arson,Investigation complete; no suspect identified,
93cc06c151316743118ddd87591f6b3e51a4f4dc65a31d997a87a9922eb2a518,2017-03,Sussex Police,Sussex Police,0.011113,50.869213,On or near Parking Area,E01021039,Lewes 005A,Criminal damage and arson,Investigation complete; no suspect identified,
adfed261cfb3cb1d4bdb33d5e0966f2d64508d9b5cb0173db17a25acfe2d5e6a,2017-03,Sussex Police,Sussex Police,0.008818,50.869388,On or near Mount Street,E01021039,Lewes 005A,Criminal damage and arson,Investigation complete; no suspect identified,
0617c97b25fac10c0ffefe91eb26568966cc8306212c552e56c63474e2845c89,2017-03,Sussex Police,Sussex Police,0.015682,50.867722,On or near Ham Lane,E01021039,Lewes 005A,Criminal damage and arson,Unable to prosecute suspect,
4b9c61dbeb520d3d5b101731d76aecdfa7213feb481e78ad79337b8a08ec60e4,2017-03,Sussex Police,Sussex Police,0.015682,50.867722,On or near Ham Lane,E01021039,Lewes 005A,Criminal damage and arson,Unable to prosecute suspect,
9879ae0c31b0584c726a97c211968c86388e4a0958ed83e77353da476343e553,2017-03,Sussex Police,Sussex Police,0.011106,50.870697,On or near Station Road,E01021039,Lewes 005A,Public order,Investigation complete; no suspect identified,
86f0b3424e53715320345cd4a5bd1c63088cae635aa427c69f8117a48eae8c02,2017-03,Sussex Police,Sussex Police,0.009386,50.872346,On or near Conference/Exhibition Centre,E01021039,Lewes 005A,Public order,Investigation complete; no suspect identified,
bfbce494c4d7339950621daf420eaf14b10a1439e445a2fbc252e35c487fe43c,2017-03,Sussex Police,Sussex Police,0.008452,50.870122,On or near Eastport Lane,E01021039,Lewes 005A,Violence and sexual offences,Unable to prosecute suspect,
20e7d245a2ab92519cff625bc3c8842f997f27ded8486535bac2d54f1806f90e,2017-03,Sussex Police,Sussex Police,0.006876,50.871813,On or near Bull Lane,E01021039,Lewes 005A,Violence and sexual offences,Unable to prosecute suspect,
77777fe59b0177664446b032df0a4aef340f2a8c90748e8bd2a7e5b8d9981df8,2017-03,Sussex Police,Sussex Police,0.011106,50.870697,On or near Station Road,E01021039,Lewes 005A,Violence and sexual offences,Further investigation is not in the public interest,
a32de3d301c3a280b7e6013f9005ca30c959881965b6a3c12df3274c2f232ded,2017-03,Sussex Police,Sussex Police,0.014332,50.869373,On or near Mountfield Road,E01021039,Lewes 005A,Violence and sexual offences,Unable to prosecute suspect,
aa2a78d075d1e8fa1fb7d72fce440eb01bad9acd439c33a8d7dc538a6c067a80,2017-03,Sussex Police,Sussex Police,0.015220,50.870194,On or near Further/Higher Educational Building,E01021039,Lewes 005A,Violence and sexual offences,Status update unavailable,
970e3b91b49b1569dce73c98af8eeaa8ea46b2f92363f58e582e54f91176ddfa,2017-03,Sussex Police,Sussex Police,0.008818,50.869388,On or near Mount Street,E01021039,Lewes 005A,Violence and sexual offences,Local resolution,
,2017-03,Sussex Police,Sussex Police,0.005614,50.867923,On or near Cockshut Road,E01021040,Lewes 005B,Anti-social behaviour,,
,2017-03,Sussex Police,Sussex Police,0.001462,50.869523,On or near St Pancras Gardens,E01021040,Lewes 005B,Anti-social behaviour,,
4233bd24c88ffed68f88b9c662ce9bda3e6e5a6bb68da639f3d06d8ae8746b50,2017-03,Sussex Police,Sussex Police,-0.002893,50.869382,On or near Winterbourne Mews,E01021040,Lewes 005B,Bicycle theft,Investigation complete; no suspect identified,
5df68d43b6706f405ce858841fe259afce179c1a63fa209be1e3287b301c04ae,2017-03,Sussex Police,Sussex Police,-0.002745,50.873183,On or near Spital Road,E01021040,Lewes 005B,Burglary,Unable to prosecute suspect,
3fe6875e33ac4478c85a32263a5afccf2c878dffa99e86d7857948d34a7196b4,2017-03,Sussex Police,Sussex Police,0.001273,50.867772,On or near Morley Close,E01021040,Lewes 005B,Criminal damage and arson,Unable to prosecute suspect,
cc46e81b0e04febdaf01e5c6dd20e8456e5ebca2afeabc2efbf974acc26d61cb,2017-03,Sussex Police,Sussex Police,-0.003790,50.873003,On or near Nevill Road,E01021040,Lewes 005B,Criminal damage and arson,Action to be taken by another organisation,
64b81d710150dcc1884cad8afd883212da40e54310a57f7b22d31d0e401c6494,2017-03,Sussex Police,Sussex Police,-0.002745,50.873183,On or near Spital Road,E01021040,Lewes 005B,Criminal damage and arson,Investigation complete; no suspect identified,
8174bf6230ae60c7785a2ce965d8711e740aea2944a2bddd786cd21357de0efa,2017-03,Sussex Police,Sussex Police,-0.003790,50.873003,On or near Nevill Road,E01021040,Lewes 005B,Criminal damage and arson,Status update unavailable,
515ad45a46e2c0e0d5b17429fd434e7200d4eb4c9ecf8827ebb8c9aa72cf2bae,2017-03,Sussex Police,Sussex Police,-0.003569,50.870868,On or near Winterbourne Hollow,E01021040,Lewes 005B,Criminal damage and arson,Investigation complete; no suspect identified,
5d51702add39aabc64b33c78eabb0ccc5e1096a1c91cf49a405ce3dee5dc5b87,2017-03,Sussex Police,Sussex Police,0.001462,50.869523,On or near St Pancras Gardens,E01021040,Lewes 005B,Other theft,Unable to prosecute suspect,
17198f19b30e18384fa7f360f70a6651e3288817c57a0237213b15f0e7e66eee,2017-03,Sussex Police,Sussex Police,-0.000747,50.873374,On or near De Montfort Road,E01021040,Lewes 005B,Public order,Status update unavailable,
4b3d155ff80bfcee2ffe59772dbf7a819fb1aaecba01ac3403a9b84b0900465b,2017-03,Sussex Police,Sussex Police,-0.003790,50.873003,On or near Nevill Road,E01021040,Lewes 005B,Violence and sexual offences,Unable to prosecute suspect,
3421c542f3289475c304bed7ab4bcfeb6ddcf5b79a8509fa3309279433d357ff,2017-03,Sussex Police,Sussex Police,-0.003790,50.873003,On or near Nevill Road,E01021040,Lewes 005B,Violence and sexual offences,Unable to prosecute suspect,
6015b5d9597de400dad66a8450fb95ae177882526d2715113dbccdd464004c67,2017-03,Sussex Police,Sussex Police,0.001273,50.867772,On or near Morley Close,E01021040,Lewes 005B,Violence and sexual offences,Unable to prosecute suspect,
31a10148a4d69738450cd329bc175c9f847951c999fefdd82eebee4350baa740,2017-03,Sussex Police,Sussex Police,-0.003790,50.873003,On or near Nevill Road,E01021040,Lewes 005B,Violence and sexual offences,Status update unavailable,
bfc690850f55d363dc4ed783e50d95993f5c6c1976b154e0625f75af7ffdf676,2017-03,Sussex Police,Sussex Police,-0.003790,50.873003,On or near Nevill Road,E01021040,Lewes 005B,Other crime,Court result unavailable,
68b4474b2a6cf6b43395fa7c59667ff0f03e527a63bb61be7b343877c58784a5,2017-03,Sussex Police,Sussex Police,-0.000866,50.868592,On or near Juggs Close,E01021041,Lewes 005C,Burglary,Investigation complete; no suspect identified,
85250604c032ac7af1ffdddbf4e3dfd9a93545e5f692177ce5934c88ca44038a,2017-03,Sussex Police,Sussex Police,-0.000866,50.868592,On or near Juggs Close,E01021041,Lewes 005C,Burglary,Investigation complete; no suspect identified,
c9455db8304928cbd2171c1053a7bd8cd2bc24ab8ff7f84e4c3f03b03ac16f21,2017-03,Sussex Police,Sussex Police,-0.005144,50.868926,On or near Winterbourne Lane,E01021041,Lewes 005C,Criminal damage and arson,Investigation complete; no suspect identified,
7b5f3d71851326335063204e9618442ff4fe3b13e97bb154e7244bc9ed682915,2017-03,Sussex Police,Sussex Police,-0.000866,50.868592,On or near Juggs Close,E01021041,Lewes 005C,Criminal damage and arson,Investigation complete; no suspect identified,
80befd8eb6c86b4fb6413f19560528ecc0e8bc56580d19e6b7eb50aa2ff1a8e5,2017-03,Sussex Police,Sussex Police,-0.023926,50.866403,On or near Ashcombe Hollow,E01021041,Lewes 005C,Drugs,Offender given a caution,
,2017-03,Sussex Police,Sussex Police,-0.007008,50.877213,On or near Nevill Crescent,E01021042,Lewes 005D,Anti-social behaviour,,
,2017-03,Sussex Police,Sussex Police,-0.008978,50.878020,On or near North Way,E01021042,Lewes 005D,Anti-social behaviour,,
,2017-03,Sussex Police,Sussex Police,-0.007008,50.877213,On or near Nevill Crescent,E01021042,Lewes 005D,Anti-social behaviour,,
,2017-03,Sussex Police,Sussex Police,-0.008978,50.878020,On or near North Way,E01021042,Lewes 005D,Anti-social behaviour,,
,2017-03,Sussex Police,Sussex Police,-0.010766,50.878078,On or near Downs Close,E01021042,Lewes 005D,Anti-social behaviour,,
,2017-03,Sussex Police,Sussex Police,-0.012207,50.880306,On or near Firle Crescent,E01021042,Lewes 005D,Anti-social behaviour,,
,2017-03,Sussex Police,Sussex Police,-0.012207,50.880306,On or near Firle Crescent,E01021042,Lewes 005D,Anti-social behaviour,,
,2017-03,Sussex Police,Sussex Police,-0.008978,50.878020,On or near North Way,E01021042,Lewes 005D,Anti-social behaviour,,
324f41e2d80fd3b88e171edef33ca4de69ce2f2d08ace415cefd65535018cd0a,2017-03,Sussex Police,Sussex Police,-0.008978,50.878020,On or near North Way,E01021042,Lewes 005D,Violence and sexual offences,Unable to prosecute suspect,
ec264250672046f5039f2ca4c0d3fea3e08178aa0aedf3b859cb40a50f93511d,2017-03,Sussex Police,Sussex Police,-0.008978,50.878020,On or near North Way,E01021042,Lewes 005D,Violence and sexual offences,Status update unavailable,
,2017-03,Sussex Police,Sussex Police,-0.001227,50.874120,On or near Abergavenny Road,E01021043,Lewes 005E,Anti-social behaviour,,
7e11ea35e36df5155bb0aa5d946913a707cae0222be776ee46c13fe92d250a03,2017-03,Sussex Police,Sussex Police,-0.008369,50.875618,On or near South Way,E01021043,Lewes 005E,Burglary,Investigation complete; no suspect identified,
cd039b6a4fa612cd8773026430238791fc2422a6071af463168bf55a659c3fab,2017-03,Sussex Police,Sussex Police,-0.007423,50.874486,On or near Hawkenbury Way,E01021043,Lewes 005E,Public order,Unable to prosecute suspect,
8c67db7e4799707721daa6a09c831eba8ccd0f1bcccd1aa319bad7b7bdd40c73,2017-03,Sussex Police,Sussex Police,-0.000816,50.874751,On or near Shelley Close,E01021043,Lewes 005E,Violence and sexual offences,Unable to prosecute suspect,
580338a4f3be431a2d684719d3d0aaae6ebf015bc668d80925c745cd40d3fabd,2017-03,Sussex Police,Sussex Police,-0.001227,50.874120,On or near Abergavenny Road,E01021043,Lewes 005E,Violence and sexual offences,Offender given a caution,
e1c7972f5e27ba38d26b115d04b78bd4116d362eb13b6256eaa43e2d187e0448,2017-03,Sussex Police,Sussex Police,-0.001227,50.874120,On or near Abergavenny Road,E01021043,Lewes 005E,Violence and sexual offences,Unable to prosecute suspect,
771d54d06a1522a457184a2021428815989dcb09022eb3a9132a1ae8d4bc1ff1,2017-03,Sussex Police,Sussex Police,-0.000816,50.874751,On or near Shelley Close,E01021043,Lewes 005E,Violence and sexual offences,Further investigation is not in the public interest,
473718e3cc40c77c89aa0ce716ae6c7b929b8d07272ad2d0419510ebff717182,2017-03,Sussex Police,Sussex Police,-0.008369,50.875618,On or near South Way,E01021043,Lewes 005E,Other crime,Further investigation is not in the public interest,
,2017-03,Sussex Police,Sussex Police,-0.025933,50.802043,On or near Bannings Vale,E01021027,Lewes 006A,Anti-social behaviour,,
155af7ddba9a9d91dcfac3543c8337e6f47318bb6eef56c28786f608b9cc6d40,2017-03,Sussex Police,Sussex Police,-0.028329,50.803792,On or near Bevendean Avenue,E01021027,Lewes 006A,Criminal damage and arson,Unable to prosecute suspect,
b35ba63e56ed141797579b4bc4a4eec8436130c0f74fc380f4e32166f583bcc8,2017-03,Sussex Police,Sussex Police,-0.025933,50.802043,On or near Bannings Vale,E01021027,Lewes 006A,Other theft,Investigation complete; no suspect identified,
3bd794de8f38e56b297877eacc4bca39e10ece61f16d98df1d0ca86aa04562dd,2017-03,Sussex Police,Sussex Police,-0.021475,50.807112,On or near Rye Close,E01021027,Lewes 006A,Other theft,Investigation complete; no suspect identified,
44c65087be3f259a92a14fe76a456c13b6136b11dcf34bf18ab387e21525c5eb,2017-03,Sussex Police,Sussex Police,-0.025233,50.805179,On or near Findon Avenue,E01021027,Lewes 006A,Vehicle crime,Investigation complete; no suspect identified,
d3056394b150523a6ca4fcf96000f32725c74deb3a658e30d6eeaf53f4732a0e,2017-03,Sussex Police,Sussex Police,-0.022276,50.805956,On or near Ifield Close,E01021027,Lewes 006A,Violence and sexual offences,Unable to prosecute suspect,
91a7c08007fa8bbc9eb302fd791832550444e462ae3c13712b7625e2a33d4401,2017-03,Sussex Police,Sussex Police,-0.025933,50.802043,On or near Bannings Vale,E01021027,Lewes 006A,Violence and sexual offences,Status update unavailable,
306be58fb02b5da982015d29450740466f6772c5d525280ffa29a77d2eeb6323,2017-03,Sussex Police,Sussex Police,-0.022276,50.805956,On or near Ifield Close,E01021027,Lewes 006A,Violence and sexual offences,Unable to prosecute suspect,
1a0c373531e0295ab3ef835ba66014a5f0c55a1da5876b9f588a69a0e0237000,2017-03,Sussex Police,Sussex Police,-0.025748,50.801051,On or near Ashurst Avenue,E01021027,Lewes 006A,Other crime,Further investigation is not in the public interest,
,2017-03,Sussex Police,Sussex Police,-0.010556,50.800874,On or near Park View Close,E01021028,Lewes 006B,Anti-social behaviour,,
,2017-03,Sussex Police,Sussex Police,-0.009546,50.801585,On or near Bush Close,E01021028,Lewes 006B,Anti-social behaviour,,
eeb7c051df53ae4c1989a7ae0be1fbcc58cb05b3b9510ba23932bfdce34c5133,2017-03,Sussex Police,Sussex Police,-0.006817,50.803679,On or near Kirby Drive,E01021028,Lewes 006B,Violence and sexual offences,Unable to prosecute suspect,
,2017-03,Sussex Police,Sussex Police,-0.010444,50.799819,On or near Park Avenue,E01021029,Lewes 006C,Anti-social behaviour,,
,2017-03,Sussex Police,Sussex Police,-0.018528,50.795928,On or near Buckhurst Road,E01021029,Lewes 006C,Anti-social behaviour,,
,2017-03,Sussex Police,Sussex Police,-0.020503,50.795871,On or near Amhurst Road,E01021029,Lewes 006C,Anti-social behaviour,,
,2017-03,Sussex Police,Sussex Police,-0.010444,50.799819,On or near Park Avenue,E01021029,Lewes 006C,Anti-social behaviour,,
1f8fba93f3a82473239b28f46bcbf08123ee6568a6b70c46228cad0e758f8db2,2017-03,Sussex Police,Sussex Police,-0.005518,50.804205,On or near Canada Close,E01021029,Lewes 006C,Vehicle crime,Investigation complete; no suspect identified,
b74760175bf0ea075ebb28d808b67f9ceca620e837db8f4fb524bd0c9cc0fd30,2017-03,Sussex Police,Sussex Police,-0.010181,50.802684,On or near Parking Area,E01021029,Lewes 006C,Violence and sexual offences,Further investigation is not in the public interest,
7e894f7a4a055b240d564bb67e7f1e2c435874ab1f4528a9c886d1ed5261df4f,2017-03,Sussex Police,Sussex Police,-0.010444,50.799819,On or near Park Avenue,E01021029,Lewes 006C,Violence and sexual offences,Unable to prosecute suspect,
5f6a4832571a3484320bf0a1f071af623b26af9b97c9864c88313bd016fa1881,2017-03,Sussex Police,Sussex Police,-0.018528,50.795928,On or near Buckhurst Road,E01021029,Lewes 006C,Violence and sexual offences,Unable to prosecute suspect,
005cbcd208cb818e386411d7f423f5fcfe812ec82b17af0306e15669214f1a7f,2017-03,Sussex Police,Sussex Police,-0.020503,50.795871,On or near Amhurst Road,E01021029,Lewes 006C,Violence and sexual offences,Unable to prosecute suspect,
27a1e31676ebf5c1b45faa51295d67be9d3170cf70911578ad4d8a70ea1c95d9,2017-03,Sussex Police,Sussex Police,-0.010444,50.799819,On or near Park Avenue,E01021029,Lewes 006C,Violence and sexual offences,Unable to prosecute suspect,
d4b4534e1095692fefa001f8ba3d220ce3e7348470475d7ee7c93bb674e6d3b6,2017-03,Sussex Police,Sussex Police,-0.030074,50.802104,On or near Wicklands Avenue,E01021030,Lewes 006D,Violence and sexual offences,Unable to prosecute suspect,
6a215951eb2df32b900f01533add4864a228c71e2ed61be37dc7928560b39dd5,2017-03,Sussex Police,Sussex Police,-0.030074,50.802104,On or near Wicklands Avenue,E01021030,Lewes 006D,Violence and sexual offences,Unable to prosecute suspect,
,2017-03,Sussex Police,Sussex Police,-0.012058,50.796897,On or near Central Avenue,E01021031,Lewes 006E,Anti-social behaviour,,
,2017-03,Sussex Police,Sussex Police,-0.012738,50.797943,On or near Clifton Way,E01021031,Lewes 006E,Anti-social behaviour,,
,2017-03,Sussex Police,Sussex Police,-0.018457,50.794245,On or near Parking Area,E01021031,Lewes 006E,Anti-social behaviour,,
,2017-03,Sussex Police,Sussex Police,-0.015581,50.798486,On or near Grassmere Avenue,E01021031,Lewes 006E,Anti-social behaviour,,
bce05e69a3a8dc097656f3146383d907ac9e7e8efa735351dec7372cd710e4cc,2017-03,Sussex Police,Sussex Police,-0.015745,50.793290,On or near The Esplanade,E01021031,Lewes 006E,Burglary,Investigation complete; no suspect identified,
26c4d6bea6a9abaa486e80e4c64ef99592d7a901cd7f6b69349f2deabd787b3f,2017-03,Sussex Police,Sussex Police,-0.015745,50.793290,On or near The Esplanade,E01021031,Lewes 006E,Criminal damage and arson,Investigation complete; no suspect identified,
03fa625558aaf548f0e8e4596dabe705b11c4370af8421d6842883b62dce7ad3,2017-03,Sussex Police,Sussex Police,-0.016115,50.794601,On or near Petrol Station,E01021031,Lewes 006E,Criminal damage and arson,Investigation complete; no suspect identified,
4b929a2e6b249001da91dd458a9ed50b71014661d44b8673bac95923668e954f,2017-03,Sussex Police,Sussex Police,-0.015745,50.793290,On or near The Esplanade,E01021031,Lewes 006E,Criminal damage and arson,Status update unavailable,
44c4671622bee57e81c4c2f7e93e80862bb57da105e737d4c419f7aa816e83b8,2017-03,Sussex Police,Sussex Police,-0.016115,50.794601,On or near Petrol Station,E01021031,Lewes 006E,Other theft,Further investigation is not in the public interest,
23600ba3abff7bf40d31b004b05791723ff9e9ccbfcd9f4253baed2c439f5e7a,2017-03,Sussex Police,Sussex Police,-0.015745,50.793290,On or near The Esplanade,E01021031,Lewes 006E,Other theft,Status update unavailable,
cb5235be4c0413ba60f72d7305c41aab736b7c4797268a4caf6449b0a3997eb6,2017-03,Sussex Police,Sussex Police,-0.009947,50.796492,On or near Arundel Road West,E01021031,Lewes 006E,Violence and sexual offences,Unable to prosecute suspect,
a9b262b0449c34958ef69ba95286e1ee8b92136e59b5ab29853b535315238309,2017-03,Sussex Police,Sussex Police,-0.009947,50.796492,On or near Arundel Road West,E01021031,Lewes 006E,Violence and sexual offences,Offender given a caution,
,2017-03,Sussex Police,Sussex Police,-0.000229,50.802747,On or near Foxhill,E01021061,Lewes 007A,Anti-social behaviour,,
,2017-03,Sussex Police,Sussex Police,0.000079,50.799001,On or near Cavell Avenue North,E01021061,Lewes 007A,Anti-social behaviour,,
,2017-03,Sussex Police,Sussex Police,-0.003815,50.801865,On or near Woodlands Close,E01021061,Lewes 007A,Anti-social behaviour,,
ee20029d659bf7b053884a5755c84bd02940750cc114233150b87a3a126edcc1,2017-03,Sussex Police,Sussex Police,-0.000229,50.802747,On or near Foxhill,E01021061,Lewes 007A,Violence and sexual offences,Unable to prosecute suspect,
fd89645a3752adf60c69c5f40c58a66359e13468c482d9e727a4e90b9ec8c1e9,2017-03,Sussex Police,Sussex Police,0.002527,50.800821,On or near Turnpike Close,E01021061,Lewes 007A,Violence and sexual offences,Unable to prosecute suspect,
,2017-03,Sussex Police,Sussex Police,0.007951,50.803857,On or near Pelham Rise,E01021063,Lewes 007B,Anti-social behaviour,,
,2017-03,Sussex Police,Sussex Police,0.001622,50.802221,On or near Abbey Close,E01021063,Lewes 007B,Anti-social behaviour,,
,2017-03,Sussex Police,Sussex Police,0.001622,50.802221,On or near Abbey Close,E01021063,Lewes 007B,Anti-social behaviour,,
d979d1aedef1f6f0087d277ea4e9754cbdc0f4f7f807d260cd92a0fbc3171d60,2017-03,Sussex Police,Sussex Police,0.001622,50.802221,On or near Abbey Close,E01021063,Lewes 007B,Criminal damage and arson,Unable to prosecute suspect,
e7efab79bf6845341f0d1defac84b84e6c1b337e35da8d656564bfda59ddd939,2017-03,Sussex Police,Sussex Police,0.006855,50.806448,On or near Heathdown Close,E01021063,Lewes 007B,Vehicle crime,Unable to prosecute suspect,
c9e6bde28217d853f410d49bca9bade94e17d13bccee1043a706c382db777b01,2017-03,Sussex Police,Sussex Police,0.004152,50.806306,On or near Greenhill Way,E01021063,Lewes 007B,Violence and sexual offences,Status update unavailable,
19e68a0161aaeed2dba15121053424d712e1cf278047ca07b23819be7ab85fd6,2017-03,Sussex Police,Sussex Police,0.011124,50.806366,On or near Greenacres,E01021063,Lewes 007B,Violence and sexual offences,Unable to prosecute suspect,
,2017-03,Sussex Police,Sussex Police,-0.009413,50.792373,On or near Malines Avenue South,E01021064,Lewes 007C,Anti-social behaviour,,
39fffca2b4a9bcf2558032265ee9a4a22157235d60abf3fae890adb857dff2f5,2017-03,Sussex Police,Sussex Police,-0.002961,50.791939,On or near Parking Area,E01021064,Lewes 007C,Burglary,Investigation complete; no suspect identified,
b382cd15964a824bb05c08c8c281a3f2b254a2465757ed32746f6b4ce7ae3a9e,2017-03,Sussex Police,Sussex Police,-0.007958,50.796224,On or near Cairo Avenue,E01021064,Lewes 007C,Burglary,Unable to prosecute suspect,
af9dc54938f5d5bc373cce62747511864d13d61201dc505875acda3f603f44b3,2017-03,Sussex Police,Sussex Police,-0.009357,50.795673,On or near Lincoln Avenue,E01021064,Lewes 007C,Other theft,Investigation complete; no suspect identified,
797a65a63703f32fd3edb372fbfe0ec5db3c0888dd44861b9d12a765579cf4bb,2017-03,Sussex Police,Sussex Police,-0.010825,50.793863,On or near Second Road,E01021064,Lewes 007C,Public order,Investigation complete; no suspect identified,
b94095e1bd6c169ce29eef0fb17941fe37c486bdfa7b3c41f97906562a0303ea,2017-03,Sussex Police,Sussex Police,-0.009413,50.792373,On or near Malines Avenue South,E01021064,Lewes 007C,Vehicle crime,Investigation complete; no suspect identified,
43a29771c3f21ce78b8e3d2b096d7acec808420542b850a94922e234e6c0c40b,2017-03,Sussex Police,Sussex Police,-0.003218,50.794893,On or near Sutton Avenue,E01021064,Lewes 007C,Violence and sexual offences,Investigation complete; no suspect identified,
1d1ecbccba085d7e6739979be603a7ad09151c520f6eea3e2b77f6f2d3af88aa,2017-03,Sussex Police,Sussex Police,-0.010425,50.792597,On or near Cairo Avenue South,E01021064,Lewes 007C,Violence and sexual offences,Offender given suspended prison sentence,
1c74db15ab8f415448fb935e3344aa6ad048ee8d3d9c29a88e30ce2d18e04bbf,2017-03,Sussex Police,Sussex Police,-0.006426,50.795542,On or near Arundel Road West,E01021064,Lewes 007C,Violence and sexual offences,Unable to prosecute suspect,
89fcbc00cd816b3d969e4c0acd23f2a119e027edf8dcd4dda569a34cac7c056b,2017-03,Sussex Police,Sussex Police,-0.007958,50.796224,On or near Cairo Avenue,E01021064,Lewes 007C,Violence and sexual offences,Unable to prosecute suspect,
,2017-03,Sussex Police,Sussex Police,0.002219,50.793946,On or near Jason Close,E01021065,Lewes 007D,Anti-social behaviour,,
,2017-03,Sussex Police,Sussex Police,0.002219,50.793946,On or near Jason Close,E01021065,Lewes 007D,Anti-social behaviour,,
,2017-03,Sussex Police,Sussex Police,0.002219,50.793946,On or near Jason Close,E01021065,Lewes 007D,Anti-social behaviour,,
,2017-03,Sussex Police,Sussex Police,0.000707,50.794439,On or near Greenwich Way,E01021065,Lewes 007D,Anti-social behaviour,,
,2017-03,Sussex Police,Sussex Police,-0.002853,50.795804,On or near Clayfields,E01021065,Lewes 007D,Anti-social behaviour,,
d7127053f060766584828c4abca1cd1522856e49cef7f9b5bf51bcf8610dcb60,2017-03,Sussex Police,Sussex Police,0.000707,50.794439,On or near Greenwich Way,E01021065,Lewes 007D,Violence and sexual offences,Unable to prosecute suspect,
176b6aacdd2e033c31a1cca8ad2b2da38f94e75fd18ae9f12c219b981f90534c,2017-03,Sussex Police,Sussex Police,-0.001606,50.794425,On or near Arundel Road Central,E01021065,Lewes 007D,Violence and sexual offences,Unable to prosecute suspect,
8ba8e42d7972fc31924d656ad94ee0936d66340f9af627d9cf6e89dd2ff97f17,2017-03,Sussex Police,Sussex Police,-0.001365,50.797092,On or near Lake Drive,E01021065,Lewes 007D,Violence and sexual offences,Unable to prosecute suspect,
,2017-03,Sussex Police,Sussex Police,0.000618,50.796329,On or near Parking Area,E01021066,Lewes 007E,Anti-social behaviour,,
,2017-03,Sussex Police,Sussex Police,0.000618,50.796329,On or near Parking Area,E01021066,Lewes 007E,Anti-social behaviour,,
,2017-03,Sussex Police,Sussex Police,0.000618,50.796329,On or near Parking Area,E01021066,Lewes 007E,Anti-social behaviour,,
,2017-03,Sussex Police,Sussex Police,0.002771,50.797561,On or near Southview Road,E01021066,Lewes 007E,Anti-social behaviour,,
,2017-03,Sussex Police,Sussex Police,0.000618,50.796329,On or near Parking Area,E01021066,Lewes 007E,Anti-social behaviour,,
,2017-03,Sussex Police,Sussex Police,-0.005746,50.799164,On or near Lea Road,E01021066,Lewes 007E,Anti-social behaviour,,
,2017-03,Sussex Police,Sussex Police,0.000618,50.796329,On or near Parking Area,E01021066,Lewes 007E,Anti-social behaviour,,
78c2ad5ea4a04ee5a182e6c0b47f9c57e90967fe14d866653937023d24d32dc7,2017-03,Sussex Police,Sussex Police,0.000618,50.796329,On or near Parking Area,E01021066,Lewes 007E,Burglary,Awaiting court outcome,
249611ced8eaefae5f259c837257bb28d68451e2baf6fa8463e991a8449bccba,2017-03,Sussex Police,Sussex Police,0.000618,50.796329,On or near Parking Area,E01021066,Lewes 007E,Other theft,Investigation complete; no suspect identified,
d8391a28504b100617b9bd0012b46cdc7bd8c6a2d7cae6a2d6d51d75145e917d,2017-03,Sussex Police,Sussex Police,0.000618,50.796329,On or near Parking Area,E01021066,Lewes 007E,Possession of weapons,Local resolution,
162076dbdb4a6eaf92941a64c2e0ed673c695d39a2617017f05f7794d23d661b,2017-03,Sussex Police,Sussex Police,-0.003513,50.797632,On or near Balcombe Road,E01021066,Lewes 007E,Public order,Investigation complete; no suspect identified,
ead8696ef59b3eded4615b9e4c871f8904b62bae128578be143fecaf41aa9be4,2017-03,Sussex Police,Sussex Police,0.000618,50.796329,On or near Parking Area,E01021066,Lewes 007E,Public order,Investigation complete; no suspect identified,
672739a84d827738a0fa62e1c22dd05316937fe4c687f3384d6b4b7be6114583,2017-03,Sussex Police,Sussex Police,0.000618,50.796329,On or near Parking Area,E01021066,Lewes 007E,Public order,Investigation complete; no suspect identified,
a4a2c255d98ad8171d3e87449401644a33df35f3b042cad56ed207772e8c735d,2017-03,Sussex Police,Sussex Police,0.000618,50.796329,On or near Parking Area,E01021066,Lewes 007E,Shoplifting,Status update unavailable,
0fe90e159aa8de7f990784342b951aabe440e764262629040743add47ccce7de,2017-03,Sussex Police,Sussex Police,0.000618,50.796329,On or near Parking Area,E01021066,Lewes 007E,Shoplifting,Investigation complete; no suspect identified,
88a27a4b4814fd7dd7609076d2f7f7286188dbaa79a9bbb2515036c05d58091a,2017-03,Sussex Police,Sussex Police,0.004772,50.796564,On or near Bramber Close,E01021066,Lewes 007E,Vehicle crime,Investigation complete; no suspect identified,
53e0eae78b0d2566b9613ef2584ceabfe13bb6359c8144ec1a4443b84520f5b0,2017-03,Sussex Police,Sussex Police,0.000618,50.796329,On or near Parking Area,E01021066,Lewes 007E,Violence and sexual offences,Unable to prosecute suspect,
c84e41868b89c611972cacad79d3abdbbf5465a6383e30846c022f216d7d452b,2017-03,Sussex Police,Sussex Police,0.000618,50.796329,On or near Parking Area,E01021066,Lewes 007E,Violence and sexual offences,Further investigation is not in the public interest,
50775d33100251b0771eb4e2ee55c2cec7bd2296f66420e53b1a1ecab7245367,2017-03,Sussex Police,Sussex Police,-0.002032,50.799073,On or near Rowe Avenue North,E01021066,Lewes 007E,Violence and sexual offences,Further investigation is not in the public interest,
4743c890d17dd4c2edb5fe056eb5cf7c2deab1ade8a5d854b79424167d63ac1c,2017-03,Sussex Police,Sussex Police,0.000618,50.796329,On or near Parking Area,E01021066,Lewes 007E,Violence and sexual offences,Unable to prosecute suspect,
5af622b7d24be58abe1e6f7be08cee019d1bb7f2cc5e0ac571a7244de8e91c46,2017-03,Sussex Police,Sussex Police,0.004772,50.796564,On or near Bramber Close,E01021066,Lewes 007E,Violence and sexual offences,Unable to prosecute suspect,
1d4e26daeac9ff66abc5bc4f16d0239bd37e3da7d73130fa232dabee2215af5e,2017-03,Sussex Police,Sussex Police,-0.003513,50.797632,On or near Balcombe Road,E01021066,Lewes 007E,Violence and sexual offences,Action to be taken by another organisation,
,2017-03,Sussex Police,Sussex Police,0.055640,50.790318,On or near Transit Road,E01021045,Lewes 008A,Anti-social behaviour,,
,2017-03,Sussex Police,Sussex Police,0.051085,50.785434,On or near Sports/Recreation Area,E01021045,Lewes 008A,Anti-social behaviour,,
ec0574bb51e57bbdcbd16f67049df58d7b25b071e7e6b2dc395a84aa364dcf85,2017-03,Sussex Police,Sussex Police,0.043603,50.783047,On or near Newhaven Heights,E01021045,Lewes 008A,Burglary,Unable to prosecute suspect,
9242de20bf7a0ab644ada66b1505b042c31d2a2cd6131aa52aa3deeef8963c00,2017-03,Sussex Police,Sussex Police,0.055640,50.790318,On or near Transit Road,E01021045,Lewes 008A,Burglary,Unable to prosecute suspect,
d14148bcd83bc67f55a656b12bfb42673100ab6b509d2dc45ffcaea20f22eadf,2017-03,Sussex Police,Sussex Police,0.043603,50.783047,On or near Newhaven Heights,E01021045,Lewes 008A,Burglary,Investigation complete; no suspect identified,
5bcab9fd080a3630d53e3c427d9158a78edf580eee149b5cf0748e1ab51f3a29,2017-03,Sussex Police,Sussex Police,0.046968,50.788294,On or near Hill Crest Road,E01021045,Lewes 008A,Criminal damage and arson,Investigation complete; no suspect identified,
a02f5ec205bdf84f74ed22f952025722ef3fd71047d557e7202da9cd1c81f5c4,2017-03,Sussex Police,Sussex Police,0.048566,50.787538,On or near Badgers Close,E01021045,Lewes 008A,Other theft,Unable to prosecute suspect,
79f3ce8cf6ff455fc3bd3cefd6e6e22ac3a2366ae4e56f18cb05d6b399614422,2017-03,Sussex Police,Sussex Police,0.057858,50.788462,On or near Beach Road,E01021045,Lewes 008A,Violence and sexual offences,Investigation complete; no suspect identified,
5602405aba72a716d61d6f9ef3e77dd5399ec7c07fcf536438e2d4df8bdd0eb4,2017-03,Sussex Police,Sussex Police,0.051085,50.785434,On or near Sports/Recreation Area,E01021045,Lewes 008A,Violence and sexual offences,Unable to prosecute suspect,
ddffe4d37f8145abd24110ebe545e2ad51b6c44ab610cdc956e266ef092d2553,2017-03,Sussex Police,Sussex Police,0.057858,50.788462,On or near Beach Road,E01021045,Lewes 008A,Violence and sexual offences,Investigation complete; no suspect identified,
d568f69488894f23a2cedc196364b4e043343643324fbab1c82d451c64b58d8a,2017-03,Sussex Police,Sussex Police,0.050810,50.788236,On or near Geneva Road,E01021045,Lewes 008A,Violence and sexual offences,Further investigation is not in the public interest,
40ecc90740ffc239f5fd01fa7c54975e67a8fdbf698ec7aca1f3421d806e6e1b,2017-03,Sussex Police,Sussex Police,0.048566,50.787538,On or near Badgers Close,E01021045,Lewes 008A,Violence and sexual offences,Formal action is not in the public interest,
d47ab28583805beb21e153ea2f805b00d3cd50d1c77db08defbdd912d302c2e9,2017-03,Sussex Police,Sussex Police,0.055175,50.790371,On or near Parking Area,E01021045,Lewes 008A,Violence and sexual offences,Investigation complete; no suspect identified,
b21b6b98dfc3901c1060e775b4ea38b6aef1b101838daccbd341f1c6360bf39c,2017-03,Sussex Police,Sussex Police,0.055640,50.790318,On or near Transit Road,E01021045,Lewes 008A,Other crime,Formal action is not in the public interest,
,2017-03,Sussex Police,Sussex Police,0.066776,50.804412,On or near Park Drive Close,E01021046,Lewes 008B,Anti-social behaviour,,
d0b1de7c517d5f851ad8765616090a609cfb03b68320b1065e1f9d9bec0cf6f8,2017-03,Sussex Police,Sussex Police,0.065937,50.799229,On or near Mount Road,E01021046,Lewes 008B,Violence and sexual offences,Action to be taken by another organisation,
188bc0353da4eff8272ed2f9b92ce217bb26595c6d42b8326545708c54d80790,2017-03,Sussex Police,Sussex Police,0.066776,50.804412,On or near Park Drive Close,E01021046,Lewes 008B,Violence and sexual offences,Unable to prosecute suspect,
,2017-03,Sussex Police,Sussex Police,0.055585,50.794240,On or near Railway Road,E01021047,Lewes 008C,Anti-social behaviour,,
,2017-03,Sussex Police,Sussex Police,0.055585,50.794240,On or near Railway Road,E01021047,Lewes 008C,Anti-social behaviour,,
,2017-03,Sussex Police,Sussex Police,0.055585,50.794240,On or near Railway Road,E01021047,Lewes 008C,Anti-social behaviour,,
,2017-03,Sussex Police,Sussex Police,0.055585,50.794240,On or near Railway Road,E01021047,Lewes 008C,Anti-social behaviour,,
,2017-03,Sussex Police,Sussex Police,0.055585,50.794240,On or near Railway Road,E01021047,Lewes 008C,Anti-social behaviour,,
,2017-03,Sussex Police,Sussex Police,0.055585,50.794240,On or near Railway Road,E01021047,Lewes 008C,Anti-social behaviour,,
,2017-03,Sussex Police,Sussex Police,0.056473,50.791841,On or near Norton Terrace,E01021047,Lewes 008C,Anti-social behaviour,,
,2017-03,Sussex Police,Sussex Police,0.055585,50.794240,On or near Railway Road,E01021047,Lewes 008C,Anti-social behaviour,,
,2017-03,Sussex Police,Sussex Police,0.052104,50.793474,On or near Riverside North,E01021047,Lewes 008C,Anti-social behaviour,,
,2017-03,Sussex Police,Sussex Police,0.055585,50.794240,On or near Railway Road,E01021047,Lewes 008C,Anti-social behaviour,,
,2017-03,Sussex Police,Sussex Police,0.055585,50.794240,On or near Railway Road,E01021047,Lewes 008C,Anti-social behaviour,,
,2017-03,Sussex Police,Sussex Police,0.055585,50.794240,On or near Railway Road,E01021047,Lewes 008C,Anti-social behaviour,,
,2017-03,Sussex Police,Sussex Police,0.055585,50.794240,On or near Railway Road,E01021047,Lewes 008C,Anti-social behaviour,,
,2017-03,Sussex Police,Sussex Police,0.055585,50.794240,On or near Railway Road,E01021047,Lewes 008C,Anti-social behaviour,,
,2017-03,Sussex Police,Sussex Police,0.052104,50.793474,On or near Riverside North,E01021047,Lewes 008C,Anti-social behaviour,,
1451117af49cdca3d6ef1c5bc6d40a35dead8a83c1709c3f9ebd26858191b074,2017-03,Sussex Police,Sussex Police,0.062268,50.800022,On or near Avis Road,E01021047,Lewes 008C,Burglary,Unable to prosecute suspect,
58f3cff5bae5d0d9b00406ab96e59ad3a5a802106e4ace2dc9c4016069aa055f,2017-03,Sussex Police,Sussex Police,0.061117,50.802885,On or near Denton Drive,E01021047,Lewes 008C,Burglary,Awaiting court outcome,
f880a475d09266ed8723cfc38c93ee139896815fed9156e38d9b0398b159513e,2017-03,Sussex Police,Sussex Police,0.061117,50.802885,On or near Denton Drive,E01021047,Lewes 008C,Criminal damage and arson,Investigation complete; no suspect identified,
64d931150dd6f3527546ec34c2cc8a739f57578edfee081907fc0b48aaa38a3f,2017-03,Sussex Police,Sussex Police,0.055585,50.794240,On or near Railway Road,E01021047,Lewes 008C,Other theft,Investigation complete; no suspect identified,
056a63e9fee582142d5f919252961c2354d801db897894ba357ff0c46995e383,2017-03,Sussex Police,Sussex Police,0.062268,50.800022,On or near Avis Road,E01021047,Lewes 008C,Other theft,Investigation complete; no suspect identified,
46fc3a6d01714b0cb263e51c784f4585a125cd2feb76509404322cab45abe230,2017-03,Sussex Police,Sussex Police,0.056981,50.799189,On or near Avis Way,E01021047,Lewes 008C,Other theft,Investigation complete; no suspect identified,
49ddc25062774c2bc9298934a1ab41f9e9cbc2d4a1fdc6d4f0ce405fec0269ef,2017-03,Sussex Police,Sussex Police,0.056981,50.799189,On or near Avis Way,E01021047,Lewes 008C,Other theft,Investigation complete; no suspect identified,
1970a067d81f51a8d75f6dabd7aaa110baa71e91b2dadeb2ea3b8aa18734278f,2017-03,Sussex Police,Sussex Police,0.055585,50.794240,On or near Railway Road,E01021047,Lewes 008C,Public order,Investigation complete; no suspect identified,
be6a1285a5f1fbd7f3262ad5c1270047e8eea19b681678c131ed87bdde5bf563,2017-03,Sussex Police,Sussex Police,0.056169,50.792350,On or near Baker Street,E01021047,Lewes 008C,Public order,Unable to prosecute suspect,
70db5a4b5cdb492584afb2c7a9df95bd6468637929b7e886fd16bde475475f37,2017-03,Sussex Police,Sussex Police,0.055585,50.794240,On or near Railway Road,E01021047,Lewes 008C,Public order,Offender given a caution,
b66472a1bfe26044f433e97ab57036909698ed198a8d678b45b9d5010a2aa127,2017-03,Sussex Police,Sussex Police,0.055585,50.794240,On or near Railway Road,E01021047,Lewes 008C,Public order,Local resolution,
98a05fec59285b3117f2ffba277fdd010dc0194cf215ac7ccc7a134174b0d27e,2017-03,Sussex Police,Sussex Police,0.055585,50.794240,On or near Railway Road,E01021047,Lewes 008C,Public order,Further investigation is not in the public interest,
5e57b8ff4894919510361f57c851b9e0063bf0f610b61087826c434e8840094d,2017-03,Sussex Police,Sussex Police,0.055585,50.794240,On or near Railway Road,E01021047,Lewes 008C,Shoplifting,Unable to prosecute suspect,
9d45c4ddf7430df39b76e1dfc7118f7e4a91a5e767680b507db82eb8e9685448,2017-03,Sussex Police,Sussex Police,0.055585,50.794240,On or near Railway Road,E01021047,Lewes 008C,Shoplifting,Investigation complete; no suspect identified,
e73750b1e1bf6c2e0deea0825085cb3564a22a0e6b45124e932a529637d642e2,2017-03,Sussex Police,Sussex Police,0.055585,50.794240,On or near Railway Road,E01021047,Lewes 008C,Shoplifting,Local resolution,
edce5f42589991244dc8645e05b47f263936a73a73fd5dd4c8fa72de0437b30f,2017-03,Sussex Police,Sussex Police,0.055585,50.794240,On or near Railway Road,E01021047,Lewes 008C,Shoplifting,Further investigation is not in the public interest,
97d187124be08a854c31bba14b5cb0e6ac010c0f8c62e327320a283e5b866d7e,2017-03,Sussex Police,Sussex Police,0.055585,50.794240,On or near Railway Road,E01021047,Lewes 008C,Shoplifting,Local resolution,
2420398b2114465ccddf7bcf41587dfa8c7763d61d2aab6710c0be42550b2b88,2017-03,Sussex Police,Sussex Police,0.062268,50.800022,On or near Avis Road,E01021047,Lewes 008C,Theft from the person,Awaiting court outcome,
db22460f637e7522abd379205b2d96602d3e516a651be37459589e026d78db17,2017-03,Sussex Police,Sussex Police,0.062828,50.800822,On or near Beresford Road,E01021047,Lewes 008C,Vehicle crime,Investigation complete; no suspect identified,
28ce32bc500c29f21e06db7bf94ab72485e86f883726b0a3a3184d572e8550e4,2017-03,Sussex Police,Sussex Police,0.056666,50.791370,On or near Norton Road,E01021047,Lewes 008C,Vehicle crime,Investigation complete; no suspect identified,
88af5a62d5f73d3c8d80ba862001c60eb4fbe51fbc32d2d90dd5a3616650bf87,2017-03,Sussex Police,Sussex Police,0.063374,50.804518,On or near Orchard Mews,E01021047,Lewes 008C,Vehicle crime,Investigation complete; no suspect identified,
37aaadec0e17bdff5ac82055ea746f6a6680903bf7a9380a66590ed6e1a19c13,2017-03,Sussex Police,Sussex Police,0.056169,50.792350,On or near Baker Street,E01021047,Lewes 008C,Violence and sexual offences,Further investigation is not in the public interest,
2733dad9480c8ce032d48d2f767c6859183ca3c7c0a93fd66d2590300a0a94bc,2017-03,Sussex Police,Sussex Police,0.055585,50.794240,On or near Railway Road,E01021047,Lewes 008C,Violence and sexual offences,Unable to prosecute suspect,
afbaff1579d5cf2f7e74648d1178aefd8646fefca1cda0075ecdb44756903487,2017-03,Sussex Police,Sussex Police,0.055585,50.794240,On or near Railway Road,E01021047,Lewes 008C,Violence and sexual offences,Unable to prosecute suspect,
a8c094ba767bd6354b355b90ac2f8972c58d2869d8d21fb020ca3a3d6651eae8,2017-03,Sussex Police,Sussex Police,0.052334,50.798723,On or near North Quay Road,E01021047,Lewes 008C,Violence and sexual offences,Formal action is not in the public interest,
d61f54f4cd9d99a6848a78181df61c4ffc5aa9463ff9beb57d1f6f5f7bd7cf27,2017-03,Sussex Police,Sussex Police,0.052104,50.793474,On or near Riverside North,E01021047,Lewes 008C,Violence and sexual offences,Unable to prosecute suspect,
99686ccdd44130d9fc1e87714709ce96e888e49173175bbe4cfd1ff8fa6b73a3,2017-03,Sussex Police,Sussex Police,0.052334,50.798723,On or near North Quay Road,E01021047,Lewes 008C,Violence and sexual offences,Formal action is not in the public interest,
27e9398aa18aec4709f4dc3215a3a7b4a755922a33b5d5fc179d8ac0b4d34cae,2017-03,Sussex Police,Sussex Police,0.055585,50.794240,On or near Railway Road,E01021047,Lewes 008C,Violence and sexual offences,Further investigation is not in the public interest,
ba4a685cd66d6fbb63ae15424c3d52f651487d1440c5672fded11f01fe8902da,2017-03,Sussex Police,Sussex Police,0.055585,50.794240,On or near Railway Road,E01021047,Lewes 008C,Violence and sexual offences,Unable to prosecute suspect,
a65f743af1e084b88e4128b894f2f706c4295d543d86867e67024756c86a38bd,2017-03,Sussex Police,Sussex Police,0.061117,50.802885,On or near Denton Drive,E01021047,Lewes 008C,Other crime,Further investigation is not in the public interest,
,2017-03,Sussex Police,Sussex Police,0.051441,50.790653,On or near Lorraine Road,E01021048,Lewes 008D,Anti-social behaviour,,
,2017-03,Sussex Police,Sussex Police,0.050626,50.791801,On or near Hill Side,E01021048,Lewes 008D,Anti-social behaviour,,
,2017-03,Sussex Police,Sussex Police,0.049316,50.791383,On or near Bay Vue Road,E01021048,Lewes 008D,Anti-social behaviour,,
0b01b67687bc607098e997c5249d93dc2bda23d571f0fd2634d41f6e8dd069d7,2017-03,Sussex Police,Sussex Police,0.049332,50.792705,On or near Meeching Road,E01021048,Lewes 008D,Drugs,Offender given a drugs possession warning,
38b3df56b725a5d515e7740336878c0c1809f609db1d0f25c5c506934d218f56,2017-03,Sussex Police,Sussex Police,0.052169,50.789453,On or near West Quay,E01021048,Lewes 008D,Violence and sexual offences,Further investigation is not in the public interest,
6ea96b733ab8bfe4a17a4bef519a612961690f57c108040a6a428f0a01183053,2017-03,Sussex Police,Sussex Police,0.046918,50.792342,On or near Meeching Rise,E01021048,Lewes 008D,Violence and sexual offences,Unable to prosecute suspect,
6bd310c2596f4cd8808b8260117544e7b9a36b525098c2dd177f8f01a36cfe77,2017-03,Sussex Police,Sussex Police,0.046565,50.793050,On or near Cloisters,E01021048,Lewes 008D,Violence and sexual offences,Status update unavailable,
842bd6ddbaae23479ac59e72922ee29d48fc09f7972fe2ca54d91ac978d3fe44,2017-03,Sussex Police,Sussex Police,0.051382,50.792552,On or near Chapel Street,E01021048,Lewes 008D,Violence and sexual offences,Investigation complete; no suspect identified,
15df0aaa5869b27f34be3080cb8f430b29b71dbe84845a46c936f7bb93179821,2017-03,Sussex Police,Sussex Police,0.051382,50.792552,On or near Chapel Street,E01021048,Lewes 008D,Violence and sexual offences,Status update unavailable,
fcf0088e001b947a72c09817bf1f74b5cf7b37cee27542ec946ea88f6cda1aee,2017-03,Sussex Police,Sussex Police,0.046918,50.792342,On or near Meeching Rise,E01021048,Lewes 008D,Violence and sexual offences,Investigation complete; no suspect identified,
8c4e8e58755fb726e4a026dc61515629bb811e05f52a40dfead5f0346b985aa0,2017-03,Sussex Police,Sussex Police,0.051382,50.792552,On or near Chapel Street,E01021048,Lewes 008D,Violence and sexual offences,Unable to prosecute suspect,
59c535047986ef690709c1352081b4a30edd0bad109fc012b9cf0082e1bd9cc4,2017-03,Sussex Police,Sussex Police,0.052169,50.789453,On or near West Quay,E01021048,Lewes 008D,Violence and sexual offences,Unable to prosecute suspect,
928007254b936358eecb0ebeb248be4169207056acf855fe49ae722d6fda05c7,2017-03,Sussex Police,Sussex Police,0.050161,50.793185,On or near Police Station,E01021048,Lewes 008D,Violence and sexual offences,Unable to prosecute suspect,
69116aaab7b2821d38204cddbd54e079f3674968c566256ca9c9d4dae78adc11,2017-03,Sussex Police,Sussex Police,0.046918,50.792342,On or near Meeching Rise,E01021048,Lewes 008D,Violence and sexual offences,Investigation complete; no suspect identified,
39fca0c7fef39804870394ed6e3401c94f6a6331009c75f833b600e3837ba1c0,2017-03,Sussex Police,Sussex Police,0.050626,50.791801,On or near Hill Side,E01021048,Lewes 008D,Other crime,Status update unavailable,
,2017-03,Sussex Police,Sussex Police,0.044185,50.787597,On or near Gibbon Road,E01021044,Lewes 009A,Anti-social behaviour,,
,2017-03,Sussex Police,Sussex Police,0.037779,50.788419,On or near Southdown Close,E01021044,Lewes 009A,Anti-social behaviour,,
,2017-03,Sussex Police,Sussex Police,0.042362,50.790039,On or near Northdown Close,E01021044,Lewes 009A,Anti-social behaviour,,
,2017-03,Sussex Police,Sussex Police,0.042362,50.790039,On or near Northdown Close,E01021044,Lewes 009A,Anti-social behaviour,,
,2017-03,Sussex Police,Sussex Police,0.039152,50.788017,On or near Southdown Road,E01021044,Lewes 009A,Anti-social behaviour,,
,2017-03,Sussex Police,Sussex Police,0.042362,50.790039,On or near Northdown Close,E01021044,Lewes 009A,Anti-social behaviour,,
a3898de2745f04f1d403fe6a87b85f2415757d1cc2a1cc50a61cf00bf7fe0aee,2017-03,Sussex Police,Sussex Police,0.041105,50.789530,On or near Northdown Road,E01021044,Lewes 009A,Burglary,Investigation complete; no suspect identified,
690c88a3204b1d38435c4fba410322a5c218a3f69a8a73d5098c65cbfb155fc0,2017-03,Sussex Police,Sussex Police,0.037779,50.788419,On or near Southdown Close,E01021044,Lewes 009A,Drugs,Offender given a caution,
e9110111a6270cab963e4ceea08a8117820a4973399afd97505cbc7dde7da08c,2017-03,Sussex Police,Sussex Police,0.038473,50.786743,On or near Harbour View Road,E01021044,Lewes 009A,Public order,Investigation complete; no suspect identified,
102641882058179936de4a7022c3903dd282e7abccffc35cdcdc2b2f7645244b,2017-03,Sussex Police,Sussex Police,0.044052,50.788786,On or near Western Road,E01021044,Lewes 009A,Violence and sexual offences,Investigation complete; no suspect identified,
8c2b88894798ef33b82743bf75b98f861f3d33807cf13da63c56630b87a2bb89,2017-03,Sussex Police,Sussex Police,0.039152,50.788017,On or near Southdown Road,E01021044,Lewes 009A,Violence and sexual offences,Unable to prosecute suspect,
f5614d19645d731693c89ce0731da58283c6b557ca7103d29302696e6f1fbed0,2017-03,Sussex Police,Sussex Police,0.042388,50.787376,On or near Hanson Road,E01021044,Lewes 009A,Violence and sexual offences,Unable to prosecute suspect,
2fdb73825b0569195fa128d1821415377d66f3fb6f8ecb4fae913e481aa82970,2017-03,Sussex Police,Sussex Police,0.042388,50.787376,On or near Hanson Road,E01021044,Lewes 009A,Violence and sexual offences,Action to be taken by another organisation,
f33bd6505410b6e3b527a8159173c95294d98944c1005c0c1b6ba078db39ff3a,2017-03,Sussex Police,Sussex Police,0.042388,50.787376,On or near Hanson Road,E01021044,Lewes 009A,Violence and sexual offences,Unable to prosecute suspect,
b575f07d5469057bcdd3160b4d40fa977b816b33d00e2a6f87dbda386e4bc166,2017-03,Sussex Police,Sussex Police,0.042388,50.787376,On or near Hanson Road,E01021044,Lewes 009A,Violence and sexual offences,Unable to prosecute suspect,
57f98e701132a8b3f6eaa6f5adc1cc79c0a43f524efe21d119be6b7a5d80f1bd,2017-03,Sussex Police,Sussex Police,0.042362,50.790039,On or near Northdown Close,E01021044,Lewes 009A,Violence and sexual offences,Investigation complete; no suspect identified,
,2017-03,Sussex Police,Sussex Police,0.048744,50.794837,On or near Butchers Lane,E01021049,Lewes 009B,Anti-social behaviour,,
,2017-03,Sussex Police,Sussex Police,0.043377,50.794131,On or near Murray Avenue,E01021049,Lewes 009B,Anti-social behaviour,,
,2017-03,Sussex Police,Sussex Police,0.048088,50.793482,On or near Marshall Lane,E01021049,Lewes 009B,Anti-social behaviour,,
,2017-03,Sussex Police,Sussex Police,0.048744,50.794837,On or near Butchers Lane,E01021049,Lewes 009B,Anti-social behaviour,,
,2017-03,Sussex Police,Sussex Police,0.050532,50.794527,On or near Bridge Street,E01021049,Lewes 009B,Anti-social behaviour,,
,2017-03,Sussex Police,Sussex Police,0.048852,50.793747,On or near Dacre Road,E01021049,Lewes 009B,Anti-social behaviour,,
,2017-03,Sussex Police,Sussex Police,0.049547,50.794715,On or near High Street,E01021049,Lewes 009B,Anti-social behaviour,,
,2017-03,Sussex Police,Sussex Police,0.048088,50.793482,On or near Marshall Lane,E01021049,Lewes 009B,Anti-social behaviour,,
,2017-03,Sussex Police,Sussex Police,0.048852,50.793747,On or near Dacre Road,E01021049,Lewes 009B,Anti-social behaviour,,
,2017-03,Sussex Police,Sussex Police,0.048852,50.793747,On or near Dacre Road,E01021049,Lewes 009B,Anti-social behaviour,,
9e7a8032445ef28f135e02a985baa44b4cb21e9f07f441b7e1fe4d5c1a5a7528,2017-03,Sussex Police,Sussex Police,0.045346,50.793386,On or near Newfield Lane,E01021049,Lewes 009B,Burglary,Status update unavailable,
c1f34d53d456fd13682637899cc474a0bda8d544db26ebcd0662a1e7c16648af,2017-03,Sussex Police,Sussex Police,0.049547,50.794715,On or near High Street,E01021049,Lewes 009B,Criminal damage and arson,Status update unavailable,
ba311f0e80addac05baff680897db0815f2f4c253f7a439c29be9e07e38e2366,2017-03,Sussex Police,Sussex Police,0.050105,50.793842,On or near Supermarket,E01021049,Lewes 009B,Criminal damage and arson,Investigation complete; no suspect identified,
3f7e952df52fafef084e47f4e46b492be294368f42ad29f9738e7e98399f6e89,2017-03,Sussex Police,Sussex Police,0.048744,50.794837,On or near Butchers Lane,E01021049,Lewes 009B,Criminal damage and arson,Investigation complete; no suspect identified,
310278532ce362f12eeeaef2b3c4bfc60d3d8e043780157d535a08f2406630d3,2017-03,Sussex Police,Sussex Police,0.048744,50.794837,On or near Butchers Lane,E01021049,Lewes 009B,Criminal damage and arson,Investigation complete; no suspect identified,
d60b3ad7ae0248ef7bb1aaf86ae16ec661fb96007f035527d53692d819d9ba04,2017-03,Sussex Police,Sussex Police,0.042193,50.792686,On or near Rose Walk Close,E01021049,Lewes 009B,Criminal damage and arson,Investigation complete; no suspect identified,
5334c6f1b08a1794c23c714b354375b3ec853dc9e70102b9fcb2a35106dbea75,2017-03,Sussex Police,Sussex Police,0.048744,50.794837,On or near Butchers Lane,E01021049,Lewes 009B,Criminal damage and arson,Investigation complete; no suspect identified,
c61af43351980fe4840242f24be4a22afb4ee806bad9d621cc7aed2d3cf9cd94,2017-03,Sussex Police,Sussex Police,0.048852,50.793747,On or near Dacre Road,E01021049,Lewes 009B,Criminal damage and arson,Unable to prosecute suspect,
bf865d10b0e7ffefdf13656afdad7d62d2bff788d57f47a246bd6baac1a571cf,2017-03,Sussex Police,Sussex Police,0.045346,50.793386,On or near Newfield Lane,E01021049,Lewes 009B,Other theft,Investigation complete; no suspect identified,
222f822c8987f3e7f3eefda4217f14038a5278e5e10d2f72a70586a983efd05b,2017-03,Sussex Police,Sussex Police,0.050532,50.794527,On or near Bridge Street,E01021049,Lewes 009B,Public order,Unable to prosecute suspect,
feba14407992e006fc6547fb6b8c58491b85ba09929eb8ae74005f79084cb55e,2017-03,Sussex Police,Sussex Police,0.045346,50.793386,On or near Newfield Lane,E01021049,Lewes 009B,Theft from the person,Investigation complete; no suspect identified,
c766ad5a3bdbaa67c8c5a883b3c2bcd9b4d023b0d759676b5623a7ef63095900,2017-03,Sussex Police,Sussex Police,0.045346,50.793386,On or near Newfield Lane,E01021049,Lewes 009B,Theft from the person,Investigation complete; no suspect identified,
972562d04c614cd84c3845b30ca4d4d4b166f33d0e1dfd76f021e5bd1b27e867,2017-03,Sussex Police,Sussex Police,0.048088,50.793482,On or near Marshall Lane,E01021049,Lewes 009B,Vehicle crime,Investigation complete; no suspect identified,
da44344a186b6fefc0afd911066c56bff415daaedf61ed276265a3abe402a62c,2017-03,Sussex Police,Sussex Police,0.049547,50.794715,On or near High Street,E01021049,Lewes 009B,Violence and sexual offences,Unable to prosecute suspect,
a83c6c24b1d949bb01fc9ace08bc241896eb99474044c3426f98cc5a3a8c189a,2017-03,Sussex Police,Sussex Police,0.050482,50.794357,On or near Senlac Road,E01021049,Lewes 009B,Violence and sexual offences,Local resolution,
b33a3a2f889e2a777295678fa9e5c44d234b2c0c27f44c2a4523a6d86d54507f,2017-03,Sussex Police,Sussex Police,0.044792,50.793063,On or near Newfield Road,E01021049,Lewes 009B,Violence and sexual offences,Unable to prosecute suspect,
145dd68c33ca4ce165c68adf46f3e68102ff0758bdf0fe81b03093be4e544aa5,2017-03,Sussex Police,Sussex Police,0.050105,50.793842,On or near Supermarket,E01021049,Lewes 009B,Violence and sexual offences,Status update unavailable,
17c71f6fdce23c23ccd5b148e8f50d6c2714e31370cdab8ccf14b39025a9ee3a,2017-03,Sussex Police,Sussex Police,0.044761,50.794620,On or near Lawes Avenue,E01021049,Lewes 009B,Violence and sexual offences,Defendant found not guilty,
3240a96e69096df89ce9c2df0a1b99c3b310c8d4afb2fb2f2f3c9b878e2c510e,2017-03,Sussex Police,Sussex Police,0.043469,50.792978,On or near The Rose Walk,E01021049,Lewes 009B,Violence and sexual offences,Unable to prosecute suspect,
95f52454dfc8601e93567d7be875f7d384d3cdef05f1be7f40ef97644832062b,2017-03,Sussex Police,Sussex Police,0.050532,50.794527,On or near Bridge Street,E01021049,Lewes 009B,Violence and sexual offences,Offender given community sentence,
,2017-03,Sussex Police,Sussex Police,0.036731,50.792368,On or near Lewry Close,E01021050,Lewes 009C,Anti-social behaviour,,
,2017-03,Sussex Police,Sussex Police,0.034649,50.792458,On or near Brazen Close,E01021050,Lewes 009C,Anti-social behaviour,,
cb1073e211e964d986c75ca567bccc4fcd13efa0d931308d716e226e94ef2891,2017-03,Sussex Police,Sussex Police,0.041126,50.794575,On or near Fullwood Avenue,E01021050,Lewes 009C,Burglary,Investigation complete; no suspect identified,
d45b5719cfde6b556d686b076a52520a2865f680745407f1ec3941db1dbf3304,2017-03,Sussex Police,Sussex Police,0.037350,50.791934,On or near Hawthorn Rise,E01021050,Lewes 009C,Criminal damage and arson,Investigation complete; no suspect identified,
5ec0242c8d52b7dcab9711e59c292036b5f6a8422dfb7cb9b9da539b659e036a,2017-03,Sussex Police,Sussex Police,0.034303,50.792653,On or near The Fairway,E01021050,Lewes 009C,Possession of weapons,Offender given absolute discharge,
1d9f41b67558e15a80e7d1f5faf47ff29ebf302dd1b5620d0dea3d5eacac6e15,2017-03,Sussex Police,Sussex Police,0.036731,50.792368,On or near Lewry Close,E01021050,Lewes 009C,Violence and sexual offences,Unable to prosecute suspect,
7ea433190c32d5e86a2286e3c75978692f5aa0c3043c9ba7eff86119db868db4,2017-03,Sussex Police,Sussex Police,0.037350,50.791934,On or near Hawthorn Rise,E01021050,Lewes 009C,Violence and sexual offences,Unable to prosecute suspect,
87f610ec59a752d80c3fe0ce99bc6b15362d830999271a7ef135678eec1c296f,2017-03,Sussex Police,Sussex Police,0.038496,50.792490,On or near Hazel Close,E01021050,Lewes 009C,Violence and sexual offences,Unable to prosecute suspect,
90eac32b797cb6bc690dfe5357c50274405f4d79b778062faa3226ef89a500ae,2017-03,Sussex Police,Sussex Police,0.040090,50.793271,On or near Elm Court,E01021050,Lewes 009C,Other crime,Further investigation is not in the public interest,
,2017-03,Sussex Police,Sussex Police,0.045925,50.796263,On or near Elphick Road,E01021051,Lewes 009D,Anti-social behaviour,,
,2017-03,Sussex Police,Sussex Police,0.043936,50.794904,On or near Evelyn Avenue,E01021051,Lewes 009D,Anti-social behaviour,,
,2017-03,Sussex Police,Sussex Police,0.041170,50.798838,On or near Lewes Road,E01021051,Lewes 009D,Anti-social behaviour,,
,2017-03,Sussex Police,Sussex Police,0.046132,50.796781,On or near Robinson Road,E01021051,Lewes 009D,Anti-social behaviour,,
b90bfc64569f0e2ea03e044f3741036f8ebfb4a06481ec5a7bf16dcaaba7aea4,2017-03,Sussex Police,Sussex Police,0.042928,50.795533,On or near Lee Way,E01021051,Lewes 009D,Other theft,Unable to prosecute suspect,
478aaa824f2ad4af2e7e445313b3f69958c915106ed98a95006e7e96f57209f4,2017-03,Sussex Police,Sussex Police,0.042928,50.795533,On or near Lee Way,E01021051,Lewes 009D,Other theft,Investigation complete; no suspect identified,
4fd5b4340e3852065e862e5486e5d3edd98b93babadd7c952b0922fbf0e515b9,2017-03,Sussex Police,Sussex Police,0.042928,50.795533,On or near Lee Way,E01021051,Lewes 009D,Other theft,Unable to prosecute suspect,
96745b20865c336b21c0a888236c33d4d3df70dbc4fc998ea7aeb3ff3e0caf49,2017-03,Sussex Police,Sussex Police,0.045925,50.796263,On or near Elphick Road,E01021051,Lewes 009D,Public order,Formal action is not in the public interest,
ea87863c5cd71763e6b6655943876338faff686d33418a508e74da2c4e0df01b,2017-03,Sussex Police,Sussex Police,0.045925,50.796263,On or near Elphick Road,E01021051,Lewes 009D,Vehicle crime,Unable to prosecute suspect,
aa89707ab4a264cf3ea4df7e5a3af3b44067ab57d8ace3606bde3b04baefe645,2017-03,Sussex Police,Sussex Police,0.046095,50.795594,On or near Ship Street,E01021051,Lewes 009D,Violence and sexual offences,Unable to prosecute suspect,
f953c00d7784f6571bd2fec9ba8ab68ea394ac03469a66adaebeef08f4a21dad,2017-03,Sussex Police,Sussex Police,0.043936,50.794904,On or near Evelyn Avenue,E01021051,Lewes 009D,Violence and sexual offences,Unable to prosecute suspect,
8af586a0f29648b4329e2e0a15392997a1f9740689417d3383838af4537d2c28,2017-03,Sussex Police,Sussex Police,0.043936,50.794904,On or near Evelyn Avenue,E01021051,Lewes 009D,Violence and sexual offences,Unable to prosecute suspect,
,2017-03,Sussex Police,Sussex Police,0.010330,50.793159,On or near Flint Way,E01021058,Lewes 010A,Anti-social behaviour,,
,2017-03,Sussex Police,Sussex Police,0.009199,50.791928,On or near Arundel Road,E01021058,Lewes 010A,Anti-social behaviour,,
,2017-03,Sussex Police,Sussex Police,0.009333,50.792744,On or near Roundhouse Crescent,E01021058,Lewes 010A,Anti-social behaviour,,
,2017-03,Sussex Police,Sussex Police,0.006563,50.790678,On or near Keymer Avenue,E01021058,Lewes 010A,Anti-social behaviour,,
,2017-03,Sussex Police,Sussex Police,0.006563,50.790678,On or near Keymer Avenue,E01021058,Lewes 010A,Anti-social behaviour,,
,2017-03,Sussex Police,Sussex Police,0.006563,50.790678,On or near Keymer Avenue,E01021058,Lewes 010A,Anti-social behaviour,,
,2017-03,Sussex Police,Sussex Police,0.002841,50.788584,On or near Promenade,E01021058,Lewes 010A,Anti-social behaviour,,
,2017-03,Sussex Police,Sussex Police,0.002841,50.788584,On or near Promenade,E01021058,Lewes 010A,Anti-social behaviour,,
,2017-03,Sussex Police,Sussex Police,0.001683,50.790708,On or near Parking Area,E01021058,Lewes 010A,Anti-social behaviour,,
06f1afbd33e62dd366ea7e74b9eb5c7c1f09ae891ad579695008d45e9657ae49,2017-03,Sussex Police,Sussex Police,0.009333,50.792744,On or near Roundhouse Crescent,E01021058,Lewes 010A,Criminal damage and arson,Investigation complete; no suspect identified,
3a193d064cb9613b363d332f9baa5beb6f8d21470cfb2cb2e392d4eff25285db,2017-03,Sussex Police,Sussex Police,0.005071,50.793285,On or near Rayford Close,E01021058,Lewes 010A,Criminal damage and arson,Investigation complete; no suspect identified,
21ba1db2332c16751fc5cb658d719ff76ce06b9dd3fde17a1b22e8d0c83e2957,2017-03,Sussex Police,Sussex Police,0.001683,50.790708,On or near Parking Area,E01021058,Lewes 010A,Criminal damage and arson,Investigation complete; no suspect identified,
56dca366938e16658aee7f7f3b7b4662537fddfd40207aa956e7bbd6f294278e,2017-03,Sussex Police,Sussex Police,0.005071,50.793285,On or near Rayford Close,E01021058,Lewes 010A,Public order,Status update unavailable,
e24bbc17407f1cd61c0ee6ecacfcf7a9f988598b595a1c585b8ee3af7bcf2ce5,2017-03,Sussex Police,Sussex Police,0.006563,50.790678,On or near Keymer Avenue,E01021058,Lewes 010A,Public order,Investigation complete; no suspect identified,
d79dbdbccccf27f2d50b7e36fc91993876745fa19b710b0a3c72bcafe294873f,2017-03,Sussex Police,Sussex Police,0.009199,50.791928,On or near Arundel Road,E01021058,Lewes 010A,Public order,Investigation complete; no suspect identified,
5cce37af021dab5f8bbf80790dcba6cd06cc7555c32d6c4779dfae3ead56810b,2017-03,Sussex Police,Sussex Police,0.005669,50.791008,On or near Capel Avenue,E01021058,Lewes 010A,Shoplifting,Investigation complete; no suspect identified,
ddba94782f2d8f7b1d484f9d42457404b3fa13557b1f872bb03c8da2334b6e7e,2017-03,Sussex Police,Sussex Police,0.005669,50.791008,On or near Capel Avenue,E01021058,Lewes 010A,Shoplifting,Investigation complete; no suspect identified,
1c90dc92175f7c7b8118f9e8c3ef7d90cd61328b71f0c7c5c030d0fd1eec7e11,2017-03,Sussex Police,Sussex Police,0.005071,50.793285,On or near Rayford Close,E01021058,Lewes 010A,Violence and sexual offences,Offender fined,
98aeb2bd795bee30ece49903d628c6cb0a796889118a8d8a543a8ece310fd4cb,2017-03,Sussex Police,Sussex Police,0.009333,50.792744,On or near Roundhouse Crescent,E01021058,Lewes 010A,Violence and sexual offences,Unable to prosecute suspect,
9203e7f2a40f30925159dabfe905fc636bb2f535e68135747cf61eb71742751f,2017-03,Sussex Police,Sussex Police,0.009333,50.792744,On or near Roundhouse Crescent,E01021058,Lewes 010A,Violence and sexual offences,Investigation complete; no suspect identified,
f992dbaba1cd48af3b1a9288e017dd98d7d7e0901956e3cd37592a27a8e84547,2017-03,Sussex Police,Sussex Police,0.009333,50.792744,On or near Roundhouse Crescent,E01021058,Lewes 010A,Violence and sexual offences,Investigation complete; no suspect identified,
819afbe808685fa37ccb79c5dafbab4f2a97f0f862378cc89f2eb821ebe15957,2017-03,Sussex Police,Sussex Police,0.009333,50.792744,On or near Roundhouse Crescent,E01021058,Lewes 010A,Violence and sexual offences,Unable to prosecute suspect,
134fffa371fc42d94db0e7b60f5aabb1967d6062651d7f145dbfd3846938c774,2017-03,Sussex Police,Sussex Police,0.005071,50.793285,On or near Rayford Close,E01021058,Lewes 010A,Violence and sexual offences,Court result unavailable,
,2017-03,Sussex Police,Sussex Police,0.012297,50.789078,On or near Vernon Avenue,E01021059,Lewes 010B,Anti-social behaviour,,
,2017-03,Sussex Police,Sussex Police,0.008766,50.789435,On or near Parking Area,E01021059,Lewes 010B,Anti-social behaviour,,
,2017-03,Sussex Police,Sussex Police,0.008766,50.789435,On or near Parking Area,E01021059,Lewes 010B,Anti-social behaviour,,
,2017-03,Sussex Police,Sussex Police,0.008766,50.789435,On or near Parking Area,E01021059,Lewes 010B,Anti-social behaviour,,
,2017-03,Sussex Police,Sussex Police,0.008766,50.789435,On or near Parking Area,E01021059,Lewes 010B,Anti-social behaviour,,
,2017-03,Sussex Police,Sussex Police,0.008766,50.789435,On or near Parking Area,E01021059,Lewes 010B,Anti-social behaviour,,
,2017-03,Sussex Police,Sussex Police,0.008766,50.789435,On or near Parking Area,E01021059,Lewes 010B,Anti-social behaviour,,
,2017-03,Sussex Police,Sussex Police,0.008825,50.787851,On or near Neville Road,E01021059,Lewes 010B,Anti-social behaviour,,
0d0796ee964fc12e2a38cd1c16080385a5d2d625acce9cdaea64645e240156bd,2017-03,Sussex Police,Sussex Police,0.019590,50.787108,On or near Wellington Road,E01021059,Lewes 010B,Criminal damage and arson,Investigation complete; no suspect identified,
602edcd651bb561089c30c0baaad851380a3a94a4ada91708ee1e348f875dd0b,2017-03,Sussex Police,Sussex Police,0.018259,50.787823,On or near South Coast Road,E01021059,Lewes 010B,Criminal damage and arson,Offender given a caution,
1a8dbc1cff154212911f72aff2a91bbe1639dda3ce645888c24ebe3437c62980,2017-03,Sussex Police,Sussex Police,0.012757,50.788557,On or near Petrol Station,E01021059,Lewes 010B,Other theft,Investigation complete; no suspect identified,
fcf06504c38ca58bf7e1b01536a9b4d9950cd42340fb219d2a532989200d9945,2017-03,Sussex Police,Sussex Police,0.012757,50.788557,On or near Petrol Station,E01021059,Lewes 010B,Shoplifting,Offender given conditional discharge,
192e9b722123bb251fea2ca86a16fb52b9711ff570001c2677656c5463d18be2,2017-03,Sussex Police,Sussex Police,0.007208,50.789831,On or near Slindon Avenue,E01021059,Lewes 010B,Vehicle crime,Investigation complete; no suspect identified,
766871ac172fae8da38545a1560c12492f43f10ef87bb0e3094784b439b2d9f1,2017-03,Sussex Police,Sussex Police,0.019590,50.787108,On or near Wellington Road,E01021059,Lewes 010B,Violence and sexual offences,Unable to prosecute suspect,
6a9589ebfa1dd1a52d5b8c5c470a776307ecc70c19cd76f8c0478fd163db7e6e,2017-03,Sussex Police,Sussex Police,0.012297,50.789078,On or near Vernon Avenue,E01021059,Lewes 010B,Violence and sexual offences,Investigation complete; no suspect identified,
,2017-03,Sussex Police,Sussex Police,0.028339,50.788944,On or near Blakeney Avenue,E01021060,Lewes 010C,Anti-social behaviour,,
,2017-03,Sussex Police,Sussex Police,0.028339,50.788944,On or near Blakeney Avenue,E01021060,Lewes 010C,Anti-social behaviour,,
,2017-03,Sussex Police,Sussex Police,0.019802,50.790702,On or near Headland Way,E01021060,Lewes 010C,Anti-social behaviour,,
,2017-03,Sussex Police,Sussex Police,0.014779,50.791355,On or near Westview Close,E01021060,Lewes 010C,Anti-social behaviour,,
,2017-03,Sussex Police,Sussex Police,0.013569,50.793256,On or near Sports/Recreation Area,E01021060,Lewes 010C,Anti-social behaviour,,
,2017-03,Sussex Police,Sussex Police,0.011212,50.792217,On or near Piddinghoe Close,E01021060,Lewes 010C,Anti-social behaviour,,
,2017-03,Sussex Police,Sussex Police,0.011212,50.792217,On or near Piddinghoe Close,E01021060,Lewes 010C,Anti-social behaviour,,
,2017-03,Sussex Police,Sussex Police,0.011212,50.792217,On or near Piddinghoe Close,E01021060,Lewes 010C,Anti-social behaviour,,
,2017-03,Sussex Police,Sussex Police,0.011212,50.792217,On or near Piddinghoe Close,E01021060,Lewes 010C,Anti-social behaviour,,
,2017-03,Sussex Police,Sussex Police,0.011212,50.792217,On or near Piddinghoe Close,E01021060,Lewes 010C,Anti-social behaviour,,
,2017-03,Sussex Police,Sussex Police,0.011212,50.792217,On or near Piddinghoe Close,E01021060,Lewes 010C,Anti-social behaviour,,
,2017-03,Sussex Police,Sussex Police,0.011313,50.789283,On or near Sunview Avenue,E01021060,Lewes 010C,Anti-social behaviour,,
,2017-03,Sussex Police,Sussex Police,0.011212,50.792217,On or near Piddinghoe Close,E01021060,Lewes 010C,Anti-social behaviour,,
3715e5b2c8534a84bed6a13e959bda30b8c1b3c8cee90b1a834ac39e6fbfb9ee,2017-03,Sussex Police,Sussex Police,0.019520,50.791408,On or near Headland Close,E01021060,Lewes 010C,Burglary,Investigation complete; no suspect identified,
c38510e268597bc5b1ceb7e38a1867cfce00d1df128403549cbb7df9f5fa8bd9,2017-03,Sussex Police,Sussex Police,0.019802,50.790702,On or near Headland Way,E01021060,Lewes 010C,Criminal damage and arson,Investigation complete; no suspect identified,
538dd8ff32d4f15cc703a43310993da959d386ca773a592afbc49815ba1e517d,2017-03,Sussex Police,Sussex Police,0.019033,50.791632,On or near Cissbury Avenue,E01021060,Lewes 010C,Criminal damage and arson,Offender given a caution,
f474b26b366eb8da5e46347096a64353418e7fc9a297e217552952de7adfb256,2017-03,Sussex Police,Sussex Police,0.019520,50.791408,On or near Headland Close,E01021060,Lewes 010C,Criminal damage and arson,Investigation complete; no suspect identified,
4914feb1b2113f00132e7700357bc22d55974d9bd292717156ffd8ef0613682c,2017-03,Sussex Police,Sussex Police,0.013569,50.793256,On or near Sports/Recreation Area,E01021060,Lewes 010C,Violence and sexual offences,Further investigation is not in the public interest,
c4a244660bfdf4cc8b8a1acb221e64b243d8c09cbf7ecbbc5ef1700f99533336,2017-03,Sussex Police,Sussex Police,0.019033,50.791632,On or near Cissbury Avenue,E01021060,Lewes 010C,Violence and sexual offences,Unable to prosecute suspect,
f47bc47b19511f8cb79ed3b5bfde88d2685978296a10cf68e143ca2dfa34044a,2017-03,Sussex Police,Sussex Police,0.027152,50.789054,On or near Outlook Avenue,E01021060,Lewes 010C,Violence and sexual offences,Unable to prosecute suspect,
0a0ae8a642e61c10c38bc255909416fa116bda75e95d4a090ef366f83e0e82bb,2017-03,Sussex Police,Sussex Police,0.014779,50.791355,On or near Westview Close,E01021060,Lewes 010C,Violence and sexual offences,Unable to prosecute suspect,
,2017-03,Sussex Police,Sussex Police,0.003895,50.801624,On or near Trafalgar Close,E01021062,Lewes 010D,Anti-social behaviour,,
,2017-03,Sussex Police,Sussex Police,0.008760,50.802881,On or near Pelham Close,E01021062,Lewes 010D,Anti-social behaviour,,
,2017-03,Sussex Police,Sussex Police,0.007416,50.801969,On or near The Sycamores,E01021062,Lewes 010D,Anti-social behaviour,,
,2017-03,Sussex Police,Sussex Police,0.006974,50.799935,On or near The Bricky,E01021062,Lewes 010D,Anti-social behaviour,,
9ea0a063b307218a1588e99181531746b265ee21315213f01bd9757d6b19f54e,2017-03,Sussex Police,Sussex Police,0.003895,50.801624,On or near Trafalgar Close,E01021062,Lewes 010D,Burglary,Further investigation is not in the public interest,
888750a87b98fcacee870cea3d963136010a2a9578ea00c46b78533d551b945a,2017-03,Sussex Police,Sussex Police,0.007023,50.801094,On or near Collingwood Close,E01021062,Lewes 010D,Drugs,Offender given a caution,
e848fb8c24d4734e4e421045a7330b4ff43a3c423327275fbb415318f87a6c99,2017-03,Sussex Police,Sussex Police,0.008760,50.802881,On or near Pelham Close,E01021062,Lewes 010D,Public order,Unable to prosecute suspect,
5666b8e2f8ac3c57cc459bd7e0840e3c4b8559ed77e7c51972aa8275c1d93640,2017-03,Sussex Police,Sussex Police,0.007023,50.801094,On or near Collingwood Close,E01021062,Lewes 010D,Violence and sexual offences,Investigation complete; no suspect identified,
5656c60a79203073f5dc80bd8282e9b67b3985cae5ff134c908dfd51b5d591bd,2017-03,Sussex Police,Sussex Police,0.006974,50.799935,On or near The Bricky,E01021062,Lewes 010D,Violence and sexual offences,Further investigation is not in the public interest,
e7b5f88abfd77608ccc8b47fff1e12506ce1f60c3443152bf345cb03bdc968c8,2017-03,Sussex Police,Sussex Police,0.006974,50.799935,On or near The Bricky,E01021062,Lewes 010D,Violence and sexual offences,Unable to prosecute suspect,
225e756b6fc850021b95fdf26286b98a584b866e33f69361d3f61163c6c7fc80,2017-03,Sussex Police,Sussex Police,0.005479,50.800167,On or near Cinquefoil,E01021062,Lewes 010D,Violence and sexual offences,Unable to prosecute suspect,
b7c5ddf5a44b4fb57ebfb73a114da5b7e98838b07cc1f71a717807a418204786,2017-03,Sussex Police,Sussex Police,0.005479,50.800167,On or near Cinquefoil,E01021062,Lewes 010D,Violence and sexual offences,Offender given a caution,
,2017-03,Sussex Police,Sussex Police,0.098329,50.776562,On or near Grosvenor Road,E01021069,Lewes 011A,Anti-social behaviour,,
1b71f11d6295cbd048b7b309e91a56fbd707b1b6c03f9eb18da4344636450e03,2017-03,Sussex Police,Sussex Police,0.101068,50.775334,On or near Chichester Road,E01021069,Lewes 011A,Criminal damage and arson,Investigation complete; no suspect identified,
1e6dbd904b09f2f4ff305a7638deecfc9de62d953d5050701a01d44806ca9f61,2017-03,Sussex Police,Sussex Police,0.101217,50.779604,On or near Kingsmead Close,E01021069,Lewes 011A,Other theft,Investigation complete; no suspect identified,
3075c7d634cd2bdf3e1e2b06be761a2eb28bf5612f12a4f753f95ceca9773145,2017-03,Sussex Police,Sussex Police,0.102574,50.778230,On or near Wilkinson Way,E01021069,Lewes 011A,Public order,Unable to prosecute suspect,
086fafe3fae9767a1ae5bc1c800070fad18348dd109cd8f9e4808c6a63943f70,2017-03,Sussex Police,Sussex Police,0.099344,50.775797,On or near Salisbury Road,E01021069,Lewes 011A,Violence and sexual offences,Investigation complete; no suspect identified,
4bebfffbf3f675f152c606c8b3a843a4651e1d927f6291fa25d0ac76b4e1105a,2017-03,Sussex Police,Sussex Police,0.101068,50.775334,On or near Chichester Road,E01021069,Lewes 011A,Violence and sexual offences,Unable to prosecute suspect,
38562792cb62aefbf8be3797afc709517cd2b6b8683f2ef654a5caf673505ec3,2017-03,Sussex Police,Sussex Police,0.101068,50.775334,On or near Chichester Road,E01021069,Lewes 011A,Violence and sexual offences,Unable to prosecute suspect,
,2017-03,Sussex Police,Sussex Police,0.117722,50.785106,On or near Sandringham Close,E01021075,Lewes 011B,Anti-social behaviour,,
744878d6a845e70cf7c72a5ceab7805ff41f03e4c95942adb511572fcf4ad982,2017-03,Sussex Police,Sussex Police,0.120248,50.784494,On or near Coxwell Close,E01021075,Lewes 011B,Other theft,Status update unavailable,
fe8c9f0c0986ea9803ace3bc20a8132d137282a7a59f62907b144c0c1d64ad71,2017-03,Sussex Police,Sussex Police,0.113362,50.784052,On or near Lexden Drive,E01021075,Lewes 011B,Public order,Local resolution,
13a97bed772afbf2bcbf335e71cc46fabc692db4fa3d7f3fbb996f36ca8adcbf,2017-03,Sussex Police,Sussex Police,0.114637,50.783085,On or near Pitt Drive,E01021075,Lewes 011B,Violence and sexual offences,Unable to prosecute suspect,
78a02b1239be5119b6bb46c9cb4aaffb9f6876aaf18c6109d530555225b85345,2017-03,Sussex Police,Sussex Police,0.117608,50.785720,On or near Balmoral Close,E01021075,Lewes 011B,Violence and sexual offences,Unable to prosecute suspect,
7bc275a2862f0ecc07b7164204098336771df76614e2470023faf78c795d9e49,2017-03,Sussex Police,Sussex Police,0.114386,50.783809,On or near Jubilee Gardens,E01021075,Lewes 011B,Violence and sexual offences,Unable to prosecute suspect,
,2017-03,Sussex Police,Sussex Police,0.107802,50.780627,On or near Upper Belgrave Road,E01021077,Lewes 011C,Anti-social behaviour,,
,2017-03,Sussex Police,Sussex Police,0.107802,50.780627,On or near Upper Belgrave Road,E01021077,Lewes 011C,Anti-social behaviour,,
46afb259cfa785d1f33cd6fbe728fd6a9a606e985463f6ee9de5155f48bf8c51,2017-03,Sussex Police,Sussex Police,0.112085,50.779650,On or near Upper Sherwood Road,E01021077,Lewes 011C,Bicycle theft,Investigation complete; no suspect identified,
fe54c141ab4b1f5204a617b9e3b77ed67f01de53e9856d9d0831f545b5172fda,2017-03,Sussex Police,Sussex Police,0.108336,50.778603,On or near Mason Road,E01021077,Lewes 011C,Criminal damage and arson,Investigation complete; no suspect identified,
e9d342d5f70c1f2f1f50a0378890a3196f9464c09078820cd978e255be7e66b7,2017-03,Sussex Police,Sussex Police,0.110153,50.779281,On or near Northcliffe Close,E01021077,Lewes 011C,Public order,Unable to prosecute suspect,
1d23c39bdd82f32893658bb1975007e32524d76e2a5529fb8537f9667f6e9984,2017-03,Sussex Police,Sussex Police,0.108176,50.777572,On or near Sherwood Road,E01021077,Lewes 011C,Violence and sexual offences,Unable to prosecute suspect,
3dcc92df3e4e524f785bd0117bfa68f3d4ee41ddec2aa60bcb8eb43486fce209,2017-03,Sussex Police,Sussex Police,0.111286,50.780177,On or near Esher Close,E01021077,Lewes 011C,Violence and sexual offences,Unable to prosecute suspect,
,2017-03,Sussex Police,Sussex Police,0.089083,50.776629,On or near Queens Park Gardens,E01021081,Lewes 011D,Anti-social behaviour,,
,2017-03,Sussex Police,Sussex Police,0.085879,50.780167,On or near Hawth Crescent,E01021081,Lewes 011D,Anti-social behaviour,,
e87c79754ed29133d3f0b92bc008c49df7a1547881919f2acc22cb09ae32669f,2017-03,Sussex Police,Sussex Police,0.094332,50.778235,On or near Beacon Road,E01021081,Lewes 011D,Burglary,Unable to prosecute suspect,
39887b099368c7754a8440c46ed5245467be7af76ca6aa45321f7b3ad6557625,2017-03,Sussex Police,Sussex Police,0.089083,50.776629,On or near Queens Park Gardens,E01021081,Lewes 011D,Criminal damage and arson,Status update unavailable,
37e28edfa658eb12a224402dc9577b2e26693b15c1de2921c5b08e59bec17f40,2017-03,Sussex Police,Sussex Police,0.090047,50.778842,On or near Friston Close,E01021081,Lewes 011D,Criminal damage and arson,Investigation complete; no suspect identified,
b061af4eb2354d940acc9a861bb12caf4bfaa3e62a7685c1973ce1cc5fb051b4,2017-03,Sussex Police,Sussex Police,0.089083,50.776629,On or near Queens Park Gardens,E01021081,Lewes 011D,Public order,Unable to prosecute suspect,
9cc2e685f4b8c8b71aeb1fce908942d61bf187852746ef7770d7bdc981bfbd87,2017-03,Sussex Police,Sussex Police,0.090047,50.778842,On or near Friston Close,E01021081,Lewes 011D,Vehicle crime,Investigation complete; no suspect identified,
588773f0889861bff0b99dd88c5957eb3d040f9c7532a6b5d756481283cb3cbb,2017-03,Sussex Police,Sussex Police,0.089502,50.777746,On or near Bishops Close,E01021081,Lewes 011D,Violence and sexual offences,Unable to prosecute suspect,
219824db5cb0de7ef0b90c9e22e8e9c49bde6c2f6623083488529c3510fe20ed,2017-03,Sussex Police,Sussex Police,0.095900,50.777757,On or near Westdown Road,E01021081,Lewes 011D,Violence and sexual offences,Unable to prosecute suspect,
2c79476605d9f9deaae42fc4355a29f7e4fad826bb34f19d8289da0d21be8082,2017-03,Sussex Police,Sussex Police,0.089083,50.776629,On or near Queens Park Gardens,E01021081,Lewes 011D,Violence and sexual offences,Investigation complete; no suspect identified,
912c280ba1716555474ae7a8107235c395ce47ae02b72169cb92517eb1445da5,2017-03,Sussex Police,Sussex Police,0.075507,50.790056,On or near Elizabeth Close,E01021082,Lewes 011E,Burglary,Unable to prosecute suspect,
64d5fcccd5d242e9464f28aa31832309abe1e9f3843a9e76b8eeb050e0628a3a,2017-03,Sussex Police,Sussex Police,0.076346,50.788800,On or near Edward Close,E01021082,Lewes 011E,Other theft,Investigation complete; no suspect identified,
81b60e821c344057e6219f86e93ce1e9026c1b2c19052551951be6a6cc948362,2017-03,Sussex Police,Sussex Police,0.077101,50.789848,On or near Freeland Close,E01021082,Lewes 011E,Public order,Unable to prosecute suspect,
65e78300e39d6501d983f7b03559464203ca8044f583e930cdb71c19a77b38bf,2017-03,Sussex Police,Sussex Police,0.071289,50.784501,On or near Mill Drove,E01021082,Lewes 011E,Vehicle crime,Investigation complete; no suspect identified,
072d0a5a11b6e465bf800354d0cbad20cb7c68514a3e2899224f511f04526555,2017-03,Sussex Police,Sussex Police,0.077101,50.789848,On or near Freeland Close,E01021082,Lewes 011E,Violence and sexual offences,Further investigation is not in the public interest,
,2017-03,Sussex Police,Sussex Police,0.097569,50.783986,On or near Eleanor Close,E01021083,Lewes 011F,Anti-social behaviour,,
64e1b4701eedcfa4b0a43b01716fd9d390ee3065600ba25beae1c44fffe8313a,2017-03,Sussex Police,Sussex Police,0.100584,50.786379,On or near Chartwell Close,E01021083,Lewes 011F,Criminal damage and arson,Investigation complete; no suspect identified,
4b5898c6c77150420cd7686a6314da86769b9f33cce1145a59fa71e73cd07891,2017-03,Sussex Police,Sussex Police,0.097569,50.783986,On or near Eleanor Close,E01021083,Lewes 011F,Other theft,Investigation complete; no suspect identified,
0a0162c54334003eed54e5a061b48f242271d5276325f07f54d40f2209f85659,2017-03,Sussex Police,Sussex Police,0.093990,50.781694,On or near Charles Close,E01021083,Lewes 011F,Violence and sexual offences,Unable to prosecute suspect,
c3c5e291905162e84f98336c776fbe355366df7d0657b559ab901e615fdfdccb,2017-03,Sussex Police,Sussex Police,0.098322,50.782426,On or near Victor Close,E01021083,Lewes 011F,Violence and sexual offences,Unable to prosecute suspect,
,2017-03,Sussex Police,Sussex Police,0.132059,50.762513,On or near Parking Area,E01021072,Lewes 012A,Anti-social behaviour,,
,2017-03,Sussex Police,Sussex Police,0.126419,50.771358,On or near Ladycross Close,E01021072,Lewes 012A,Anti-social behaviour,,
1012069366f13e469fb156fa113e7b22fffa899f9ea5b777a14e937e32b26322,2017-03,Sussex Police,Sussex Police,0.129204,50.773016,On or near Juniper Close,E01021072,Lewes 012A,Criminal damage and arson,Court result unavailable,
e9624b59a7297c194def338e797aabc3155b4cda1d6e80dec0b9fda5e27e15b0,2017-03,Sussex Police,Sussex Police,0.132059,50.762513,On or near Parking Area,E01021072,Lewes 012A,Other theft,Investigation complete; no suspect identified,
3aa9d15e18a3430316a203597525c02ebee4651c1a5ce6922b8b21b958a0caf2,2017-03,Sussex Police,Sussex Police,0.129204,50.773016,On or near Juniper Close,E01021072,Lewes 012A,Violence and sexual offences,Investigation complete; no suspect identified,
d7cd333fb5bee628d9d49b375a72f97e8aa6ffa8999e12328e371f107beba4a2,2017-03,Sussex Police,Sussex Police,0.129204,50.773016,On or near Juniper Close,E01021072,Lewes 012A,Violence and sexual offences,Offender given community sentence,
ab9af52200397e8ad79ac9575b317d94b9e949426584cb83c2d3c86b54c35971,2017-03,Sussex Police,Sussex Police,0.126446,50.779452,On or near Millberg Road,E01021073,Lewes 012B,Public order,Unable to prosecute suspect,
60fc994796d29e4e675619bea546ff1e7aeffa90f9b888c1aee508a5bcbd9b7e,2017-03,Sussex Police,Sussex Police,0.124778,50.781461,On or near Seafield Close,E01021073,Lewes 012B,Violence and sexual offences,Status update unavailable,
,2017-03,Sussex Police,Sussex Police,0.129555,50.778874,On or near Cinque Ports Way,E01021074,Lewes 012C,Anti-social behaviour,,
,2017-03,Sussex Police,Sussex Police,0.127084,50.782876,On or near Landsdown Road,E01021074,Lewes 012C,Anti-social behaviour,,
,2017-03,Sussex Police,Sussex Police,0.126790,50.780462,On or near Dymchurch Close,E01021074,Lewes 012C,Anti-social behaviour,,
ec4812d33f155bb0ea50a84340cebd7cd94a1c2ee2648ceee2d131a675f4263c,2017-03,Sussex Police,Sussex Police,0.129555,50.778874,On or near Cinque Ports Way,E01021074,Lewes 012C,Criminal damage and arson,Investigation complete; no suspect identified,
a6a531c4169871fdd1ed015ddf3ee93e10b8f48313fb4c8ef363446b69fba974,2017-03,Sussex Police,Sussex Police,0.128701,50.777253,On or near Walmer Road,E01021074,Lewes 012C,Shoplifting,Investigation complete; no suspect identified,
c28b9a165307adf9ebc4a7f0f1a586ed930aa433105597cb281d21fae5cba846,2017-03,Sussex Police,Sussex Police,0.126559,50.778803,On or near Rye Close,E01021074,Lewes 012C,Violence and sexual offences,Unable to prosecute suspect,
c89708d66dc1dfd5ea323e0e5b2663f4d5100f45809edc36cadd7e54f1b8dac9,2017-03,Sussex Police,Sussex Police,0.129555,50.778874,On or near Cinque Ports Way,E01021074,Lewes 012C,Violence and sexual offences,Unable to prosecute suspect,
e0cb02ea95f6e014cb337d7da1a86f99f349f6c9b1bee84bfc48f0aec47068e6,2017-03,Sussex Police,Sussex Police,0.129555,50.778874,On or near Cinque Ports Way,E01021074,Lewes 012C,Violence and sexual offences,Unable to prosecute suspect,
31579fa405427d40f2c016d56a2e996166256be0b8997ed3ca65cf98ccec0eca,2017-03,Sussex Police,Sussex Police,0.126559,50.778803,On or near Rye Close,E01021074,Lewes 012C,Violence and sexual offences,Unable to prosecute suspect,
,2017-03,Sussex Police,Sussex Police,0.114183,50.779927,On or near Lexden Court,E01021076,Lewes 012D,Anti-social behaviour,,
6dce40e8e35be41fd795eecab3c41b4bf9eb3fdefb969330f6c3ebf5f0dd3baa,2017-03,Sussex Police,Sussex Police,0.117794,50.783234,On or near Raymond Close,E01021076,Lewes 012D,Burglary,Investigation complete; no suspect identified,
455ec82ae427600caeaf8fa4ca214b60c068bbf93485ddb39b6382872b6e26bc,2017-03,Sussex Police,Sussex Police,0.120051,50.783589,On or near Cradle Hill Road,E01021076,Lewes 012D,Other theft,Further investigation is not in the public interest,
09274e4a455bec7a59e4fcba8e267d6bad3d5805b5a622f25dfa54b96ec474cd,2017-03,Sussex Police,Sussex Police,0.116827,50.782874,On or near The Peverells,E01021076,Lewes 012D,Violence and sexual offences,Unable to prosecute suspect,
c72a4b80e4534ed92196630307cbec32f576ff55f13d1e978db6a23b727eb35b,2017-03,Sussex Police,Sussex Police,0.114183,50.779927,On or near Lexden Court,E01021076,Lewes 012D,Violence and sexual offences,Court case unable to proceed,
c7b2a8a177973f7584e7c9e929ee8980e802de9f3b7acf0463aa61a99890d358,2017-03,Sussex Police,Sussex Police,0.116974,50.780173,On or near East Dean Rise,E01021076,Lewes 012D,Violence and sexual offences,Unable to prosecute suspect,
7480bb7200822020319d4d17ec5c7268c5fdcee3fb51a0adc04cb878fd42cf46,2017-03,Sussex Police,Sussex Police,0.114183,50.779927,On or near Lexden Court,E01021076,Lewes 012D,Violence and sexual offences,Court result unavailable,
b020777764aa3b7418759eb183445a28f4533de9f990ec8338740f800781dd1f,2017-03,Sussex Police,Sussex Police,0.119564,50.771870,On or near St Wilfred'S Place,E01021078,Lewes 012E,Burglary,Offender sent to prison,
9b5fc847f5794f97c791bbae2c9e10bc7f8ee16d3a63a64f1864c4708521dfac,2017-03,Sussex Police,Sussex Police,0.117289,50.771758,On or near Darwall Drive,E01021078,Lewes 012E,Possession of weapons,Further investigation is not in the public interest,
501a36fe05392bafbc6305783576b230886a53241401d7bc1260dba8f6cf984d,2017-03,Sussex Police,Sussex Police,0.120620,50.773281,On or near Manor Close,E01021078,Lewes 012E,Public order,Court result unavailable,
7c80db37547f5380e841f3d77f92f98d29806ae5ada7ae4efeab87f66dd25204,2017-03,Sussex Police,Sussex Police,0.111196,50.768424,On or near Lions Place,E01021078,Lewes 012E,Violence and sexual offences,Unable to prosecute suspect,
9e697ce3715e08ffabcd23c066ba2fe9034bbc1079eac125580a383c2659f4c5,2017-03,Sussex Police,Sussex Police,0.117289,50.771758,On or near Darwall Drive,E01021078,Lewes 012E,Violence and sexual offences,Action to be taken by another organisation,
514883b2f429324fbaf7445f29f878e95489ca1a016854d1a31b2752af9ec043,2017-03,Sussex Police,Sussex Police,0.117289,50.771758,On or near Darwall Drive,E01021078,Lewes 012E,Violence and sexual offences,Formal action is not in the public interest,
18ccccdb775d328e6f72927f9a10be190852835ea052971173e0c948613d381e,2017-03,Sussex Police,Sussex Police,0.117289,50.771758,On or near Darwall Drive,E01021078,Lewes 012E,Other crime,Unable to prosecute suspect,
4ce65dfd8c43ef2b68f1af9e2d6441445b913b95791fe54d90e1cb8ac146de3b,2017-03,Sussex Police,Sussex Police,0.117289,50.771758,On or near Darwall Drive,E01021078,Lewes 012E,Other crime,Further investigation is not in the public interest,
98a3c4e643ba5595909a1aa85f1d128b7d25c7e6fec81a51d2d4f10511480b33,2017-03,Sussex Police,Sussex Police,0.095656,50.775468,On or near Claremont Road,E01021070,Lewes 013A,Other theft,Investigation complete; no suspect identified,
5cbe7acd88fa935146b5e1cbe08aea12189cabd37662a63a0995ee57edd06e42,2017-03,Sussex Police,Sussex Police,0.098599,50.774048,On or near Petrol Station,E01021070,Lewes 013A,Other theft,Further investigation is not in the public interest,
,2017-03,Sussex Police,Sussex Police,0.102470,50.768969,On or near Ringmer Road,E01021071,Lewes 013B,Anti-social behaviour,,
,2017-03,Sussex Police,Sussex Police,0.101801,50.771445,On or near Church Lane,E01021071,Lewes 013B,Anti-social behaviour,,
,2017-03,Sussex Police,Sussex Police,0.101801,50.771445,On or near Church Lane,E01021071,Lewes 013B,Anti-social behaviour,,
,2017-03,Sussex Police,Sussex Police,0.101386,50.772936,On or near Clinton Place,E01021071,Lewes 013B,Anti-social behaviour,,
,2017-03,Sussex Police,Sussex Police,0.100926,50.769635,On or near The Causeway,E01021071,Lewes 013B,Anti-social behaviour,,
,2017-03,Sussex Police,Sussex Police,0.099480,50.773133,On or near Parking Area,E01021071,Lewes 013B,Anti-social behaviour,,
,2017-03,Sussex Police,Sussex Police,0.098705,50.772292,On or near Richmond Road,E01021071,Lewes 013B,Anti-social behaviour,,
83ad1c07429d4a9a77ae9e536d65179c5c495d87a2582f62717b65efb63e382a,2017-03,Sussex Police,Sussex Police,0.097274,50.771068,On or near Dane Close,E01021071,Lewes 013B,Bicycle theft,Investigation complete; no suspect identified,
156f851c598ac8f2f38b01e20e1123cd2ca24dc8907424696dbedb27b0308cc3,2017-03,Sussex Police,Sussex Police,0.099480,50.773133,On or near Parking Area,E01021071,Lewes 013B,Burglary,Investigation complete; no suspect identified,
c544822ea24190793afbc2f830a8ee870872cbb29cc3e1f296d56d9a80332000,2017-03,Sussex Police,Sussex Police,0.099480,50.773133,On or near Parking Area,E01021071,Lewes 013B,Criminal damage and arson,Unable to prosecute suspect,
2b770b13743a63ab3adee5d1559c7a582ad383c60031b41992832fc93e7fb73f,2017-03,Sussex Police,Sussex Police,0.102470,50.768969,On or near Ringmer Road,E01021071,Lewes 013B,Other theft,Investigation complete; no suspect identified,
db7c37f05c3f7c6a687a62d41dd5f504e0412ad062ba6ed7b75f781e0715d22d,2017-03,Sussex Police,Sussex Police,0.100926,50.769635,On or near The Causeway,E01021071,Lewes 013B,Public order,Unable to prosecute suspect,
06b7115969b9b655ac5e7d7fa6c54972815926831e4de240ebc0c1a7a2edbf53,2017-03,Sussex Police,Sussex Police,0.102944,50.771298,On or near High Street,E01021071,Lewes 013B,Public order,Status update unavailable,
c9aced95b4487aa84339a21ecb2c073e90127a87e277d659bdada41c8d51891d,2017-03,Sussex Police,Sussex Police,0.101523,50.770937,On or near Shopping Area,E01021071,Lewes 013B,Public order,Unable to prosecute suspect,
cab2b0f369f0c69a67a5c1d5f6775a8dfc199841326103ee8dca0950adb1b284,2017-03,Sussex Police,Sussex Police,0.099148,50.771727,On or near Supermarket,E01021071,Lewes 013B,Shoplifting,Offender fined,
4abe992c658d980d6b82efec05e88b14d98f84728ef66e64e8581bf5f4c10059,2017-03,Sussex Police,Sussex Police,0.099148,50.771727,On or near Supermarket,E01021071,Lewes 013B,Shoplifting,Status update unavailable,
da040649e80a6348ca484596211f1a1e8b49635e28d88f5de8ae40c1c88db28a,2017-03,Sussex Police,Sussex Police,0.101885,50.772352,On or near Place Lane,E01021071,Lewes 013B,Shoplifting,Investigation complete; no suspect identified,
6918057ad12baab8b8c0a7c3e2976ec34d5c950f9dd0c16fd57f61e169637359,2017-03,Sussex Police,Sussex Police,0.099148,50.771727,On or near Supermarket,E01021071,Lewes 013B,Theft from the person,Unable to prosecute suspect,
0e4e49c721dfcda6d066c1b458fe59916ff71b2d258149ee466773503a34f7dc,2017-03,Sussex Police,Sussex Police,0.099148,50.771727,On or near Supermarket,E01021071,Lewes 013B,Vehicle crime,Investigation complete; no suspect identified,
dd046cdee7680b17821c94fcbf92a2eb2918ac3f1f0a6c4679b205eca4a9fb54,2017-03,Sussex Police,Sussex Police,0.101328,50.773234,On or near Clinton Lane,E01021071,Lewes 013B,Vehicle crime,Investigation complete; no suspect identified,
d3bc41935d540e6a8d6ed20c6bed42be97c7fd41c37be6dbd3f00a27696225b5,2017-03,Sussex Police,Sussex Police,0.101523,50.770937,On or near Shopping Area,E01021071,Lewes 013B,Vehicle crime,Status update unavailable,
f76fd727da0b2bffabf28d065d5b7fea2ce9f2a1e82683eb187ad9229dce67ab,2017-03,Sussex Police,Sussex Police,0.099260,50.770115,On or near West View,E01021071,Lewes 013B,Violence and sexual offences,Unable to prosecute suspect,
b0023d04651c89c0449b5d8ad78d172f18bc98a312b6531d6c4ebbd817ca8c5a,2017-03,Sussex Police,Sussex Police,0.101328,50.773234,On or near Clinton Lane,E01021071,Lewes 013B,Violence and sexual offences,Unable to prosecute suspect,
f362cfb1e7f5f71e1469898f008b6ba15bd1c430c480bc86470421e66fc7eb70,2017-03,Sussex Police,Sussex Police,0.099480,50.773133,On or near Parking Area,E01021071,Lewes 013B,Violence and sexual offences,Unable to prosecute suspect,
971c17e8154293bb1b78d56c757bcff672ad9cd0f9f17a0897ca4710340eb17a,2017-03,Sussex Police,Sussex Police,0.101801,50.771445,On or near Church Lane,E01021071,Lewes 013B,Violence and sexual offences,Unable to prosecute suspect,
3a586c0567068a32eb800c91d46938931a9dd031111f0e3f53a3bd5cf97cda0f,2017-03,Sussex Police,Sussex Police,0.102944,50.771298,On or near High Street,E01021071,Lewes 013B,Violence and sexual offences,Unable to prosecute suspect,
8408c020735643457f7e6eb67f73333104367a51f939f9425f358140b4980813,2017-03,Sussex Police,Sussex Police,0.098303,50.771238,On or near Green Lane,E01021071,Lewes 013B,Other crime,Further investigation is not in the public interest,
,2017-03,Sussex Police,Sussex Police,0.108730,50.770348,On or near Bramber Road,E01021079,Lewes 013C,Anti-social behaviour,,
,2017-03,Sussex Police,Sussex Police,0.107613,50.766007,On or near Cliff Gardens,E01021079,Lewes 013C,Anti-social behaviour,,
,2017-03,Sussex Police,Sussex Police,0.105621,50.770899,On or near Bramber Lane,E01021079,Lewes 013C,Anti-social behaviour,,
,2017-03,Sussex Police,Sussex Police,0.103861,50.772145,On or near Croft Court,E01021079,Lewes 013C,Anti-social behaviour,,
,2017-03,Sussex Police,Sussex Police,0.103861,50.772145,On or near Croft Court,E01021079,Lewes 013C,Anti-social behaviour,,
,2017-03,Sussex Police,Sussex Police,0.102152,50.772941,On or near Broad Street,E01021079,Lewes 013C,Anti-social behaviour,,
d0d832e2e2ef5342731536397d7152585a0b351e0cde15edfc42298aa56fd3e1,2017-03,Sussex Police,Sussex Police,0.103180,50.771825,On or near Supermarket,E01021079,Lewes 013C,Bicycle theft,Local resolution,
97dafbe268488f3118dc085d249db95639f18e8cd8165c63215f51c2f7c3aa59,2017-03,Sussex Police,Sussex Police,0.102961,50.772314,On or near Sutton Croft Lane,E01021079,Lewes 013C,Burglary,Unable to prosecute suspect,
7b4a51054f1e8ce8d1587884d496ca5a9a607254bccfab5bf07e8d75c51f4215,2017-03,Sussex Police,Sussex Police,0.110980,50.765811,On or near Maurice Road,E01021079,Lewes 013C,Other theft,Investigation complete; no suspect identified,
b23743feedbc54532433ae60015d11f756574076d847869bee98fda942afd24a,2017-03,Sussex Police,Sussex Police,0.102152,50.772941,On or near Broad Street,E01021079,Lewes 013C,Shoplifting,Unable to prosecute suspect,
4636f76a725cc8640dc14af5f989e7fd69eac493da61af64cdd57393ab9279ab,2017-03,Sussex Police,Sussex Police,0.110980,50.765811,On or near Maurice Road,E01021079,Lewes 013C,Vehicle crime,Investigation complete; no suspect identified,
bc16317792611167f681ecde01edf238b287b52b9219333c1312b9540a59e8d0,2017-03,Sussex Police,Sussex Police,0.108730,50.770348,On or near Bramber Road,E01021079,Lewes 013C,Violence and sexual offences,Further investigation is not in the public interest,
16802349926fbe6052a8f5dbb4d5441e4254e287d8f9b021ba6ec54c766355b0,2017-03,Sussex Police,Sussex Police,0.108730,50.770348,On or near Bramber Road,E01021079,Lewes 013C,Violence and sexual offences,Further investigation is not in the public interest,
deb5de34baa5849e9fc5b9a1e219c1b31e912c02009efa277e03fb0e803b4e7c,2017-03,Sussex Police,Sussex Police,0.110290,50.765302,On or near Gerald Road,E01021079,Lewes 013C,Other crime,Action to be taken by another organisation,
,2017-03,Sussex Police,Sussex Police,0.116752,50.774610,On or near Went Hill Park,E01021080,Lewes 013D,Anti-social behaviour,,
,2017-03,Sussex Police,Sussex Police,0.115178,50.775583,On or near Sports/Recreation Area,E01021080,Lewes 013D,Anti-social behaviour,,
,2017-03,Sussex Police,Sussex Police,0.114932,50.776721,On or near Hindover Crescent,E01021080,Lewes 013D,Anti-social behaviour,,
,2017-03,Sussex Police,Sussex Police,0.114932,50.776721,On or near Hindover Crescent,E01021080,Lewes 013D,Anti-social behaviour,,
,2017-03,Sussex Police,Sussex Police,0.109433,50.772099,On or near Bainbridge Close,E01021080,Lewes 013D,Anti-social behaviour,,
,2017-03,Sussex Police,Sussex Police,0.110936,50.776811,On or near The Byeways,E01021080,Lewes 013D,Anti-social behaviour,,
,2017-03,Sussex Police,Sussex Police,0.107753,50.771949,On or near Sports/Recreation Area,E01021080,Lewes 013D,Anti-social behaviour,,
,2017-03,Sussex Police,Sussex Police,0.107753,50.771949,On or near Sports/Recreation Area,E01021080,Lewes 013D,Anti-social behaviour,,
,2017-03,Sussex Police,Sussex Police,0.107853,50.771345,On or near Sports/Recreation Area,E01021080,Lewes 013D,Anti-social behaviour,,
,2017-03,Sussex Police,Sussex Police,0.107853,50.771345,On or near Sports/Recreation Area,E01021080,Lewes 013D,Anti-social behaviour,,
ef23054f45ae4bf9ee2562a3dd3272e8fab8e99a0adc1b79c2c966f47919d5b2,2017-03,Sussex Police,Sussex Police,0.110936,50.776811,On or near The Byeways,E01021080,Lewes 013D,Burglary,Investigation complete; no suspect identified,
c35dac4862ceadec5d53ee9c808027467c9819433d0a8d8530dd3cf0e804c21d,2017-03,Sussex Police,Sussex Police,0.107853,50.771345,On or near Sports/Recreation Area,E01021080,Lewes 013D,Burglary,Investigation complete; no suspect identified,
e7893fbe524727ac375690f35111b0b401cf6f1f81b8a40b5a6fadb9e06b29cd,2017-03,Sussex Police,Sussex Police,0.109433,50.772099,On or near Bainbridge Close,E01021080,Lewes 013D,Criminal damage and arson,Investigation complete; no suspect identified,
274e8df1105f08f3c3ba7ac37f441d47f0c61a9c43869ac58d1db80ce84e29cd,2017-03,Sussex Police,Sussex Police,0.116752,50.774610,On or near Went Hill Park,E01021080,Lewes 013D,Criminal damage and arson,Investigation complete; no suspect identified,
20edfaf5321c35bb89c4e03d3ce3a03a23815701127f747a728e482d538c958e,2017-03,Sussex Police,Sussex Police,0.107753,50.771949,On or near Sports/Recreation Area,E01021080,Lewes 013D,Public order,Unable to prosecute suspect,
7810ae7536cf738a0d5e69949739ffc050979ef9c71ba987439a71186135ca27,2017-03,Sussex Police,Sussex Police,0.116752,50.774610,On or near Went Hill Park,E01021080,Lewes 013D,Public order,Status update unavailable,
0332bdd0c141c975cecfb44e296260697131ca88b21be4c941dfc69e09806c7b,2017-03,Sussex Police,Sussex Police,0.114932,50.776721,On or near Hindover Crescent,E01021080,Lewes 013D,Public order,Unable to prosecute suspect,
6c8920dd18826da6cdd2f2dd4f546d6d697aa3fea71a342291f5c3a71dab6f71,2017-03,Sussex Police,Sussex Police,0.115178,50.775583,On or near Sports/Recreation Area,E01021080,Lewes 013D,Public order,Further investigation is not in the public interest,
8a3e71da1d8c40ae4659368c63a419df187a6deec9c013fddfc699d22646c6be,2017-03,Sussex Police,Sussex Police,0.116136,50.776681,On or near Bydown,E01021080,Lewes 013D,Violence and sexual offences,Further investigation is not in the public interest,
0213d84ffd1c17d4c0224f0b09216d1c2f5f34a989ec514af67b5ca7c00417c3,2017-03,Sussex Police,Sussex Police,0.108521,50.773572,On or near Middle Furlong,E01021080,Lewes 013D,Violence and sexual offences,Status update unavailable,
eb5f7f798a848cb0a6b7f281e46112bc464e0501a3e83097626f88dd01d8a55d,2017-03,Sussex Police,Sussex Police,0.107853,50.771345,On or near Sports/Recreation Area,E01021080,Lewes 013D,Violence and sexual offences,Local resolution,
262c97e092b105280eed7b6465517befceaad7069ec6756cb0d93457df8c6e98,2017-03,Sussex Police,Sussex Police,0.108521,50.773572,On or near Middle Furlong,E01021080,Lewes 013D,Violence and sexual offences,Status update unavailable,
,2017-03,Sussex Police,Sussex Police,0.000395,51.137562,On or near Holtye Avenue,E01031731,Mid Sussex 001A,Anti-social behaviour,,
,2017-03,Sussex Police,Sussex Police,-0.000964,51.138538,On or near Border Court,E01031731,Mid Sussex 001A,Anti-social behaviour,,
a07e846e3abe6ca610983deb60ff08e7d212a012e904a1ab862d924ed55657ab,2017-03,Sussex Police,Sussex Police,-0.001320,51.133940,On or near Meridian Way,E01031731,Mid Sussex 001A,Bicycle theft,Investigation complete; no suspect identified,
c815a6aba154161115d7c67f4022d50b3c3424ddd05e9b9ecc656cf2ea4948b1,2017-03,Sussex Police,Sussex Police,-0.005937,51.136581,On or near Beech Fields,E01031731,Mid Sussex 001A,Bicycle theft,Investigation complete; no suspect identified,
1acd91f93ef6645fdb5f3ed88b37c317fe58b4e78fbac5974d5421ad6a1b7be4,2017-03,Sussex Police,Sussex Police,0.003081,51.139188,On or near Woodlands Road,E01031731,Mid Sussex 001A,Criminal damage and arson,Unable to prosecute suspect,
76af35cccdb03f6c1ba67793200c89263b7debb72b2844046b7a308c64050b88,2017-03,Sussex Police,Sussex Police,-0.002299,51.138075,On or near The Weald,E01031731,Mid Sussex 001A,Criminal damage and arson,Investigation complete; no suspect identified,
b1f6a80c1c67c192dd987c4b59453de237f9838d88f15902cfcedb439e04878f,2017-03,Sussex Police,Sussex Police,-0.002299,51.138075,On or near The Weald,E01031731,Mid Sussex 001A,Criminal damage and arson,Investigation complete; no suspect identified,
3a9309b462dd826af919b2decdffb022311d0cfb7a7e06f2dc8b4b4a324cbb88,2017-03,Sussex Police,Sussex Police,-0.006061,51.133364,On or near Blackwell Farm Road,E01031731,Mid Sussex 001A,Criminal damage and arson,Investigation complete; no suspect identified,
5e06d745757cf6f748db1c1da802f50807c8e3359be34d9dfa38db6d073c8ab2,2017-03,Sussex Police,Sussex Police,-0.004429,51.133102,On or near Greenstede Avenue,E01031731,Mid Sussex 001A,Other theft,Investigation complete; no suspect identified,
485b1c9b3990c97f8bde840b98d0bed538f3618ebe1392a642802630b367728d,2017-03,Sussex Police,Sussex Police,-0.002299,51.138075,On or near The Weald,E01031731,Mid Sussex 001A,Other theft,Formal action is not in the public interest,
25ff80e201bdea27a1e43d013037b027791e6a7ba2df4e6e45f3c4fe99794def,2017-03,Sussex Police,Sussex Police,-0.002756,51.135106,On or near Hospital,E01031731,Mid Sussex 001A,Other theft,Investigation complete; no suspect identified,
ffe250f84f9bf3b576e3d417aecf14a7fef6de6f9ef8d04e570b006e939aa8a3,2017-03,Sussex Police,Sussex Police,-0.000964,51.138538,On or near Border Court,E01031731,Mid Sussex 001A,Vehicle crime,Unable to prosecute suspect,
5402a00634782156e276194cf8ee62f1a96ab91ef3afdd09fe003fe0577b2048,2017-03,Sussex Police,Sussex Police,0.000395,51.137562,On or near Holtye Avenue,E01031731,Mid Sussex 001A,Violence and sexual offences,Investigation complete; no suspect identified,
6dfff261cacdacd640c93d0f0d3f98d6f7e5a55df409c22626124f443e971804,2017-03,Sussex Police,Sussex Police,-0.025489,51.136329,On or near Sackville Gardens,E01031732,Mid Sussex 001B,Possession of weapons,Unable to prosecute suspect,
,2017-03,Sussex Police,Sussex Police,-0.016771,51.132935,On or near Wellington Town Road,E01031733,Mid Sussex 001C,Anti-social behaviour,,
daf64f65e12570385c26eca7eb1a286f63e9512a37132d6096acffd83f88edf0,2017-03,Sussex Police,Sussex Police,-0.019495,51.132082,On or near Leacroft,E01031733,Mid Sussex 001C,Burglary,Investigation complete; no suspect identified,
b753c3839299acd553962b32affc0b3d9d17c5d7001408afcd3e4423f9a72d1e,2017-03,Sussex Police,Sussex Police,-0.017974,51.136238,On or near Lingfield Road,E01031733,Mid Sussex 001C,Criminal damage and arson,Investigation complete; no suspect identified,
f1d338b79832de444a9833d1a750afe19c2c7332a067f6f66dd34ef690fecc33,2017-03,Sussex Police,Sussex Police,-0.017974,51.136238,On or near Lingfield Road,E01031733,Mid Sussex 001C,Criminal damage and arson,Investigation complete; no suspect identified,
649817c5f245f2f1f820bfe2794ffdcae2aeb6eb75e1311dd354ac3adb2f21b8,2017-03,Sussex Police,Sussex Police,-0.017974,51.136238,On or near Lingfield Road,E01031733,Mid Sussex 001C,Criminal damage and arson,Investigation complete; no suspect identified,
4f2922003283165b7dc3f910b479853c3936e5f619eb58ed8a0ccc2b8a87a3ac,2017-03,Sussex Police,Sussex Police,-0.022964,51.133849,On or near Dorset Gardens,E01031733,Mid Sussex 001C,Criminal damage and arson,Investigation complete; no suspect identified,
2721ffcb507b55536ed6b5062e53ba9f0a5406252126dfe06fde06e0d839f208,2017-03,Sussex Police,Sussex Police,-0.022964,51.133849,On or near Dorset Gardens,E01031733,Mid Sussex 001C,Public order,Local resolution,
25eec43d4ffc4de1825cdf93a0332bc8ef265ad6b24b09761c479d377354bc1a,2017-03,Sussex Police,Sussex Police,-0.016771,51.132935,On or near Wellington Town Road,E01031733,Mid Sussex 001C,Violence and sexual offences,Unable to prosecute suspect,
c2c9f82ca04064d56b4e4742400eea84b7288e45bc2721471aeb609992eef3ad,2017-03,Sussex Police,Sussex Police,-0.019495,51.132082,On or near Leacroft,E01031733,Mid Sussex 001C,Violence and sexual offences,Status update unavailable,
422a4b7ed0dfc9bec9f7283a388e202f9cacb7e6ccb6f54e79904f2a409a50a7,2017-03,Sussex Police,Sussex Police,-0.015281,51.133350,On or near Charlwoods Business Centre,E01031733,Mid Sussex 001C,Violence and sexual offences,Status update unavailable,
9e7752c4df64a8e2ebe99adc1ab5908d26a591a4659bac2fe7e741ada37218ab,2017-03,Sussex Police,Sussex Police,-0.016771,51.132935,On or near Wellington Town Road,E01031733,Mid Sussex 001C,Violence and sexual offences,Investigation complete; no suspect identified,
f38642a897bb31ed1be4ba88153c2f1542d984044d02cd2bcad078ab8454b6f7,2017-03,Sussex Police,Sussex Police,-0.015281,51.133350,On or near Charlwoods Business Centre,E01031733,Mid Sussex 001C,Violence and sexual offences,Local resolution,
ae02a43faa86f2907634673c9b083c9534a9d07b5aa9c069051a53ffbf0d2ef3,2017-03,Sussex Police,Sussex Police,-0.016771,51.132935,On or near Wellington Town Road,E01031733,Mid Sussex 001C,Violence and sexual offences,Status update unavailable,
,2017-03,Sussex Police,Sussex Police,-0.008782,51.137250,On or near Hillside Close,E01031734,Mid Sussex 001D,Anti-social behaviour,,
,2017-03,Sussex Police,Sussex Police,-0.011648,51.138082,On or near Overton Shaw,E01031734,Mid Sussex 001D,Anti-social behaviour,,
55cedf642e12595726b4f78183c1625e69d251ed0f7216afc59f9ee2d772fea3,2017-03,Sussex Police,Sussex Police,-0.011648,51.138082,On or near Overton Shaw,E01031734,Mid Sussex 001D,Violence and sexual offences,Investigation complete; no suspect identified,
289069213de269498bc12a731b102a0b270d1ecb7077c2b9a6cebcaca073955a,2017-03,Sussex Police,Sussex Police,-0.019203,51.137562,On or near Goodwins Close,E01031734,Mid Sussex 001D,Violence and sexual offences,Further investigation is not in the public interest,
,2017-03,Sussex Police,Sussex Police,-0.013462,51.127779,On or near Further/Higher Educational Building,E01031741,Mid Sussex 001E,Anti-social behaviour,,
,2017-03,Sussex Police,Sussex Police,-0.005471,51.129163,On or near Cranston Road,E01031741,Mid Sussex 001E,Anti-social behaviour,,
,2017-03,Sussex Police,Sussex Police,-0.005552,51.126287,On or near De La Warr Road,E01031741,Mid Sussex 001E,Anti-social behaviour,,
,2017-03,Sussex Police,Sussex Police,-0.005552,51.126287,On or near De La Warr Road,E01031741,Mid Sussex 001E,Anti-social behaviour,,
,2017-03,Sussex Police,Sussex Police,-0.008597,51.126923,On or near Christopher Road,E01031741,Mid Sussex 001E,Anti-social behaviour,,
,2017-03,Sussex Police,Sussex Police,-0.013462,51.127779,On or near Further/Higher Educational Building,E01031741,Mid Sussex 001E,Anti-social behaviour,,
,2017-03,Sussex Police,Sussex Police,-0.013462,51.127779,On or near Further/Higher Educational Building,E01031741,Mid Sussex 001E,Anti-social behaviour,,
,2017-03,Sussex Police,Sussex Police,-0.013462,51.127779,On or near Further/Higher Educational Building,E01031741,Mid Sussex 001E,Anti-social behaviour,,
,2017-03,Sussex Police,Sussex Police,-0.013462,51.127779,On or near Further/Higher Educational Building,E01031741,Mid Sussex 001E,Anti-social behaviour,,
,2017-03,Sussex Police,Sussex Police,-0.005552,51.126287,On or near De La Warr Road,E01031741,Mid Sussex 001E,Anti-social behaviour,,
,2017-03,Sussex Police,Sussex Police,-0.016462,51.127156,On or near Petrol Station,E01031741,Mid Sussex 001E,Anti-social behaviour,,
72040668c85b928904c278b86ba4fd702285cac55f8a70595f8a5246a6c82e48,2017-03,Sussex Police,Sussex Police,-0.012488,51.127826,On or near Petrol Station,E01031741,Mid Sussex 001E,Other theft,Investigation complete; no suspect identified,
b6efbf257553dc974b3c2518d418777d514426802ced81bf2fc2a959476172d7,2017-03,Sussex Police,Sussex Police,-0.011518,51.126802,On or near Beeching Way,E01031741,Mid Sussex 001E,Other theft,Investigation complete; no suspect identified,
d97e97e9a9a028533cf0a6870f92000d857128866a8bdd79889bee984671d227,2017-03,Sussex Police,Sussex Police,-0.016462,51.127156,On or near Petrol Station,E01031741,Mid Sussex 001E,Other theft,Status update unavailable,
9c55892b3663c65855b8d1cdcdee47326d5bd8f0aca9f39d13a61d75216515a1,2017-03,Sussex Police,Sussex Police,-0.016462,51.127156,On or near Petrol Station,E01031741,Mid Sussex 001E,Other theft,Unable to prosecute suspect,
e8d1331aa68e4a45b91edc1ec33bb52c0e6a270783d50e1651969664e1485c64,2017-03,Sussex Police,Sussex Police,-0.016462,51.127156,On or near Petrol Station,E01031741,Mid Sussex 001E,Other theft,Status update unavailable,
e01c259989cd7faf6fea27f0fa9ec69f315e9b1efd0c4652851bc903bb006af5,2017-03,Sussex Police,Sussex Police,-0.016462,51.127156,On or near Petrol Station,E01031741,Mid Sussex 001E,Other theft,Status update unavailable,
e891354ddd3bd3a02e217c70222b2329c6263b9314ef5918decd10ba83399868,2017-03,Sussex Police,Sussex Police,-0.013462,51.127779,On or near Further/Higher Educational Building,E01031741,Mid Sussex 001E,Public order,Investigation complete; no suspect identified,
bf054449ffa2f6a3687c796db254cc3757ad50cf1a636e5b84dc41a0248383d5,2017-03,Sussex Police,Sussex Police,-0.014352,51.129368,On or near Parking Area,E01031741,Mid Sussex 001E,Shoplifting,Offender given community sentence,
e873e49e390e4dbdf2ce005b28fe7e42c79412ec9735074120bc1070cb14d024,2017-03,Sussex Police,Sussex Police,-0.014352,51.129368,On or near Parking Area,E01031741,Mid Sussex 001E,Vehicle crime,Investigation complete; no suspect identified,
3e88d1750e83097af249c079cf1baccb4f09f19a0c824d3b35f224c576e525fe,2017-03,Sussex Police,Sussex Police,-0.011518,51.126802,On or near Beeching Way,E01031741,Mid Sussex 001E,Violence and sexual offences,Unable to prosecute suspect,
,2017-03,Sussex Police,Sussex Police,-0.007818,51.126757,On or near Parking Area,E01031742,Mid Sussex 001F,Anti-social behaviour,,
,2017-03,Sussex Police,Sussex Police,-0.005480,51.124963,On or near St Swithun'S Close,E01031742,Mid Sussex 001F,Anti-social behaviour,,
,2017-03,Sussex Police,Sussex Police,-0.008739,51.124623,On or near Shopping Area,E01031742,Mid Sussex 001F,Anti-social behaviour,,
,2017-03,Sussex Police,Sussex Police,-0.005899,51.123873,On or near High Street,E01031742,Mid Sussex 001F,Anti-social behaviour,,
,2017-03,Sussex Police,Sussex Police,-0.005899,51.123873,On or near High Street,E01031742,Mid Sussex 001F,Anti-social behaviour,,
5f8ded1841c4a92f6f046405da7d158ea4bb32607201def182801d265a051556,2017-03,Sussex Police,Sussex Police,-0.005899,51.123873,On or near High Street,E01031742,Mid Sussex 001F,Burglary,Unable to prosecute suspect,
8760b787a03cfede348521b752fe2d0177df57d0831e2e4255cdf83d010df6c5,2017-03,Sussex Police,Sussex Police,0.001409,51.123668,On or near Warburton Close,E01031742,Mid Sussex 001F,Drugs,Unable to prosecute suspect,
befdd3c1e6c912cb01bac6fc9a971e3069915d21df3e81999ffb3564bce33a4d,2017-03,Sussex Police,Sussex Police,-0.006456,51.126194,On or near Chequer Road,E01031742,Mid Sussex 001F,Drugs,Formal action is not in the public interest,
90803bb659cc22fb314fc028dc6f9f57c5f0187661fe28994703f92e96275e41,2017-03,Sussex Police,Sussex Police,-0.008739,51.124623,On or near Shopping Area,E01031742,Mid Sussex 001F,Other theft,Investigation complete; no suspect identified,
2258e986fb8ed909c74f8a73295fd7f2309820936d583f047fc3c1103fa7984f,2017-03,Sussex Police,Sussex Police,-0.000780,51.125594,On or near Lucas Close,E01031742,Mid Sussex 001F,Public order,Investigation complete; no suspect identified,
44222b97c3c0f13d54a3cfaf76c2e1f9cc6374d062888f8e47b44791276275d3,2017-03,Sussex Police,Sussex Police,-0.008739,51.124623,On or near Shopping Area,E01031742,Mid Sussex 001F,Public order,Status update unavailable,
ffc4c36090c29715c8d8d57079f5026ede448b33ae60df3f90166c47fe4a53a6,2017-03,Sussex Police,Sussex Police,-0.009537,51.124997,On or near Shopping Area,E01031742,Mid Sussex 001F,Theft from the person,Investigation complete; no suspect identified,
991ece5b43b1ed53bb264bf2abed9d91e54f5517a56429d6bdf29e2eb8e52b0c,2017-03,Sussex Police,Sussex Police,-0.005899,51.123873,On or near High Street,E01031742,Mid Sussex 001F,Theft from the person,Investigation complete; no suspect identified,
6034dc76ac15151d563b0bf3dba7934aa34671d15bb3c937b8651638e1d88258,2017-03,Sussex Police,Sussex Police,-0.011170,51.123927,On or near West Street,E01031742,Mid Sussex 001F,Violence and sexual offences,Further investigation is not in the public interest,
,2017-03,Sussex Police,Sussex Police,-0.011263,51.125745,On or near Dallaway Gardens,E01031743,Mid Sussex 001G,Anti-social behaviour,,
,2017-03,Sussex Police,Sussex Police,-0.011464,51.124733,On or near Queen'S Road,E01031743,Mid Sussex 001G,Anti-social behaviour,,
,2017-03,Sussex Police,Sussex Police,-0.016630,51.126574,On or near Station Road,E01031743,Mid Sussex 001G,Anti-social behaviour,,
8d219ff09b6a617104f9e8176dde3577f97881127ffbbbdd84f688ba4ef78f6c,2017-03,Sussex Police,Sussex Police,-0.013539,51.126333,On or near Railway Approach,E01031743,Mid Sussex 001G,Criminal damage and arson,Status update unavailable,
c67778279ede5f7c717d858afce6c5acd66d0641f69cd13d5b57f9694c8c6c6b,2017-03,Sussex Police,Sussex Police,-0.016264,51.126109,On or near B2110,E01031743,Mid Sussex 001G,Public order,Investigation complete; no suspect identified,
c81b8fac5a98ae2a92060ded794841b3d0a3f8d2f358bc2da9a277bb7425a693,2017-03,Sussex Police,Sussex Police,-0.016264,51.126109,On or near B2110,E01031743,Mid Sussex 001G,Shoplifting,Further investigation is not in the public interest,
3cb540e760b0552859e4ec6837a55ad2ac22fb9bf299d62aee8836a568e63d61,2017-03,Sussex Police,Sussex Police,-0.009382,51.125956,On or near London Road,E01031743,Mid Sussex 001G,Shoplifting,Investigation complete; no suspect identified,
55241c48725fe0887cd076c255287d907df6a35448bd0bd1e643fdd1c0bdb554,2017-03,Sussex Police,Sussex Police,-0.019606,51.123819,On or near Copyhold Road,E01031743,Mid Sussex 001G,Vehicle crime,Investigation complete; no suspect identified,
42bc1cb441f562e2fc694900f0821b807b854db56b8c4157354c2c7641a55a20,2017-03,Sussex Police,Sussex Police,-0.013539,51.126333,On or near Railway Approach,E01031743,Mid Sussex 001G,Violence and sexual offences,Awaiting court outcome,
b7bd73e6f032551c497fba206cec74483b5e153df635995551a5c53264507b2a,2017-03,Sussex Police,Sussex Police,-0.013539,51.126333,On or near Railway Approach,E01031743,Mid Sussex 001G,Violence and sexual offences,Unable to prosecute suspect,
24eff138ab6887e928648bebf91ab11c367de7c75124d10c7aa8b8eb25291d94,2017-03,Sussex Police,Sussex Police,-0.016264,51.126109,On or near B2110,E01031743,Mid Sussex 001G,Violence and sexual offences,Unable to prosecute suspect,
e621d48ec6c83af516e21c8c4b385933f0b5749c00c54d3b976129fde93ec4a7,2017-03,Sussex Police,Sussex Police,-0.013893,51.125062,On or near Orchard Way,E01031743,Mid Sussex 001G,Violence and sexual offences,Investigation complete; no suspect identified,
35322fc275f08df634dd00157531b50034ce9886331af246b5ab6eb6ad978d15,2017-03,Sussex Police,Sussex Police,-0.018274,51.124210,On or near Brooklands Way,E01031743,Mid Sussex 001G,Violence and sexual offences,Status update unavailable,
3dad54fbb3644b0aeafe20ce26154f93c96ab2019590cd10e442ad5f9f69fdba,2017-03,Sussex Police,Sussex Police,-0.018274,51.124210,On or near Brooklands Way,E01031743,Mid Sussex 001G,Other crime,Investigation complete; no suspect identified,
,2017-03,Sussex Police,Sussex Police,-0.121559,51.136023,On or near Church Lane,E01031718,Mid Sussex 002A,Anti-social behaviour,,
f16903af7d940049e2b95385bc2628ec72dc9dda3fb13b06d3daf90be28bba97,2017-03,Sussex Police,Sussex Police,-0.125560,51.133605,On or near A264,E01031718,Mid Sussex 002A,Burglary,Investigation complete; no suspect identified,
a55385bb855dbe0e18e704d8b6efd151505ead5953083d1ca53a629b9d2be371,2017-03,Sussex Police,Sussex Police,-0.125560,51.133605,On or near A264,E01031718,Mid Sussex 002A,Vehicle crime,Investigation complete; no suspect identified,
053012a088f5e5ec2d9bbb244e9de949c3cf0bd2f07fab7f5baa08e19ad4d7c4,2017-03,Sussex Police,Sussex Police,-0.125560,51.133605,On or near A264,E01031718,Mid Sussex 002A,Vehicle crime,Investigation complete; no suspect identified,
,2017-03,Sussex Police,Sussex Police,-0.128316,51.135079,On or near Erica Way,E01031719,Mid Sussex 002B,Anti-social behaviour,,
,2017-03,Sussex Police,Sussex Police,-0.115032,51.135189,On or near Copthorne Common Road,E01031719,Mid Sussex 002B,Anti-social behaviour,,
,2017-03,Sussex Police,Sussex Police,-0.115461,51.136950,On or near Pinetrees Close,E01031719,Mid Sussex 002B,Anti-social behaviour,,
ba7fc680c6c7463429656ade6497e02972a6ce8e059385bc682bfb271fda5659,2017-03,Sussex Police,Sussex Police,-0.122566,51.134456,On or near Fairway Close,E01031719,Mid Sussex 002B,Burglary,Investigation complete; no suspect identified,
5bafaa1e8407303430185a927d24658ad4aeb125595463e51133e34de2074c77,2017-03,Sussex Police,Sussex Police,-0.130204,51.124075,On or near Old Hollow,E01031719,Mid Sussex 002B,Burglary,Unable to prosecute suspect,
02f9b3e9a0f118fe73d0fda6afb631902fe078c866157cbbb54ff436a665d408,2017-03,Sussex Police,Sussex Police,-0.130204,51.124075,On or near Old Hollow,E01031719,Mid Sussex 002B,Criminal damage and arson,Investigation complete; no suspect identified,
1be6242017313812490d354c260e2dcbe89d5493e5fbb56089c1c03ddf35c454,2017-03,Sussex Police,Sussex Police,-0.119833,51.134547,On or near Heather Close,E01031719,Mid Sussex 002B,Violence and sexual offences,Formal action is not in the public interest,
76dcbcfef0b1f6e34df35a48f1ae1ba3996540a2c21ce6785a60ef8260873dc6,2017-03,Sussex Police,Sussex Police,-0.108560,51.137225,On or near The Drive,E01031719,Mid Sussex 002B,Other crime,Investigation complete; no suspect identified,
,2017-03,Sussex Police,Sussex Police,-0.097782,51.136160,On or near Cottage Place,E01031720,Mid Sussex 002C,Anti-social behaviour,,
1afbb49b717a904a3082bf890740ee59eb95c7b55323d6c89944bcae4c9a78fe,2017-03,Sussex Police,Sussex Police,-0.092421,51.133762,On or near Barns Court,E01031720,Mid Sussex 002C,Burglary,Investigation complete; no suspect identified,
45fddd29ef607052749b1bf29fcb8afffe4966079161223bab9edfc0c7a6efc6,2017-03,Sussex Police,Sussex Police,-0.097782,51.136160,On or near Cottage Place,E01031720,Mid Sussex 002C,Other theft,Investigation complete; no suspect identified,
51dc50dcec1afb768dcd9a32b66e156391acf5da5ea86bb36bc141557d7d5d2c,2017-03,Sussex Police,Sussex Police,-0.097782,51.136160,On or near Cottage Place,E01031720,Mid Sussex 002C,Other theft,Investigation complete; no suspect identified,
4000c24ea479eab8338d58c0a89a47ca5752babc9945de4610ea6d59f124451d,2017-03,Sussex Police,Sussex Police,-0.097782,51.136160,On or near Cottage Place,E01031720,Mid Sussex 002C,Other theft,Investigation complete; no suspect identified,
be60982cc9038c1dfef549f133235267a7b7b634ddd0cf299859c26dadeb3c90,2017-03,Sussex Police,Sussex Police,-0.097782,51.136160,On or near Cottage Place,E01031720,Mid Sussex 002C,Other theft,Unable to prosecute suspect,
ce85f763b0f07ab5f39b17c2eb6d9a57b5c7b559c9137dbf02f172941384e0c8,2017-03,Sussex Police,Sussex Police,-0.093449,51.136566,On or near Turners Hill Road,E01031720,Mid Sussex 002C,Violence and sexual offences,Formal action is not in the public interest,
c54136bb8c317f74db0a1d42f024043c561f6f49204d4cda1b28c85ba61bba9e,2017-03,Sussex Police,Sussex Police,-0.120166,51.138644,On or near Sports/Recreation Area,E01031720,Mid Sussex 002C,Other crime,Investigation complete; no suspect identified,
52b5821f89ee5dc32a8c836c4b5b7f1e17374cda05065dee7c3de8defde716d1,2017-03,Sussex Police,Sussex Police,-0.084886,51.099267,On or near Selsfield Road,E01031722,Mid Sussex 002D,Burglary,Unable to prosecute suspect,
f322a785d61ddc0fc13ce4d9d738190d31da3708ddb63778a364d937ba9055fd,2017-03,Sussex Police,Sussex Police,-0.112381,51.095388,On or near Paddockhurst Road,E01031722,Mid Sussex 002D,Burglary,Investigation complete; no suspect identified,
dbc905a3da4f67e5d56372c66d8e8ecc4b08940ce6eb8b21229794d7c823ed42,2017-03,Sussex Police,Sussex Police,-0.084749,51.101189,On or near Withypitts,E01031722,Mid Sussex 002D,Public order,Unable to prosecute suspect,
a75f8d6e2d0dfb8a7ae9c908849375e6e69acefb57b78818e3272d194f5ca587,2017-03,Sussex Police,Sussex Police,-0.112381,51.095388,On or near Paddockhurst Road,E01031722,Mid Sussex 002D,Vehicle crime,Unable to prosecute suspect,
11a996138818f2b40317bd4aacf29768355fdf0ae70a745e7011b48ebd8e4247,2017-03,Sussex Police,Sussex Police,-0.084886,51.099267,On or near Selsfield Road,E01031722,Mid Sussex 002D,Vehicle crime,Unable to prosecute suspect,
2e8d24f0d96aa24444b7e803cbbd0b1277bf6c65ad23dad862ecb91649d6aef4,2017-03,Sussex Police,Sussex Police,-0.084749,51.101189,On or near Withypitts,E01031722,Mid Sussex 002D,Violence and sexual offences,Unable to prosecute suspect,
bc1eec0733f9348e0c8853bea2bc349887efa0abc8c5a94b2a467df0421d9b9f,2017-03,Sussex Police,Sussex Police,-0.084749,51.101189,On or near Withypitts,E01031722,Mid Sussex 002D,Violence and sexual offences,Unable to prosecute suspect,
bd77a9c2550609003bfbe0f6b218a0166d06cc6c253527fdb8a038e055265b6a,2017-03,Sussex Police,Sussex Police,0.008434,51.123187,On or near Farm Close,E01031695,Mid Sussex 003A,Burglary,Investigation complete; no suspect identified,
c41e7c1d1a0574483d1197670f342bcba597e6e55479520a5098195442df3822,2017-03,Sussex Police,Sussex Police,0.009638,51.124911,On or near The Glades,E01031695,Mid Sussex 003A,Criminal damage and arson,Investigation complete; no suspect identified,
66159b0d4c5e373eeca4a4fe68618bc7a815d9dd7053f75c43b7e64caa0ead2d,2017-03,Sussex Police,Sussex Police,0.018964,51.113320,On or near Lewes Road,E01031695,Mid Sussex 003A,Other theft,Local resolution,
,2017-03,Sussex Police,Sussex Police,0.029703,51.113854,On or near Maypole Road,E01031696,Mid Sussex 003B,Anti-social behaviour,,
fee62045876a40afa0e11a1be8aacdd40c3624445ea998fffa3b365d60ee4bfa,2017-03,Sussex Police,Sussex Police,0.038702,51.111197,On or near Cansiron Lane,E01031696,Mid Sussex 003B,Other theft,Investigation complete; no suspect identified,
21104135b3ff702a6a386a9e308ac0c63b51919a67d56d865253c96ef41b7d8b,2017-03,Sussex Police,Sussex Police,0.022446,51.111255,On or near Park Lane,E01031696,Mid Sussex 003B,Other theft,Investigation complete; no suspect identified,
5495c4f60d8fce0d17537a2c8f14a4d47f2c1fcd8fe0c765dc3348eceff3c5be,2017-03,Sussex Police,Sussex Police,0.026753,51.112061,On or near Allen'S Close,E01031696,Mid Sussex 003B,Vehicle crime,Investigation complete; no suspect identified,
a0000a8694d244b5cc5c975748549d490d1d99068f3e05f8e0993ad6db45b681,2017-03,Sussex Police,Sussex Police,0.028824,51.112367,On or near School Lane,E01031696,Mid Sussex 003B,Vehicle crime,Investigation complete; no suspect identified,
9344dd2c3724a4a9359e8d0de2413d21e245a2389682a0f12989e12ae038bfe1,2017-03,Sussex Police,Sussex Police,0.026153,51.111739,On or near Chapel Lane,E01031696,Mid Sussex 003B,Vehicle crime,Investigation complete; no suspect identified,
da31083413d59bc304da006be917f97126ea4acecefbb070538b3d321ad17546,2017-03,Sussex Police,Sussex Police,0.029703,51.113854,On or near Maypole Road,E01031696,Mid Sussex 003B,Violence and sexual offences,Unable to prosecute suspect,
,2017-03,Sussex Police,Sussex Police,-0.004437,51.130917,On or near A264,E01031729,Mid Sussex 003C,Anti-social behaviour,,
7ce833cdbe47e9038e24e514df0ce8eb29a62ae5004b076946b400b188696370,2017-03,Sussex Police,Sussex Police,0.001749,51.132835,On or near Gleave Close,E01031729,Mid Sussex 003C,Burglary,Action to be taken by another organisation,
263ca5f77dfdbbfe8ebaa350da3a27a0bff8f3cd6e35db39f82471630cfb17a2,2017-03,Sussex Police,Sussex Police,0.000068,51.136614,On or near Copse Close,E01031729,Mid Sussex 003C,Criminal damage and arson,Investigation complete; no suspect identified,
4d388c69fa74288680cb27e29a40d69ca7c644c971be9720da18494f4329bb19,2017-03,Sussex Police,Sussex Police,0.000068,51.136614,On or near Copse Close,E01031729,Mid Sussex 003C,Criminal damage and arson,Investigation complete; no suspect identified,
f488f8810c7afb9ecabec62398e6a0d1c9c7d03293c6a76c2361efdb90ad4549,2017-03,Sussex Police,Sussex Police,0.005728,51.137578,On or near Spruce Place,E01031729,Mid Sussex 003C,Public order,Unable to prosecute suspect,
147930e7dbc35b713023482c1abbf694ae657e4859b799fb9608e30c83947c3e,2017-03,Sussex Police,Sussex Police,0.007044,51.126395,On or near Harmans Mead,E01031730,Mid Sussex 003D,Criminal damage and arson,Investigation complete; no suspect identified,
5a16255e1d0e78ae638cbb4dba83d884f36f36e23b3bce943d484d5ede9b9dd4,2017-03,Sussex Police,Sussex Police,0.008080,51.126242,On or near Harmans Drive,E01031730,Mid Sussex 003D,Public order,Investigation complete; no suspect identified,
0a1f29a8f76a6d8820111272f810e77d3ef637bf11e39e14073561f21b16d011,2017-03,Sussex Police,Sussex Police,0.007560,51.129390,On or near Mindelheim Avenue,E01031730,Mid Sussex 003D,Violence and sexual offences,Unable to prosecute suspect,
c12ac26df189575988c8ff0476036f355e22fbd2b7992e1aa9f65e11bb085b63,2017-03,Sussex Police,Sussex Police,-0.004003,51.121764,On or near Heron Place,E01031735,Mid Sussex 003E,Burglary,Investigation complete; no suspect identified,
6a307ea516644550c4a6bf0628ca3bc4de586852933a4fcba9c337a6047bbed1,2017-03,Sussex Police,Sussex Police,-0.000112,51.120528,On or near Windsor Place,E01031735,Mid Sussex 003E,Criminal damage and arson,Investigation complete; no suspect identified,
caef025b69aafa41cb6186ba8a168463c511313547e702e91dd9fe949eb00c48,2017-03,Sussex Police,Sussex Police,-0.004104,51.122080,On or near Kingfisher Rise,E01031735,Mid Sussex 003E,Other theft,Unable to prosecute suspect,
,2017-03,Sussex Police,Sussex Police,-0.009976,51.117459,On or near Dunning'S Road,E01031736,Mid Sussex 004A,Anti-social behaviour,,
661fb181a2d26764c9419a9894063319bf45b277495affbda3e53f42ab0d8e49,2017-03,Sussex Police,Sussex Police,-0.015759,51.118879,On or near Nightingale Close,E01031736,Mid Sussex 004A,Criminal damage and arson,Investigation complete; no suspect identified,
7eec2bc0b56edcc9f0b8b04c6eb6ec7a3566266a7a0f81127d6722de04f4b78d,2017-03,Sussex Police,Sussex Police,-0.049071,51.104862,On or near Vowels Lane,E01031736,Mid Sussex 004A,Other theft,Investigation complete; no suspect identified,
047fe1955330e403101f3edff8847a231adede391d87936b36ea27c4e6839b08,2017-03,Sussex Police,Sussex Police,-0.034921,51.125948,On or near Imberhorne Lane,E01031736,Mid Sussex 004A,Public order,Status update unavailable,
09a311e82f27f3705613a5e920712bf99246c45fdfdd98937eefa0261a69d1cf,2017-03,Sussex Police,Sussex Police,-0.029301,51.109243,On or near Saint Hill Road,E01031736,Mid Sussex 004A,Public order,Status update unavailable,
33e6f45923dea131c284adb6293ad8ff432378323a7cbd3cc4c3cb33d7a2343b,2017-03,Sussex Police,Sussex Police,-0.049071,51.104862,On or near Vowels Lane,E01031736,Mid Sussex 004A,Vehicle crime,Investigation complete; no suspect identified,
cf41c5f81268e094d6d682d3e9ae4d02fb0d258dec8d7aa542ae06d646185685,2017-03,Sussex Police,Sussex Police,-0.029301,51.109243,On or near Saint Hill Road,E01031736,Mid Sussex 004A,Violence and sexual offences,Status update unavailable,
c29d2ae8afaf22e73a1c06314c741a365ce0aad89e511e0d3875a5ea1f0bfe5d,2017-03,Sussex Police,Sussex Police,-0.059273,51.112982,On or near Park/Open Space,E01031736,Mid Sussex 004A,Violence and sexual offences,Awaiting court outcome,
33e3734569f3720175762eb91add081c4631266562604cdd4ad3e06432e6f1b9,2017-03,Sussex Police,Sussex Police,-0.029301,51.109243,On or near Saint Hill Road,E01031736,Mid Sussex 004A,Violence and sexual offences,Unable to prosecute suspect,
c6759fdb3594e7c46396bc9a77d6d96a6dba032826241d38efd21e93fa09bf3b,2017-03,Sussex Police,Sussex Police,-0.049071,51.104862,On or near Vowels Lane,E01031736,Mid Sussex 004A,Other crime,Court result unavailable,
,2017-03,Sussex Police,Sussex Police,-0.011687,51.114529,On or near Dunnings Road,E01031737,Mid Sussex 004B,Anti-social behaviour,,
,2017-03,Sussex Police,Sussex Police,-0.011687,51.114529,On or near Dunnings Road,E01031737,Mid Sussex 004B,Anti-social behaviour,,
,2017-03,Sussex Police,Sussex Police,-0.011687,51.114529,On or near Dunnings Road,E01031737,Mid Sussex 004B,Anti-social behaviour,,
4034cb521d6535172f2ea9f9c03b924132a3a5dd2e051bf0677cbdb565db39aa,2017-03,Sussex Police,Sussex Police,-0.009510,51.113989,On or near Stockwell Road,E01031737,Mid Sussex 004B,Criminal damage and arson,Investigation complete; no suspect identified,
817525da26a82ccf2796158161b72b5adeb4a6c8c0404275bd8d044ffd22f72e,2017-03,Sussex Police,Sussex Police,-0.009510,51.113989,On or near Stockwell Road,E01031737,Mid Sussex 004B,Criminal damage and arson,Investigation complete; no suspect identified,
5c5b3bcb1ae7d88bd6fcd1792107de921dc68fae432e136a6123f50b8d30ab43,2017-03,Sussex Police,Sussex Police,-0.011687,51.114529,On or near Dunnings Road,E01031737,Mid Sussex 004B,Public order,Unable to prosecute suspect,
72c67270854e806e1ee7c712883923c8d121155f5f4cf132d883951ecf68ba2e,2017-03,Sussex Police,Sussex Police,-0.011687,51.114529,On or near Dunnings Road,E01031737,Mid Sussex 004B,Public order,Unable to prosecute suspect,
29c358b3cb72328e71d183fa5ca3c78908f79af6cc5bbeb0e7e525a1c2b368e1,2017-03,Sussex Police,Sussex Police,-0.007629,51.112886,On or near Lister Avenue,E01031737,Mid Sussex 004B,Violence and sexual offences,Investigation complete; no suspect identified,
d8ef0864e5324829df883a75307247fb65cbbfbeb4cc712ceb200c5e11841aa8,2017-03,Sussex Police,Sussex Police,-0.007239,51.113644,On or near Faraday Avenue,E01031737,Mid Sussex 004B,Violence and sexual offences,Unable to prosecute suspect,
,2017-03,Sussex Police,Sussex Police,-0.025116,51.128319,On or near Crossways Avenue,E01031738,Mid Sussex 004C,Anti-social behaviour,,
2cd4c9fa95883da3a4df9342034e67f24864b76276079196a0703fd660ae9164,2017-03,Sussex Police,Sussex Police,-0.030846,51.130358,On or near Fairlawn Crescent,E01031738,Mid Sussex 004C,Other theft,Investigation complete; no suspect identified,
1db70c056f88d3192a002209907f7be233764aed4a43c053a23cb1e64829bf03,2017-03,Sussex Police,Sussex Police,-0.034060,51.126689,On or near Otterbourne Place,E01031738,Mid Sussex 004C,Vehicle crime,Investigation complete; no suspect identified,
35d897e45aff1493834365f91f4900a7b839994bd3ed0c11f7b07ea821275860,2017-03,Sussex Police,Sussex Police,-0.034060,51.126689,On or near Otterbourne Place,E01031738,Mid Sussex 004C,Violence and sexual offences,Investigation complete; no suspect identified,
e1ea7617f4945b927bac4d1e07da898a251862f9442f3649e01d9c0e330bb7c3,2017-03,Sussex Police,Sussex Police,-0.016056,51.130297,On or near Green Hedges Avenue,E01031739,Mid Sussex 004D,Drugs,Local resolution,
975d23f256cbde1ca3fe89a84e3bd7a8c923b5ea0d72f1026fb90e1d4bf0a085,2017-03,Sussex Police,Sussex Police,-0.019294,51.127770,On or near Crescent Road,E01031739,Mid Sussex 004D,Drugs,Court result unavailable,
4285c1ff1ed68b29854324f5652e172b17aadb5dc33b8fdbd07caa956e4d0785,2017-03,Sussex Police,Sussex Police,-0.017412,51.129321,On or near Garland Road,E01031739,Mid Sussex 004D,Other theft,Investigation complete; no suspect identified,
d345a80d628a92fa61b3fc84fb745dd68bea4be55b79cab7d27d6ab5745c5bee,2017-03,Sussex Police,Sussex Police,-0.016056,51.130297,On or near Green Hedges Avenue,E01031739,Mid Sussex 004D,Other theft,Offender given community sentence,
16361673fe09a1e6a73f7de4102ead86c16518c3a4c2fbc599136a602375c4a5,2017-03,Sussex Police,Sussex Police,-0.027546,51.124942,On or near Byron Grove,E01031739,Mid Sussex 004D,Other theft,Investigation complete; no suspect identified,
7146722133a6a33be7bc13870f2efce10c8dce55176ced59c531f621c52991af,2017-03,Sussex Police,Sussex Police,-0.016056,51.130297,On or near Green Hedges Avenue,E01031739,Mid Sussex 004D,Possession of weapons,Court result unavailable,
60c7bf81c103ba6bfe24556c994c6405e1f92125b3c4a9ac05de1f0e2d452a0b,2017-03,Sussex Police,Sussex Police,-0.019294,51.127770,On or near Crescent Road,E01031739,Mid Sussex 004D,Public order,Further investigation is not in the public interest,
42ef756129ee5d5b516a0844d0ea46f7f617b6447fe644f1cbf73039d5c20e16,2017-03,Sussex Police,Sussex Police,-0.019294,51.127770,On or near Crescent Road,E01031739,Mid Sussex 004D,Violence and sexual offences,Offender given conditional discharge,
87a5d37e3125d66453227a3f3446a1c6c17b09651e62dbb152ad3849bcd3a5d9,2017-03,Sussex Police,Sussex Police,-0.019294,51.127770,On or near Crescent Road,E01031739,Mid Sussex 004D,Violence and sexual offences,Status update unavailable,
,2017-03,Sussex Police,Sussex Police,-0.038987,51.137905,On or near The Moorings,E01031740,Mid Sussex 004E,Anti-social behaviour,,
,2017-03,Sussex Police,Sussex Police,-0.035837,51.137690,On or near Petrol Station,E01031740,Mid Sussex 004E,Anti-social behaviour,,
,2017-03,Sussex Police,Sussex Police,-0.032000,51.130440,On or near Fairlawn Drive,E01031740,Mid Sussex 004E,Anti-social behaviour,,
c3c907766a04b08053bcf31e6d1e2d84ab1df04411fcd355d231c5902024c2b6,2017-03,Sussex Police,Sussex Police,-0.023102,51.131630,On or near Halsford Park Road,E01031740,Mid Sussex 004E,Criminal damage and arson,Investigation complete; no suspect identified,
3ef4a7db5beb7a3f2bc496809f6642467631389ec7f894862af942a48bd8b899,2017-03,Sussex Police,Sussex Police,-0.035837,51.137690,On or near Petrol Station,E01031740,Mid Sussex 004E,Public order,Unable to prosecute suspect,
4828842d733dcf04cd23da003f3dbd8012e83ebd4132d1f3ab317f6c1fc9b9dd,2017-03,Sussex Police,Sussex Police,-0.033094,51.134640,On or near Imberhorne Way,E01031740,Mid Sussex 004E,Violence and sexual offences,Investigation complete; no suspect identified,
baada5e0be55a2a4aa84c71f405d07799e8e79536eb171c0229b824d4637212e,2017-03,Sussex Police,Sussex Police,-0.027124,51.130493,On or near Heathcote Drive,E01031740,Mid Sussex 004E,Violence and sexual offences,Investigation complete; no suspect identified,
8ac6171df487ac90a93b128da61a133f620c9e913a4de493d9dafb7ab4998a34,2017-03,Sussex Police,Sussex Police,-0.032000,51.130440,On or near Fairlawn Drive,E01031740,Mid Sussex 004E,Violence and sexual offences,Unable to prosecute suspect,
52994d7d46e289556741aa9009ef936943dfe4437112b4d5d6be1f33679d4eec,2017-03,Sussex Police,Sussex Police,-0.031871,51.133127,On or near Sports/Recreation Area,E01031740,Mid Sussex 004E,Violence and sexual offences,Investigation complete; no suspect identified,
,2017-03,Sussex Police,Sussex Police,-0.075267,51.120045,On or near Kiln Road,E01031721,Mid Sussex 005A,Anti-social behaviour,,
0769a526c93dddbad74316af6138ecd63a11ff36b2873a260b156754061a5a56,2017-03,Sussex Police,Sussex Police,-0.068760,51.108183,On or near Siskin Avenue,E01031721,Mid Sussex 005A,Burglary,Unable to prosecute suspect,
43fe2c87d5758bc41739ecd34012eee453dd1ea9d303115c48686c7200ffc632,2017-03,Sussex Police,Sussex Police,-0.073624,51.120036,On or near Woodlands Close,E01031721,Mid Sussex 005A,Criminal damage and arson,Investigation complete; no suspect identified,
62c70a8f6e4b737433f25a5611dc5efa0f554a204c4abdb22ba1fa42166afc72,2017-03,Sussex Police,Sussex Police,-0.068760,51.108183,On or near Siskin Avenue,E01031721,Mid Sussex 005A,Other theft,Unable to prosecute suspect,
73cd8c45ae3ef81c414adcd98a50fed16848e025c28d74fcb8c4c3e708b96ca5,2017-03,Sussex Police,Sussex Police,-0.068760,51.108183,On or near Siskin Avenue,E01031721,Mid Sussex 005A,Other theft,Investigation complete; no suspect identified,
ef49e56db66b1018ba8ee61f666232cb6c1de779959daffceed0c5b34f0c9ae2,2017-03,Sussex Police,Sussex Police,-0.080537,51.119781,On or near Grange Road,E01031721,Mid Sussex 005A,Vehicle crime,Investigation complete; no suspect identified,
,2017-03,Sussex Police,Sussex Police,-0.077414,51.141987,On or near Copthorne Road,E01031723,Mid Sussex 005B,Anti-social behaviour,,
d3ba4ef43f1a258863682edecc4e39c14d9959a132168f912736744e5b05e680,2017-03,Sussex Police,Sussex Police,-0.084987,51.122740,On or near Wynlea Close,E01031723,Mid Sussex 005B,Burglary,Investigation complete; no suspect identified,
e9b334382275cd3ca7dad72331c198908e2eeee7ad8fa53d8f39935cd960d0b3,2017-03,Sussex Police,Sussex Police,-0.078343,51.126849,On or near Haven Gardens,E01031723,Mid Sussex 005B,Burglary,Investigation complete; no suspect identified,
ecdb9f07016e2578133792ac0ef677ad9066873000921b667708657676261cc0,2017-03,Sussex Police,Sussex Police,-0.089566,51.126404,On or near Turners Hill Road,E01031723,Mid Sussex 005B,Other theft,Investigation complete; no suspect identified,
b7cc7b1c074e901e1714f190939704f7cb740757e041f506cd1b16d53de38205,2017-03,Sussex Police,Sussex Police,-0.087329,51.124496,On or near Hazelwood Close,E01031723,Mid Sussex 005B,Public order,Investigation complete; no suspect identified,
aef07fd9a4597271c48a13bd6e7449999415066d0f94f50b03b44c6aa3e2e39d,2017-03,Sussex Police,Sussex Police,-0.067659,51.123957,On or near Hallsland,E01031724,Mid Sussex 005C,Violence and sexual offences,Unable to prosecute suspect,
5df23f2183b217bdfad19118e69ed3de8d1b09a8e8d5b6040c8a9268a9af7cad,2017-03,Sussex Police,Sussex Police,-0.067659,51.123957,On or near Hallsland,E01031724,Mid Sussex 005C,Violence and sexual offences,Unable to prosecute suspect,
,2017-03,Sussex Police,Sussex Police,-0.078894,51.121148,On or near Beech Holme,E01031725,Mid Sussex 005D,Anti-social behaviour,,
,2017-03,Sussex Police,Sussex Police,-0.078657,51.120307,On or near Old Station Close,E01031725,Mid Sussex 005D,Anti-social behaviour,,
,2017-03,Sussex Police,Sussex Police,-0.073808,51.122845,On or near Burleigh Close,E01031725,Mid Sussex 005D,Anti-social behaviour,,
,2017-03,Sussex Police,Sussex Police,-0.078657,51.120307,On or near Old Station Close,E01031725,Mid Sussex 005D,Anti-social behaviour,,
245e7d6c6a5ad828ae37ec678c511b74fc093506d9e9268835b95f19274cbc52,2017-03,Sussex Police,Sussex Police,-0.077819,51.122596,On or near Bowers Place,E01031725,Mid Sussex 005D,Vehicle crime,Investigation complete; no suspect identified,
99b09ee13f674f2027bb65a1eeaa49efc307ddb9d47772496945d82a1b62382b,2017-03,Sussex Police,Sussex Police,-0.081402,51.123725,On or near Buckley Place,E01031725,Mid Sussex 005D,Violence and sexual offences,Unable to prosecute suspect,
,2017-03,Sussex Police,Sussex Police,-0.082804,51.050130,On or near Fairfield Close,E01031694,Mid Sussex 006A,Anti-social behaviour,,
,2017-03,Sussex Police,Sussex Police,-0.108586,51.065200,On or near Paddockhurst Lane,E01031694,Mid Sussex 006A,Anti-social behaviour,,
,2017-03,Sussex Police,Sussex Police,-0.078874,51.048914,On or near Parking Area,E01031694,Mid Sussex 006A,Anti-social behaviour,,
,2017-03,Sussex Police,Sussex Police,-0.078874,51.048914,On or near Parking Area,E01031694,Mid Sussex 006A,Anti-social behaviour,,
d80b661072cd4a69b03df85337fcf0a49da5540988a0fe09d930f2b9a3d50b52,2017-03,Sussex Police,Sussex Police,-0.087902,51.039637,On or near College Road,E01031694,Mid Sussex 006A,Burglary,Investigation complete; no suspect identified,
5c0d9c942113a3460880df06d2bb9fa69ea737b0bcdbecd9e2189c2a3681f931,2017-03,Sussex Police,Sussex Police,-0.078227,51.049713,On or near High Street,E01031694,Mid Sussex 006A,Criminal damage and arson,Investigation complete; no suspect identified,
2002cb3c5fbacf3314451af0acee670c6fb45615b51041ab457fcc0e9ef9075a,2017-03,Sussex Police,Sussex Police,-0.088612,51.061206,On or near Tillinghurst Lane,E01031694,Mid Sussex 006A,Public order,Investigation complete; no suspect identified,
46d702c0c197b9dd2b5f8e5699592e2228e8b149b5d374a22403aea7a8a531ae,2017-03,Sussex Police,Sussex Police,-0.108586,51.065200,On or near Paddockhurst Lane,E01031694,Mid Sussex 006A,Vehicle crime,Investigation complete; no suspect identified,
deef744933340088eb53aca94ac2af1c43ac6e05dbdf58584710ab177b91e86e,2017-03,Sussex Police,Sussex Police,-0.080226,51.078317,On or near Ardingly Road,E01031694,Mid Sussex 006A,Violence and sexual offences,Unable to prosecute suspect,
bf191492eaad905873177548320df7fa40e6bfac15b959a51b0fdd3f25ea7e2c,2017-03,Sussex Police,Sussex Police,-0.080308,51.049756,On or near Oaklands,E01031694,Mid Sussex 006A,Violence and sexual offences,Investigation complete; no suspect identified,
f504799c5475046783448de6e6667411ef9ac388157649e748a54ee4e9a9c6cc,2017-03,Sussex Police,Sussex Police,-0.080308,51.049756,On or near Oaklands,E01031694,Mid Sussex 006A,Violence and sexual offences,Status update unavailable,
81846c8230325fe2eacb1a1bd5757e0bd54dd6d9ff8d8a94cfd288039a687d99,2017-03,Sussex Police,Sussex Police,-0.022557,51.036589,On or near Lucas,E01031764,Mid Sussex 006B,Burglary,Investigation complete; no suspect identified,
adb0b2d244fedc3fbdbc43a174232def088ed56f4b8a4072091c4ceb02729ad9,2017-03,Sussex Police,Sussex Police,-0.028854,51.034402,On or near Challoners,E01031764,Mid Sussex 006B,Violence and sexual offences,Unable to prosecute suspect,
c31ee96f6fa756b8a720aa91713bdd06ec9c54ac5eb1730710c093b55588e355,2017-03,Sussex Police,Sussex Police,-0.041934,51.043867,On or near Station Approach,E01031764,Mid Sussex 006B,Violence and sexual offences,Unable to prosecute suspect,
,2017-03,Sussex Police,Sussex Police,-0.054521,50.992321,On or near Lewes Road,E01031765,Mid Sussex 006C,Anti-social behaviour,,
51725cce3e6f296dbf79659bde371c2983b3d782f8a5e9a406112a35d9335f09,2017-03,Sussex Police,Sussex Police,-0.052143,50.992273,On or near Roseleigh Gardens,E01031765,Mid Sussex 006C,Burglary,Investigation complete; no suspect identified,
73f6b6c0e35ee2c5cffc7f07181dd436c7014106d273261e9394b3b0583d1cad,2017-03,Sussex Police,Sussex Police,-0.067702,50.992684,On or near Slugwash Lane,E01031765,Mid Sussex 006C,Other theft,Further investigation is not in the public interest,
,2017-03,Sussex Police,Sussex Police,-0.053675,51.080954,On or near Chapel Row,E01031766,Mid Sussex 006D,Anti-social behaviour,,
a05c631ae20bfa3ecb26541170bc9cc3b44a65d289b5e9f8f4b02fa066261df5,2017-03,Sussex Police,Sussex Police,-0.074154,51.057452,On or near Cob Lane,E01031766,Mid Sussex 006D,Criminal damage and arson,Investigation complete; no suspect identified,
a6fa29832c80bb841198fa08aaeb75d97be038be14bb22167dcc5094aa2021c0,2017-03,Sussex Police,Sussex Police,-0.042782,51.077561,On or near Hamsey Road,E01031766,Mid Sussex 006D,Criminal damage and arson,Investigation complete; no suspect identified,
836b565d0736384fa25efdd4d7dcbf4b03f4f64ab81ce69f1eba33e8ac333df6,2017-03,Sussex Police,Sussex Police,-0.053715,51.080694,On or near The Beacon,E01031766,Mid Sussex 006D,Other theft,Investigation complete; no suspect identified,
7496a9191607dd8db16e556cb2b620ff64752e93c3d5e70e4418b34968659134,2017-03,Sussex Police,Sussex Police,-0.047121,51.075206,On or near Bulldogs Bank,E01031766,Mid Sussex 006D,Vehicle crime,Investigation complete; no suspect identified,
11343f29d00c0313c9b8f3f9de27c8d90300d437f47e6be94e627f253c3ca9e2,2017-03,Sussex Police,Sussex Police,-0.047121,51.075206,On or near Bulldogs Bank,E01031766,Mid Sussex 006D,Violence and sexual offences,Investigation complete; no suspect identified,
,2017-03,Sussex Police,Sussex Police,-0.203183,51.082502,On or near Cotsford,E01031692,Mid Sussex 007A,Anti-social behaviour,,
,2017-03,Sussex Police,Sussex Police,-0.201948,51.053598,On or near A23,E01031692,Mid Sussex 007A,Anti-social behaviour,,
,2017-03,Sussex Police,Sussex Police,-0.200314,51.062628,On or near London Road,E01031692,Mid Sussex 007A,Anti-social behaviour,,
,2017-03,Sussex Police,Sussex Police,-0.199940,51.083307,On or near Motorway Service Area,E01031692,Mid Sussex 007A,Anti-social behaviour,,
,2017-03,Sussex Police,Sussex Police,-0.200422,51.055058,On or near Windmill Platt,E01031692,Mid Sussex 007A,Anti-social behaviour,,
,2017-03,Sussex Police,Sussex Police,-0.203183,51.082502,On or near Cotsford,E01031692,Mid Sussex 007A,Anti-social behaviour,,
,2017-03,Sussex Police,Sussex Police,-0.200314,51.062628,On or near London Road,E01031692,Mid Sussex 007A,Anti-social behaviour,,
c9c4743321130b437d7907f7f16137a4db17d529ab3da0d067953053812358ae,2017-03,Sussex Police,Sussex Police,-0.196268,51.038204,On or near Staplefield Road,E01031692,Mid Sussex 007A,Burglary,Local resolution,
680f76e3aacaa4c45ff84b4f01b15f2ce37f035600766f4a861c5c2ba18a1539,2017-03,Sussex Police,Sussex Police,-0.200093,51.084136,On or near Brighton Road,E01031692,Mid Sussex 007A,Other theft,Investigation complete; no suspect identified,
1d076f2e8b1d83ba185e85175f088af51d0fdae0ead5447996a8785156c485c7,2017-03,Sussex Police,Sussex Police,-0.203769,51.079166,On or near Old Brighton Road (South),E01031692,Mid Sussex 007A,Other theft,Status update unavailable,
3ccba8a7086afce724b20da5395e10131bc04f38f2dc61faea2e7be851d04cd7,2017-03,Sussex Police,Sussex Police,-0.168080,51.064646,On or near Handcross Road,E01031692,Mid Sussex 007A,Other theft,Investigation complete; no suspect identified,
0df218b222afc75e6fe426118d69272efee2ab741462781b06e8b90dab1a7610,2017-03,Sussex Police,Sussex Police,-0.200093,51.084136,On or near Brighton Road,E01031692,Mid Sussex 007A,Other theft,Further investigation is not in the public interest,
fffb505f63d5501c9fe54269a430890a83190abe9c9062a591a1e03a05caf68a,2017-03,Sussex Police,Sussex Police,-0.201948,51.053598,On or near A23,E01031692,Mid Sussex 007A,Public order,Unable to prosecute suspect,
76905703228436acc960bd605fc8c1d074349b736e7c960c610edb2b0e775bca,2017-03,Sussex Police,Sussex Police,-0.200314,51.062628,On or near London Road,E01031692,Mid Sussex 007A,Public order,Further investigation is not in the public interest,
3e93f59050d7eb13c04fcf77d328fa149353479da1bc1994e648e343b22c7de7,2017-03,Sussex Police,Sussex Police,-0.203183,51.082502,On or near Cotsford,E01031692,Mid Sussex 007A,Vehicle crime,Status update unavailable,
0aab13398a5bd5541c7afecf7d441580b493b54c9e0c882bf8a7bcd9b136acd0,2017-03,Sussex Police,Sussex Police,-0.199940,51.083307,On or near Motorway Service Area,E01031692,Mid Sussex 007A,Vehicle crime,Investigation complete; no suspect identified,
2c94f6a8d2433dd54de9dba8c4946a6aaaeb16157721696499a4a833f890f6cd,2017-03,Sussex Police,Sussex Police,-0.200093,51.084136,On or near Brighton Road,E01031692,Mid Sussex 007A,Vehicle crime,Investigation complete; no suspect identified,
a76375cf467b7231b4fb34fa1f045e0dfd6bfbca01d92c1b7a2dcc907958d878,2017-03,Sussex Police,Sussex Police,-0.206761,51.082287,On or near Horsham Road,E01031692,Mid Sussex 007A,Vehicle crime,Investigation complete; no suspect identified,
a13bc41b30cfd60c4f8f885b9ff2612f4c4c6772ada7adbc89b365d540264772,2017-03,Sussex Police,Sussex Police,-0.202821,51.068261,On or near Brighton Road,E01031692,Mid Sussex 007A,Violence and sexual offences,Status update unavailable,
0439b96825c3f9c29c53517cb1b521496e37a47c48fd9f38f9f2a6ad0f1832df,2017-03,Sussex Police,Sussex Police,-0.205189,51.083073,On or near Barn Close,E01031692,Mid Sussex 007A,Violence and sexual offences,Further investigation is not in the public interest,
6c5266820865e6362efaa6e2ec1f3d0310f47ddf46093b9705ec1a30c8089880,2017-03,Sussex Police,Sussex Police,-0.129504,51.056813,On or near Deanland Road,E01031693,Mid Sussex 007B,Criminal damage and arson,Investigation complete; no suspect identified,
88a4ef349812a67d6f52f7cd0a9cfa9845ed7646e923634dce72eca7c2ec17f6,2017-03,Sussex Police,Sussex Police,-0.143237,51.071322,On or near Crawley Lane,E01031693,Mid Sussex 007B,Vehicle crime,Investigation complete; no suspect identified,
44b4a11ba1a716a04cbb1dc0efb438abc0284e86e1b72f0281400dde61edd3c8,2017-03,Sussex Police,Sussex Police,-0.164861,51.053309,On or near Brantridge Lane,E01031693,Mid Sussex 007B,Vehicle crime,Investigation complete; no suspect identified,
b1e58aa7cc401105e2184414b082a8ca2c6387cd72afa4cc7c399ffb4bfe1650,2017-03,Sussex Police,Sussex Police,-0.130409,51.057017,On or near Victoria Road,E01031693,Mid Sussex 007B,Vehicle crime,Investigation complete; no suspect identified,
f46cf51139710d22a66de4c3f686ecc9e27dce8f0bfebfaf2d9e21adedbd535a,2017-03,Sussex Police,Sussex Police,-0.133839,51.055821,On or near Jobes,E01031693,Mid Sussex 007B,Violence and sexual offences,Status update unavailable,
64aaa0c3fa101c0a2aeb3a467a58b73423812151a92de37dec2b0753af9ae19b,2017-03,Sussex Police,Sussex Police,-0.153109,51.042773,On or near Whitethroat Lane,E01031693,Mid Sussex 007B,Violence and sexual offences,Unable to prosecute suspect,
80eea4bd744cec84763bb9464a87c3d918a8ad24505a938365161176b6487ae9,2017-03,Sussex Police,Sussex Police,-0.153187,51.075958,On or near High Street,E01031693,Mid Sussex 007B,Violence and sexual offences,Unable to prosecute suspect,
6f750cd031f72930365cb5d156c9d25d6ac9a59958b99b33829d45ff021a80e0,2017-03,Sussex Police,Sussex Police,-0.204103,51.008207,On or near Jeremy'S Lane,E01031697,Mid Sussex 007C,Drugs,Offender given a caution,
1522e2b7be7b45dfe7cab39e1a9b224f3b68ea01234f66842b3dd3071fec016f,2017-03,Sussex Police,Sussex Police,-0.204103,51.008207,On or near Jeremy'S Lane,E01031697,Mid Sussex 007C,Violence and sexual offences,Further investigation is not in the public interest,
3939b20f7b475beceb08e947e103c922cad23fc1961f091400dacc32d7dab0a6,2017-03,Sussex Police,Sussex Police,-0.204103,51.008207,On or near Jeremy'S Lane,E01031697,Mid Sussex 007C,Violence and sexual offences,Unable to prosecute suspect,
,2017-03,Sussex Police,Sussex Police,-0.195388,51.014583,On or near Thorndean Drive,E01031727,Mid Sussex 007D,Anti-social behaviour,,
,2017-03,Sussex Police,Sussex Police,-0.195388,51.014583,On or near Thorndean Drive,E01031727,Mid Sussex 007D,Anti-social behaviour,,
1fdb5be424f875b041594b7ad617dba329628ac05265cf51aaf260276ab89c86,2017-03,Sussex Police,Sussex Police,-0.186943,51.032628,On or near Staplefield Road,E01031727,Mid Sussex 007D,Criminal damage and arson,Unable to prosecute suspect,
3695b39e8ef43a1210b3327337bdf6c9d903de2b256e8d1817e5679b12c4855f,2017-03,Sussex Police,Sussex Police,-0.178156,51.010826,On or near Broxmead Lane,E01031727,Mid Sussex 007D,Other theft,Investigation complete; no suspect identified,
f4385163666354c25534b26d7f039088526685ce06e6b49abde84b951f715ccf,2017-03,Sussex Police,Sussex Police,-0.183605,51.039932,On or near Tanners Mead,E01031727,Mid Sussex 007D,Other theft,Investigation complete; no suspect identified,
,2017-03,Sussex Police,Sussex Police,-0.079958,50.995764,On or near Aspen Close,E01031758,Mid Sussex 008A,Anti-social behaviour,,
510522df125d608ccd39fec166614ff2cceabaf9c79e1f248b7dc4d48200d2c5,2017-03,Sussex Police,Sussex Police,-0.082087,50.995295,On or near Laburnum Way,E01031758,Mid Sussex 008A,Violence and sexual offences,Status update unavailable,
755f09d436d51c48cc84779ac8fab07471650c7ddb08fd15b9099189c0719323,2017-03,Sussex Police,Sussex Police,-0.099963,51.007009,On or near Queens Road,E01031760,Mid Sussex 008B,Violence and sexual offences,Unable to prosecute suspect,
d98acb96894c1174a8d21d7639ab2d3b86ba523f10c1ccf99c91ad475f1d40df,2017-03,Sussex Police,Sussex Police,-0.100457,51.007835,On or near Gordon Road,E01031760,Mid Sussex 008B,Other crime,Unable to prosecute suspect,
,2017-03,Sussex Police,Sussex Police,-0.075618,51.009380,On or near Noahs Ark Lane,E01031772,Mid Sussex 008C,Anti-social behaviour,,
,2017-03,Sussex Police,Sussex Police,-0.081832,51.012180,On or near Supermarket,E01031772,Mid Sussex 008C,Anti-social behaviour,,
,2017-03,Sussex Police,Sussex Police,-0.076182,51.010217,On or near Eastern Road,E01031772,Mid Sussex 008C,Anti-social behaviour,,
,2017-03,Sussex Police,Sussex Police,-0.076799,51.011837,On or near Newton Road,E01031772,Mid Sussex 008C,Anti-social behaviour,,
7d29749be1bcfdea8508f8dc227026aea8b1afedf74baa13632d9b1226b34ba7,2017-03,Sussex Police,Sussex Police,-0.079685,51.014798,On or near High Street,E01031772,Mid Sussex 008C,Robbery,Unable to prosecute suspect,
f2d3e2df051f5ce05419e5b53733a15bfe1a5e0edb4b7c7977a8cd2a58d1c7a9,2017-03,Sussex Police,Sussex Police,-0.059059,51.006867,On or near Sports/Recreation Area,E01031772,Mid Sussex 008C,Violence and sexual offences,Status update unavailable,
629cebcd4b0841bc85d657a50f79542ffdc56d0c554db84d81d5e275f50af015,2017-03,Sussex Police,Sussex Police,-0.068127,51.003726,On or near B2111,E01031772,Mid Sussex 008C,Violence and sexual offences,Unable to prosecute suspect,
8f2ca9ca3af4b3f74073f989573ccb24adec219d45ae26208604567f743fcf89,2017-03,Sussex Police,Sussex Police,-0.076799,51.011837,On or near Newton Road,E01031772,Mid Sussex 008C,Other crime,Investigation complete; no suspect identified,
,2017-03,Sussex Police,Sussex Police,-0.085141,51.011093,On or near Black Hill,E01031773,Mid Sussex 008D,Anti-social behaviour,,
,2017-03,Sussex Police,Sussex Police,-0.089781,51.014046,On or near Brookway,E01031773,Mid Sussex 008D,Anti-social behaviour,,
dece94bd44052ad89992afd2bcf6bdc5a130371ff124bdbe291472c9ca246284,2017-03,Sussex Police,Sussex Police,-0.083405,51.010686,On or near Little Black Hill,E01031773,Mid Sussex 008D,Burglary,Investigation complete; no suspect identified,
2b6d88fb2745571882335277fff69dc43ba8a74df18c9a241c441029fb38bd94,2017-03,Sussex Police,Sussex Police,-0.094720,51.011465,On or near Summerhill Lane,E01031773,Mid Sussex 008D,Criminal damage and arson,Unable to prosecute suspect,
be2adb2dd96c6564dbf0c29b1efec2d44ce6e42d51f21115e717e9e763a0313e,2017-03,Sussex Police,Sussex Police,-0.091388,51.013110,On or near Sunte Avenue,E01031773,Mid Sussex 008D,Other theft,Court result unavailable,
0a28b77bf1a0ec00bf9b1628531edd08a9f70fb436bb7904b1ceab984696dd10,2017-03,Sussex Police,Sussex Police,-0.080023,51.010415,On or near Old School Court,E01031773,Mid Sussex 008D,Public order,Unable to prosecute suspect,
ebf672801139faa85d551390b29a70416f6f353d659b8824478672fcb893b71c,2017-03,Sussex Police,Sussex Police,-0.080023,51.010415,On or near Old School Court,E01031773,Mid Sussex 008D,Violence and sexual offences,Offender given a caution,
,2017-03,Sussex Police,Sussex Police,-0.077113,50.998397,On or near Lyoth Lane,E01031774,Mid Sussex 008E,Anti-social behaviour,,
38885f76121838d64b9691c5a7b0d722f210fcf62ea1dea519d82d3fca167c8b,2017-03,Sussex Police,Sussex Police,-0.079965,51.001816,On or near Gravelye Close,E01031774,Mid Sussex 008E,Violence and sexual offences,Status update unavailable,
8a17cfe135dfd44ee351cab82139fc75179c5290479a814470deaf2cd423a2b5,2017-03,Sussex Police,Sussex Police,-0.079965,51.001816,On or near Gravelye Close,E01031774,Mid Sussex 008E,Violence and sexual offences,Status update unavailable,
a3b3e824da0e8aea2d0375bb2cfbc1bd42fe825b8aa7e17adcc7e5309916b42a,2017-03,Sussex Police,Sussex Police,-0.080824,51.005851,On or near Croxton Lane,E01031774,Mid Sussex 008E,Violence and sexual offences,Unable to prosecute suspect,
,2017-03,Sussex Police,Sussex Police,-0.104894,50.993410,On or near Courtlands,E01031751,Mid Sussex 009A,Anti-social behaviour,,
,2017-03,Sussex Police,Sussex Police,-0.100380,50.994371,On or near Sussex Road,E01031751,Mid Sussex 009A,Anti-social behaviour,,
,2017-03,Sussex Police,Sussex Police,-0.096030,50.993401,On or near Petrol Station,E01031751,Mid Sussex 009A,Anti-social behaviour,,
,2017-03,Sussex Police,Sussex Police,-0.105202,50.997030,On or near Sports/Recreation Area,E01031751,Mid Sussex 009A,Anti-social behaviour,,
,2017-03,Sussex Police,Sussex Police,-0.104894,50.993410,On or near Courtlands,E01031751,Mid Sussex 009A,Anti-social behaviour,,
,2017-03,Sussex Police,Sussex Police,-0.105202,50.997030,On or near Sports/Recreation Area,E01031751,Mid Sussex 009A,Anti-social behaviour,,
,2017-03,Sussex Police,Sussex Police,-0.100380,50.994371,On or near Sussex Road,E01031751,Mid Sussex 009A,Anti-social behaviour,,
55042f478312d18295f3fd1effb3761d172d1b30dfa7833399a7032dd2be9402,2017-03,Sussex Police,Sussex Police,-0.100380,50.994371,On or near Sussex Road,E01031751,Mid Sussex 009A,Burglary,Investigation complete; no suspect identified,
896087e1aaedd9cf192d88172287272235c2053bccabf2c03d69ade36f62ee03,2017-03,Sussex Police,Sussex Police,-0.093472,50.992190,On or near West Mallion,E01031751,Mid Sussex 009A,Burglary,Investigation complete; no suspect identified,
10dc43c40a1b6674baf70a896893526a942c1505f5481e33ee53fdabe89b8cd7,2017-03,Sussex Police,Sussex Police,-0.093472,50.992190,On or near West Mallion,E01031751,Mid Sussex 009A,Burglary,Investigation complete; no suspect identified,
afbb878d45fb843d4422d476d0935571aa27bde202f861fd9b5304af1d423409,2017-03,Sussex Police,Sussex Police,-0.098967,50.992334,On or near St Edmund'S Road,E01031751,Mid Sussex 009A,Criminal damage and arson,Investigation complete; no suspect identified,
d6c0696f58f32e209b5055647a45f32a6b9e11016974159da772a6ca8d857d80,2017-03,Sussex Police,Sussex Police,-0.103883,50.997576,On or near Further/Higher Educational Building,E01031751,Mid Sussex 009A,Criminal damage and arson,Local resolution,
0a3563962e1ed3c26ebc2b0c404e98a1c5e7185fda503ff15ec307d0b3e89d80,2017-03,Sussex Police,Sussex Police,-0.096030,50.993401,On or near Petrol Station,E01031751,Mid Sussex 009A,Criminal damage and arson,Investigation complete; no suspect identified,
59b415829109f5f18214ff7c521d3e109a4241bb0d4791094130d028410334aa,2017-03,Sussex Police,Sussex Police,-0.100677,50.995806,On or near A272,E01031751,Mid Sussex 009A,Criminal damage and arson,Unable to prosecute suspect,
042c65b8c6f583f0c6d51d499168f0159682df21442fc49a5f51281d22e2b510,2017-03,Sussex Police,Sussex Police,-0.095171,50.992110,On or near Highland Road,E01031751,Mid Sussex 009A,Other theft,Unable to prosecute suspect,
0ea1e7c8f21ceb0da49563ab9915e857e1e0ddd7ab4cdb0a16e8b5e7eb35b654,2017-03,Sussex Police,Sussex Police,-0.103697,50.994803,On or near Haywards Road,E01031751,Mid Sussex 009A,Other theft,Status update unavailable,
1466b5cf9ef995c8539b3e110ac57e853fa370452e2df4e91fc76f85c3915427,2017-03,Sussex Police,Sussex Police,-0.099246,50.990719,On or near St John'S Road,E01031751,Mid Sussex 009A,Shoplifting,Offender fined,
054a069b635e86f5d97ded614517ec7d8aa361bc128aec1e6290cf53d19529f8,2017-03,Sussex Police,Sussex Police,-0.099246,50.990719,On or near St John'S Road,E01031751,Mid Sussex 009A,Shoplifting,Further investigation is not in the public interest,
9918f192be233e4045e1dcd386dab805577f69f461fa785acea296716a4934dd,2017-03,Sussex Police,Sussex Police,-0.100380,50.994371,On or near Sussex Road,E01031751,Mid Sussex 009A,Theft from the person,Investigation complete; no suspect identified,
d8195eff459483e3f1f8b908abdddb63027136a844a8559c41f87026d8e45350,2017-03,Sussex Police,Sussex Police,-0.097060,50.990531,On or near Colwell Road,E01031751,Mid Sussex 009A,Violence and sexual offences,Awaiting court outcome,
00d1218a6fbf801937fe9f6e5e30b20d444ac710f8ca43ff2b40ad0fde97d174,2017-03,Sussex Police,Sussex Police,-0.103697,50.994803,On or near Haywards Road,E01031751,Mid Sussex 009A,Violence and sexual offences,Investigation complete; no suspect identified,
e0fd673e60731237d6790ae94359ed29e36fc85984561700d7ce1019fe304cf2,2017-03,Sussex Police,Sussex Police,-0.097060,50.990531,On or near Colwell Road,E01031751,Mid Sussex 009A,Violence and sexual offences,Offender given suspended prison sentence,
22ab25fd9d83494726e03182fdd5a5ceebaafbf8d11777407f40a47c3aabba75,2017-03,Sussex Police,Sussex Police,-0.100677,50.995806,On or near A272,E01031751,Mid Sussex 009A,Violence and sexual offences,Court case unable to proceed,
,2017-03,Sussex Police,Sussex Police,-0.107157,51.014842,On or near Fairfield Way,E01031759,Mid Sussex 009B,Anti-social behaviour,,
76de59a06516c6c274b0056cfeff6a9ef396e6ac87d81641a1f31d53c4ee4737,2017-03,Sussex Police,Sussex Police,-0.107469,51.004703,On or near Milton Road,E01031759,Mid Sussex 009B,Burglary,Investigation complete; no suspect identified,
2c5cff607b1daf4aa5456f9ac7d601c841b619e6d51a889acc5df8e634b9f5ba,2017-03,Sussex Police,Sussex Police,-0.108249,51.008654,On or near Turners Mill Road,E01031759,Mid Sussex 009B,Criminal damage and arson,Investigation complete; no suspect identified,
92fe0b2df85a0db4befa2c2be431a37f38d48a91df3ebea63dcb0a00b413188a,2017-03,Sussex Police,Sussex Police,-0.102955,51.007057,On or near Gordon Close,E01031759,Mid Sussex 009B,Public order,Further investigation is not in the public interest,
f2d5f7ca7838ea46863e171e673603e24798e1ffe7c722f882b742753bf11f01,2017-03,Sussex Police,Sussex Police,-0.106608,51.005903,On or near Bannister Way,E01031759,Mid Sussex 009B,Shoplifting,Local resolution,
440002b9661d3628aba92d628d83c7fa9f1429ced21b4ca178e20963b6e9fbb2,2017-03,Sussex Police,Sussex Police,-0.106608,51.005903,On or near Bannister Way,E01031759,Mid Sussex 009B,Shoplifting,Investigation complete; no suspect identified,
3304cb08118750f2cd686fe313b1b26b8b01725730e9a8c7e2edc22433c1fbdb,2017-03,Sussex Police,Sussex Police,-0.106608,51.005903,On or near Bannister Way,E01031759,Mid Sussex 009B,Shoplifting,Offender given penalty notice,
3a386d98f37e624073fd839d1421aac89ed406d162d09be6835c014c2de45288,2017-03,Sussex Police,Sussex Police,-0.108153,51.012772,On or near The Cedars,E01031759,Mid Sussex 009B,Violence and sexual offences,Status update unavailable,
c3f5444bbf6a3dff32ca4d6569442e3e46bdae1f046878f1408191e80dd00492,2017-03,Sussex Police,Sussex Police,-0.109268,51.010946,On or near Penland Road,E01031759,Mid Sussex 009B,Violence and sexual offences,Investigation complete; no suspect identified,
41b3cd4e719e624cc0ac73b7b750151b23ea9d6c9a129a2a2695acaffbfec8a4,2017-03,Sussex Police,Sussex Police,-0.109268,51.010946,On or near Penland Road,E01031759,Mid Sussex 009B,Violence and sexual offences,Unable to prosecute suspect,
ff0f911827e698e6738fb9f09ec1989534b283c2b316b60f380ae918a961ae4d,2017-03,Sussex Police,Sussex Police,-0.107469,51.004703,On or near Milton Road,E01031759,Mid Sussex 009B,Violence and sexual offences,Unable to prosecute suspect,
6cb449e2f07d1e218e92d7b00f84c0727576c79387c8ea726a8fc2555da1101e,2017-03,Sussex Police,Sussex Police,-0.105156,51.012867,On or near Old Wickham Lane,E01031759,Mid Sussex 009B,Violence and sexual offences,Unable to prosecute suspect,
,2017-03,Sussex Police,Sussex Police,-0.100812,51.005773,On or near Park View,E01031761,Mid Sussex 009C,Anti-social behaviour,,
,2017-03,Sussex Police,Sussex Police,-0.104585,51.005168,On or near Parking Area,E01031761,Mid Sussex 009C,Anti-social behaviour,,
,2017-03,Sussex Police,Sussex Police,-0.106510,50.999561,On or near The Broadway,E01031761,Mid Sussex 009C,Anti-social behaviour,,
,2017-03,Sussex Police,Sussex Police,-0.105945,51.000487,On or near The Broadway,E01031761,Mid Sussex 009C,Anti-social behaviour,,
,2017-03,Sussex Police,Sussex Police,-0.107597,51.002276,On or near Boltro Road,E01031761,Mid Sussex 009C,Anti-social behaviour,,
,2017-03,Sussex Police,Sussex Police,-0.101277,50.997533,On or near Parking Area,E01031761,Mid Sussex 009C,Anti-social behaviour,,
9a95a71115eab972fb6a979a78193c2b8dfbd622cfe928f23378432a68d74a6c,2017-03,Sussex Police,Sussex Police,-0.103788,51.003402,On or near Perrymount Road,E01031761,Mid Sussex 009C,Burglary,Investigation complete; no suspect identified,
85ac2183f32f29a311ca4cf4f52154a11a719e2e1e518a7361fed362f40b81b0,2017-03,Sussex Police,Sussex Police,-0.103958,50.997829,On or near South Road,E01031761,Mid Sussex 009C,Burglary,Investigation complete; no suspect identified,
418657d3b6ff4d1139eba4349dbb14551ab5587700784dcd1aa6934736360773,2017-03,Sussex Police,Sussex Police,-0.105945,51.000487,On or near The Broadway,E01031761,Mid Sussex 009C,Criminal damage and arson,Unable to prosecute suspect,
f4bf8626ea44d71edfe5b0c1810b14809eba5196d330e384a2263908703fbb32,2017-03,Sussex Police,Sussex Police,-0.105945,51.000487,On or near The Broadway,E01031761,Mid Sussex 009C,Criminal damage and arson,Local resolution,
b8db27aa4c45eddc7154be5e486aa3b4a12f59e14b223a9dfd979683261339b0,2017-03,Sussex Police,Sussex Police,-0.100808,50.996096,On or near Shopping Area,E01031761,Mid Sussex 009C,Criminal damage and arson,Investigation complete; no suspect identified,
bad104d66a71250c4cd0bed6ec8326fdc8d84f604c6126beaf9362b63d97ad0c,2017-03,Sussex Police,Sussex Police,-0.106510,50.999561,On or near The Broadway,E01031761,Mid Sussex 009C,Public order,Unable to prosecute suspect,
c2521355527bfdfc9bbc872dbe8c1f6c609a8e1584d5f7abacd37cf4c0178095,2017-03,Sussex Police,Sussex Police,-0.104585,51.005168,On or near Parking Area,E01031761,Mid Sussex 009C,Public order,Status update unavailable,
da07e4bf5c0c8b95c78c1bc73bce8e6eee3fde6315f6fc68d8907463380d3d51,2017-03,Sussex Police,Sussex Police,-0.101781,50.998099,On or near St Josephs Way,E01031761,Mid Sussex 009C,Public order,Unable to prosecute suspect,
a7945e9319af6da59f6454e1db81d5637d2b416e9a4d07408bdcad6ab29d4a12,2017-03,Sussex Police,Sussex Police,-0.100812,51.005773,On or near Park View,E01031761,Mid Sussex 009C,Public order,Unable to prosecute suspect,
da36260723025b9d18b2a079c16dd811a84dfe070d1a1bacebb0db038441fcbf,2017-03,Sussex Police,Sussex Police,-0.105945,51.000487,On or near The Broadway,E01031761,Mid Sussex 009C,Public order,Unable to prosecute suspect,
57b3de1cc56601f37aa3e403ab43e3621b864bc1fcff65665a9cf96a702688e4,2017-03,Sussex Police,Sussex Police,-0.101277,50.997533,On or near Parking Area,E01031761,Mid Sussex 009C,Shoplifting,Investigation complete; no suspect identified,
96e288d1bffdef2e110511cedb3a5a209d497c6787b5d935b0eacf1e664dea99,2017-03,Sussex Police,Sussex Police,-0.101277,50.997533,On or near Parking Area,E01031761,Mid Sussex 009C,Shoplifting,Investigation complete; no suspect identified,
02ebf2a01da8c60435e78a7c61f58dee1b19da62ad09ac384849c9950a774d2d,2017-03,Sussex Police,Sussex Police,-0.102553,50.997680,On or near Haywards Heath Orchards Shopping Centre,E01031761,Mid Sussex 009C,Shoplifting,Investigation complete; no suspect identified,
efd067e569ad122bfa1d8f750bb6d59968989255a8c24bd98b3c083284dc982d,2017-03,Sussex Police,Sussex Police,-0.102553,50.997680,On or near Haywards Heath Orchards Shopping Centre,E01031761,Mid Sussex 009C,Theft from the person,Investigation complete; no suspect identified,
2e1c754c4e7fd57a7d02f3fd4050e83ef999eb0508197f02aba0f1e194ba1dd2,2017-03,Sussex Police,Sussex Police,-0.104773,51.000927,On or near Ashurst Place,E01031761,Mid Sussex 009C,Vehicle crime,Investigation complete; no suspect identified,
b0552a2b06a7b44a5391dfb0df57eb830ef96f43aebcb6c45a10a72f493b34c2,2017-03,Sussex Police,Sussex Police,-0.102762,50.998502,On or near Parking Area,E01031761,Mid Sussex 009C,Violence and sexual offences,Unable to prosecute suspect,
b14c6cb4e57f4d15adb8522cdf63d7a918520e5031716cd8d6fc0f562930cc27,2017-03,Sussex Police,Sussex Police,-0.102519,51.004820,On or near Theatre/Concert Hall,E01031761,Mid Sussex 009C,Violence and sexual offences,Unable to prosecute suspect,
7fa97973cd025d53b30f8244f7c468c7af5b48ae20c017f568f660c2d4eb3b4e,2017-03,Sussex Police,Sussex Police,-0.105945,51.000487,On or near The Broadway,E01031761,Mid Sussex 009C,Other crime,Investigation complete; no suspect identified,
,2017-03,Sussex Police,Sussex Police,-0.117233,50.991334,On or near Middle Village,E01032837,Mid Sussex 009E,Anti-social behaviour,,
,2017-03,Sussex Police,Sussex Police,-0.117233,50.991334,On or near Middle Village,E01032837,Mid Sussex 009E,Anti-social behaviour,,
,2017-03,Sussex Police,Sussex Police,-0.113188,50.998302,On or near Beech Hurst Close,E01032837,Mid Sussex 009E,Anti-social behaviour,,
,2017-03,Sussex Police,Sussex Police,-0.117540,50.990080,On or near Cattswood Lane,E01032837,Mid Sussex 009E,Anti-social behaviour,,
,2017-03,Sussex Police,Sussex Police,-0.117540,50.990080,On or near Cattswood Lane,E01032837,Mid Sussex 009E,Anti-social behaviour,,
,2017-03,Sussex Police,Sussex Police,-0.117233,50.991334,On or near Middle Village,E01032837,Mid Sussex 009E,Anti-social behaviour,,
6e4e45e664ae6f5090a0f7707d4318fc734f9b317b45fde5f887eded5d90a9a3,2017-03,Sussex Police,Sussex Police,-0.117520,50.989513,On or near Woodbanke Lane,E01032837,Mid Sussex 009E,Burglary,Investigation complete; no suspect identified,
26b3269cc59e53a8835c5d99274fdd0983a10fee6bd7b5f6477fdad0fc9652a5,2017-03,Sussex Police,Sussex Police,-0.117892,50.990545,On or near Tanners Cross,E01032837,Mid Sussex 009E,Criminal damage and arson,Investigation complete; no suspect identified,
1af9e21815841334c2e2dae989c45e6914cd5ed760cbc1137124619051fe721f,2017-03,Sussex Police,Sussex Police,-0.113410,50.999160,On or near Sussex Police Call Centre Haywards Heath,E01032837,Mid Sussex 009E,Other theft,Unable to prosecute suspect,
fdce307dea5ecb877705f907dc47eb8f29412644aaadf7d2f1b8e8b7e09dacf7,2017-03,Sussex Police,Sussex Police,-0.113410,50.999160,On or near Sussex Police Call Centre Haywards Heath,E01032837,Mid Sussex 009E,Other theft,Investigation complete; no suspect identified,
fd93e4e64e442494afbe4b5b04cc53321a20c4b7b1cd029df7758a0562169b5c,2017-03,Sussex Police,Sussex Police,-0.117499,50.992868,On or near The Paddocks,E01032837,Mid Sussex 009E,Violence and sexual offences,Status update unavailable,
3ec1113c18271a6c08a64ba1c809f9a9752e20a7841a5343eedf58d12983b41e,2017-03,Sussex Police,Sussex Police,-0.113410,50.999160,On or near Sussex Police Call Centre Haywards Heath,E01032837,Mid Sussex 009E,Other crime,Investigation complete; no suspect identified,
,2017-03,Sussex Police,Sussex Police,-0.114035,50.988675,On or near Pierces Lane,E01032838,Mid Sussex 009F,Anti-social behaviour,,
,2017-03,Sussex Police,Sussex Police,-0.116473,50.990405,On or near Supermarket,E01032838,Mid Sussex 009F,Anti-social behaviour,,
,2017-03,Sussex Police,Sussex Police,-0.114035,50.988675,On or near Pierces Lane,E01032838,Mid Sussex 009F,Anti-social behaviour,,
ed3ae22f2a7cea43b89234e64627efb8b084515c75e4711f7a8bab4bcc991ae3,2017-03,Sussex Police,Sussex Police,-0.115482,50.985667,On or near Highbank,E01032838,Mid Sussex 009F,Public order,Offender fined,
4b33a47c9a0983c9927670daca55966e61b033fde6a389632eec4bfdd4eda312,2017-03,Sussex Police,Sussex Police,-0.116473,50.990405,On or near Supermarket,E01032838,Mid Sussex 009F,Violence and sexual offences,Further investigation is not in the public interest,
ab30099d8aab232a29a7e0cff5618dff4a3b29f44ea91e455336ac8c320940a3,2017-03,Sussex Police,Sussex Police,-0.116078,50.989949,On or near Updown Hill,E01032838,Mid Sussex 009F,Violence and sexual offences,Unable to prosecute suspect,
4468394257ce461b2486808fd970c516c29f0bb7a25780a37f1dd9e8fef93909,2017-03,Sussex Police,Sussex Police,-0.115383,50.986709,On or near Brooklands,E01032838,Mid Sussex 009F,Violence and sexual offences,Unable to prosecute suspect,
,2017-03,Sussex Police,Sussex Police,-0.112700,51.000497,On or near The Bower,E01032839,Mid Sussex 009G,Anti-social behaviour,,
c41ae5886c25e1a245eba173da98546a11827ed6b83ab2a75861a1fd847b4ef6,2017-03,Sussex Police,Sussex Police,-0.112700,51.000497,On or near The Bower,E01032839,Mid Sussex 009G,Other theft,Unable to prosecute suspect,
,2017-03,Sussex Police,Sussex Police,-0.089786,51.002481,On or near Bentswood Crescent,E01031752,Mid Sussex 010A,Anti-social behaviour,,
,2017-03,Sussex Police,Sussex Police,-0.084223,51.003982,On or near Wilmington Way,E01031752,Mid Sussex 010A,Anti-social behaviour,,
,2017-03,Sussex Police,Sussex Police,-0.084223,51.003982,On or near Wilmington Way,E01031752,Mid Sussex 010A,Anti-social behaviour,,
,2017-03,Sussex Police,Sussex Police,-0.085082,51.002845,On or near Hanbury Lane,E01031752,Mid Sussex 010A,Anti-social behaviour,,
61a034ecba1ae15231a9de63e54e7f4b4ef262f4bc5da896cb40764c1ae31b24,2017-03,Sussex Police,Sussex Police,-0.092691,51.002906,On or near Little Bentswood,E01031752,Mid Sussex 010A,Criminal damage and arson,Unable to prosecute suspect,
d70ddcee1b77d010075b6dc71e0be73ff8eeaa297f8a2560c966cd0f667b8016,2017-03,Sussex Police,Sussex Police,-0.092691,51.002906,On or near Little Bentswood,E01031752,Mid Sussex 010A,Other theft,Unable to prosecute suspect,
c0e45ca7c6461ba2ae2cbad621acdd04cc3d25577daf6876443259585e2b20ce,2017-03,Sussex Police,Sussex Police,-0.089502,51.000714,On or near Boston Road,E01031752,Mid Sussex 010A,Public order,Investigation complete; no suspect identified,
285b5b2a9fac11210d44d10a8c039cdd3a823de6594d4cac97f92eaad0e02da0,2017-03,Sussex Police,Sussex Police,-0.090001,51.003150,On or near Washington Road,E01031752,Mid Sussex 010A,Public order,Further investigation is not in the public interest,
971c9426072c69fb5777cf91531a4da19cf85c97e9caf806df337bf65bdd8d6b,2017-03,Sussex Police,Sussex Police,-0.084223,51.003982,On or near Wilmington Way,E01031752,Mid Sussex 010A,Violence and sexual offences,Unable to prosecute suspect,
5b8a8f499e73b4782f1f4f5abefaf0cc830b51cc589fd5dd5571b1009531f427,2017-03,Sussex Police,Sussex Police,-0.092691,51.002906,On or near Little Bentswood,E01031752,Mid Sussex 010A,Violence and sexual offences,Unable to prosecute suspect,
7dbff2818254bdc8281741a4cde20ca91b9551f3121447429f7adfa98ac1782c,2017-03,Sussex Police,Sussex Police,-0.097331,51.004106,On or near Cilicia Mews,E01031753,Mid Sussex 010B,Other theft,Investigation complete; no suspect identified,
9953add2c2fcdc9cfca8b46b0bb4ace1d0151c263d4a0aba4180871abefeccea,2017-03,Sussex Police,Sussex Police,-0.094386,51.006055,On or near Greenways,E01031753,Mid Sussex 010B,Possession of weapons,Further investigation is not in the public interest,
5eb566f82da331d27a4b29be45e5ca5354664e986b2ea61248ed271e9ba66ee6,2017-03,Sussex Police,Sussex Police,-0.099113,51.003056,On or near Oathall Road,E01031753,Mid Sussex 010B,Public order,Investigation complete; no suspect identified,
2b5e1531dc3353470fb620bdb5210738d2b040d8269f0846d2016d51c02b144e,2017-03,Sussex Police,Sussex Police,-0.096225,50.999780,On or near New England Road,E01031753,Mid Sussex 010B,Vehicle crime,Investigation complete; no suspect identified,
f142e2517dd2c0a51146ef084cc0e53f7d3d317aa8234505da516027d7c89c33,2017-03,Sussex Police,Sussex Police,-0.094386,51.006055,On or near Greenways,E01031753,Mid Sussex 010B,Violence and sexual offences,Unable to prosecute suspect,
,2017-03,Sussex Police,Sussex Police,-0.090794,50.999449,On or near Jubilee Close,E01031754,Mid Sussex 010C,Anti-social behaviour,,
,2017-03,Sussex Police,Sussex Police,-0.093455,50.996785,On or near Western Road,E01031754,Mid Sussex 010C,Anti-social behaviour,,
,2017-03,Sussex Police,Sussex Police,-0.091609,51.000442,On or near Langridge Lane,E01031754,Mid Sussex 010C,Anti-social behaviour,,
5701ce1164f8f9fbe1919cc8bf4f403e9216e67ad7d7cadc559b5465c943830b,2017-03,Sussex Police,Sussex Police,-0.099542,50.996732,On or near Iona Way,E01031754,Mid Sussex 010C,Criminal damage and arson,Investigation complete; no suspect identified,
d5bbe35c8518ce6625d971d177bd0b14199d9cb73d544412054da13d36c66fbb,2017-03,Sussex Police,Sussex Police,-0.093575,50.999413,On or near Windermere Road,E01031754,Mid Sussex 010C,Public order,Court result unavailable,
6314aa890800dfd8f375807e14a55353f615793da0694360c102aa448fd6eaef,2017-03,Sussex Police,Sussex Police,-0.091609,51.000442,On or near Langridge Lane,E01031754,Mid Sussex 010C,Public order,Investigation complete; no suspect identified,
e1bfc374f594c71488eaade4d5969a30f78fc19bdbb209e406927a6dd97309d9,2017-03,Sussex Police,Sussex Police,-0.099542,50.996732,On or near Iona Way,E01031754,Mid Sussex 010C,Vehicle crime,Investigation complete; no suspect identified,
ca25666100c0f42dac9e79cd2fb8305edb045dcafd5d9fbf92f5c1ca238b3085,2017-03,Sussex Police,Sussex Police,-0.093575,50.999413,On or near Windermere Road,E01031754,Mid Sussex 010C,Violence and sexual offences,Offender given community sentence,
a33b0d0139f295579ea0ee361779989703c11d380d1801a2716f92ee4e136604,2017-03,Sussex Police,Sussex Police,-0.097378,50.998072,On or near Fields End Close,E01031754,Mid Sussex 010C,Violence and sexual offences,Unable to prosecute suspect,
,2017-03,Sussex Police,Sussex Police,-0.095407,50.993319,On or near Franklynn Road,E01031755,Mid Sussex 010D,Anti-social behaviour,,
e7f32838b54e50d3159431e9af8fed53e05efbefa01166be61ea8dce1ca3929e,2017-03,Sussex Police,Sussex Police,-0.085304,50.996769,On or near Gravelye Lane,E01031757,Mid Sussex 010E,Burglary,Unable to prosecute suspect,
8be2704d6eada9ae33993281a65547761d4ad63bbda9fe2ee7f866429e8f4751,2017-03,Sussex Police,Sussex Police,-0.082278,50.998266,On or near Ashdown Close,E01031757,Mid Sussex 010E,Burglary,Investigation complete; no suspect identified,
59c49f8ce2e9d09fda95eacd2423688112c6ec5abd27aa79b21caae496e2beec,2017-03,Sussex Police,Sussex Police,-0.084015,50.995884,On or near Hoblands,E01031757,Mid Sussex 010E,Burglary,Investigation complete; no suspect identified,
68f7b9f9a076605cd5af4477218c44229db9fcef2810796b23c05ed3e77d25b0,2017-03,Sussex Police,Sussex Police,-0.082278,50.998266,On or near Ashdown Close,E01031757,Mid Sussex 010E,Burglary,Court case unable to proceed,
00a9b7154d58574f3dc7e54d00bc2afa1b17c04997907827c1daab2a67b58642,2017-03,Sussex Police,Sussex Police,-0.085304,50.996769,On or near Gravelye Lane,E01031757,Mid Sussex 010E,Burglary,Investigation complete; no suspect identified,
b78b36289c4b05a648a70a0797bd2cd7857de24627eaf8186532a22a602a3c9f,2017-03,Sussex Police,Sussex Police,-0.085304,50.996769,On or near Gravelye Lane,E01031757,Mid Sussex 010E,Vehicle crime,Investigation complete; no suspect identified,
82026f7644d545227abbeb2e344ce93a2c9d64f7691db4816992bb0247d3ec0c,2017-03,Sussex Police,Sussex Police,-0.088778,50.996493,On or near Reed Pond Walk,E01031757,Mid Sussex 010E,Violence and sexual offences,Court result unavailable,
eb4150386d1cbd18c71088274efd95d59e0fad20e9211e34a16b9ca526cd19a1,2017-03,Sussex Police,Sussex Police,-0.088778,50.996493,On or near Reed Pond Walk,E01031757,Mid Sussex 010E,Violence and sexual offences,Unable to prosecute suspect,
ea80b88ee1873af04f7928a06762f0e922f120eeaad182a62541797f1fc01d72,2017-03,Sussex Police,Sussex Police,-0.088778,50.996493,On or near Reed Pond Walk,E01031757,Mid Sussex 010E,Violence and sexual offences,Unable to prosecute suspect,
d5a9020408d120c0b7f2c153dbdfb2633ce5c2cf0839642130988a605f021e2e,2017-03,Sussex Police,Sussex Police,-0.085304,50.996769,On or near Gravelye Lane,E01031757,Mid Sussex 010E,Violence and sexual offences,Investigation complete; no suspect identified,
f95256267284aa356d0e32199298001ab22cdab6927ccac29d961b92ba0441c5,2017-03,Sussex Police,Sussex Police,-0.088778,50.996493,On or near Reed Pond Walk,E01031757,Mid Sussex 010E,Violence and sexual offences,Unable to prosecute suspect,
,2017-03,Sussex Police,Sussex Police,-0.138030,51.014313,On or near Bylanes Crescent,E01031726,Mid Sussex 011A,Anti-social behaviour,,
cb812ca3297a9dcc93f7bef50cb56a9bfb0a5ad07568d0e427679988677b88e6,2017-03,Sussex Police,Sussex Police,-0.134140,51.005725,On or near Warden Court,E01031726,Mid Sussex 011A,Criminal damage and arson,Further investigation is not in the public interest,
2a848a0b2119eb77a991e6d42a3fd305fc6b5b8fbdac19cbd6fcd6af53436071,2017-03,Sussex Police,Sussex Police,-0.139058,51.013565,On or near Bylanes Close,E01031726,Mid Sussex 011A,Criminal damage and arson,Investigation complete; no suspect identified,
37df3f116155747f6cda05919ecbb451b245eb8a4549c6fead4ccf110c1d95cf,2017-03,Sussex Police,Sussex Police,-0.137335,51.015273,On or near Goreside Lane,E01031726,Mid Sussex 011A,Other theft,Unable to prosecute suspect,
1d1e42915d5aa47ff6a10eaeb3af061d0c18d2b8b58ef771bec1705bc2546b6e,2017-03,Sussex Police,Sussex Police,-0.131219,51.015643,On or near Hanlye Lane,E01031726,Mid Sussex 011A,Vehicle crime,Unable to prosecute suspect,
eed9c188e4b9ab0f64d3bdb2ea8d1243e70f175b72b744622b15e84302a05230,2017-03,Sussex Police,Sussex Police,-0.131219,51.015643,On or near Hanlye Lane,E01031726,Mid Sussex 011A,Violence and sexual offences,Further investigation is not in the public interest,
48093b5e6bcdb2915560c9c8b24de53af1021f4e49d5ab29fe788fea609c171e,2017-03,Sussex Police,Sussex Police,-0.132934,51.007370,On or near The Brambles,E01031726,Mid Sussex 011A,Violence and sexual offences,Unable to prosecute suspect,
ade91cab68aa4eb3953a9e45aa21ffed22bf40da3e3d6b20d50eea1a98701336,2017-03,Sussex Police,Sussex Police,-0.137335,51.015273,On or near Goreside Lane,E01031726,Mid Sussex 011A,Violence and sexual offences,Status update unavailable,
eec36bc5e3d830b69c1f79a54ec36254ad28ab77e8684e6f3a317173bd026cf2,2017-03,Sussex Police,Sussex Police,-0.137335,51.015273,On or near Goreside Lane,E01031726,Mid Sussex 011A,Violence and sexual offences,Unable to prosecute suspect,
,2017-03,Sussex Police,Sussex Police,-0.116342,50.974260,On or near Valebridge Road,E01031728,Mid Sussex 011B,Anti-social behaviour,,
,2017-03,Sussex Police,Sussex Police,-0.116543,50.971754,On or near Homestead Lane,E01031728,Mid Sussex 011B,Anti-social behaviour,,
7f756856336e5dfc9d6d790352134546d5baa25f1efbd437dfe79edac77224aa,2017-03,Sussex Police,Sussex Police,-0.152678,50.966423,On or near Jane Murray Way,E01031728,Mid Sussex 011B,Bicycle theft,Investigation complete; no suspect identified,
1043ff0c45ecfb30ff00941013addf0a0416b0c9e7307dbba12990da1b8c61f4,2017-03,Sussex Police,Sussex Police,-0.122682,50.998248,On or near Isaac'S Lane,E01031728,Mid Sussex 011B,Drugs,Offender given a caution,
72e0b15b70ae22eb5758c25c8cc69790270bcbfb938dd2cc82304c0700a0ada6,2017-03,Sussex Police,Sussex Police,-0.122682,50.998248,On or near Isaac'S Lane,E01031728,Mid Sussex 011B,Drugs,Offender given a drugs possession warning,
9bd48b71e5961ed697a490448537e6c7236150a41f76726b3e307a0b97fd119c,2017-03,Sussex Police,Sussex Police,-0.122682,50.998248,On or near Isaac'S Lane,E01031728,Mid Sussex 011B,Drugs,Offender fined,
a4f55ad2da7da02bcf9d9246aed51665bd4c93e8c342b6df939d9edba748005b,2017-03,Sussex Police,Sussex Police,-0.161055,50.994101,On or near Petrol Station,E01031728,Mid Sussex 011B,Other theft,Investigation complete; no suspect identified,
58860087e8a1038e4740a7c8efeb1aa11f49366a970e1662b206f86d63d8e981,2017-03,Sussex Police,Sussex Police,-0.161055,50.994101,On or near Petrol Station,E01031728,Mid Sussex 011B,Other theft,Unable to prosecute suspect,
b85c12054112e18e10a494c8895f963d86b3e1ee72d8e443ad14da92725266da,2017-03,Sussex Police,Sussex Police,-0.134355,51.006763,On or near Chatfield Road,E01031728,Mid Sussex 011B,Other theft,Investigation complete; no suspect identified,
12145227912fe96bb71a730dcd9128abddfa52f5e529a20170f100ec99e16544,2017-03,Sussex Police,Sussex Police,-0.143351,51.006357,On or near Ockenden Lane,E01031728,Mid Sussex 011B,Other theft,Investigation complete; no suspect identified,
296986a65b82f283499e82fcd658c09ca90a3ba97662dd87808497fd3cee123a,2017-03,Sussex Police,Sussex Police,-0.166325,51.006469,On or near Deak'S Lane,E01031728,Mid Sussex 011B,Vehicle crime,Investigation complete; no suspect identified,
4533f7c75ff4098aab60c707d961565420e6f6da7b7a397388c45fa7efb6c2b7,2017-03,Sussex Police,Sussex Police,-0.166325,51.006469,On or near Deak'S Lane,E01031728,Mid Sussex 011B,Vehicle crime,Investigation complete; no suspect identified,
b07cb50be5ff1c1f04d4e69a3a363e4ccc505eda3e291bda02db5004855021e1,2017-03,Sussex Police,Sussex Police,-0.161321,50.995661,On or near Sports/Recreation Area,E01031728,Mid Sussex 011B,Vehicle crime,Investigation complete; no suspect identified,
40ba1f68f37c33b6c066430a9ff660a6ae194943b9db6a2fe0229944d7eaccc7,2017-03,Sussex Police,Sussex Police,-0.161321,50.995661,On or near Sports/Recreation Area,E01031728,Mid Sussex 011B,Vehicle crime,Investigation complete; no suspect identified,
2f65dc1a448fc544a6295d59bd5da57373c3b698d09ac8de0baed43010035d2a,2017-03,Sussex Police,Sussex Police,-0.144066,50.967005,On or near Sussex Way,E01031728,Mid Sussex 011B,Violence and sexual offences,Local resolution,
,2017-03,Sussex Police,Sussex Police,-0.108343,50.993736,On or near Sunnywood Drive,E01031749,Mid Sussex 011C,Anti-social behaviour,,
,2017-03,Sussex Police,Sussex Police,-0.106936,50.993641,On or near Wood Ride,E01031749,Mid Sussex 011C,Anti-social behaviour,,
6d17d1d263cf1b707bdf6d3a08369eb7431daa53ed64df67e86ec2c3ef46fe06,2017-03,Sussex Police,Sussex Police,-0.105844,50.994927,On or near Ryecroft,E01031749,Mid Sussex 011C,Burglary,Investigation complete; no suspect identified,
c78060a2592a96395327cdfcd01299b723653f5752ed15af6ed6277acba45a66,2017-03,Sussex Police,Sussex Police,-0.101869,50.991751,On or near Bruce Close,E01031749,Mid Sussex 011C,Vehicle crime,Investigation complete; no suspect identified,
,2017-03,Sussex Police,Sussex Police,-0.108811,50.987142,On or near Kilnbarn Way,E01031750,Mid Sussex 011D,Anti-social behaviour,,
,2017-03,Sussex Police,Sussex Police,-0.105483,50.990128,On or near Vale Road,E01031750,Mid Sussex 011D,Anti-social behaviour,,
,2017-03,Sussex Police,Sussex Police,-0.110497,50.988069,On or near Acre Close,E01031750,Mid Sussex 011D,Anti-social behaviour,,
57c27fd38c5f0c167bb4bf28e3232dc0ae732d0bdf028e13e644f86816ae1024,2017-03,Sussex Police,Sussex Police,-0.110497,50.988069,On or near Acre Close,E01031750,Mid Sussex 011D,Criminal damage and arson,Investigation complete; no suspect identified,
181964c3203938a1b363365753ee70a72279e9f1a6cc34d2798a5da6854ab15a,2017-03,Sussex Police,Sussex Police,-0.107459,50.989890,On or near Southdown Close,E01031750,Mid Sussex 011D,Other theft,Investigation complete; no suspect identified,
133d04851c81361343408455a3d4f2a1d8521c81f06cf7f1a0ede8cacee9d184,2017-03,Sussex Police,Sussex Police,-0.106113,50.987252,On or near Burchetts Close,E01031750,Mid Sussex 011D,Other theft,Investigation complete; no suspect identified,
9ff51fbc88887accde8f89ae393ce39ae6b0284162e1c1a6c1528a2444dd8adb,2017-03,Sussex Police,Sussex Police,-0.105257,50.987633,On or near Bolding Way,E01031750,Mid Sussex 011D,Violence and sexual offences,Status update unavailable,
94c87a9872ed8929b93db79c6884102d7247ffbc7f0af3976b041237b6d3be02,2017-03,Sussex Police,Sussex Police,-0.105257,50.987633,On or near Bolding Way,E01031750,Mid Sussex 011D,Violence and sexual offences,Unable to prosecute suspect,
93e5904f3b90788d630ed9af7704844851f9009f087f2a7bc4f840ef3dba85e6,2017-03,Sussex Police,Sussex Police,-0.105483,50.990128,On or near Vale Road,E01031750,Mid Sussex 011D,Violence and sexual offences,Unable to prosecute suspect,
,2017-03,Sussex Police,Sussex Police,-0.102086,50.985729,On or near Rookery Way,E01031756,Mid Sussex 011E,Anti-social behaviour,,
22a532670b766933d43566086dcc992a4dfcf8e71dd365cee54dd5f87f878043,2017-03,Sussex Police,Sussex Police,-0.090612,50.988960,On or near Old Farm Close,E01031756,Mid Sussex 011E,Criminal damage and arson,Investigation complete; no suspect identified,
1dbde23694128e00e07baaa0717065a188e4cfd8d0d8e0faf735a1ebcafbbb62,2017-03,Sussex Police,Sussex Police,-0.088468,50.992243,On or near Petrol Station,E01031756,Mid Sussex 011E,Other theft,Investigation complete; no suspect identified,
1b56cd3e96e09080bbd37507dcc111e01e3fd21b3ea1dc7575d992d4fe44ce9b,2017-03,Sussex Police,Sussex Police,-0.109052,51.005744,On or near Parking Area,E01031763,Mid Sussex 011F,Burglary,Status update unavailable,
,2017-03,Sussex Police,Sussex Police,-0.150744,50.964539,On or near Chaffinch Close,E01031699,Mid Sussex 012A,Anti-social behaviour,,
4af409ea9e635092bb88ec7d6d900bd128a81a5b435b9e3276ae3ec213fdb72d,2017-03,Sussex Police,Sussex Police,-0.147089,50.964427,On or near Howard Avenue,E01031699,Mid Sussex 012A,Burglary,Investigation complete; no suspect identified,
90042fe4b2db861928f51daf6dd9943267962e4510cb7201ffc9ac3622eee2aa,2017-03,Sussex Police,Sussex Police,-0.141241,50.965369,On or near The Wickets,E01031699,Mid Sussex 012A,Burglary,Investigation complete; no suspect identified,
2c55d1454ed3c0cb73adad85a2a70dcaa91c2829ba0e3c85d9a73dd0dfce82f2,2017-03,Sussex Police,Sussex Police,-0.146027,50.965328,On or near The Brooks,E01031699,Mid Sussex 012A,Criminal damage and arson,Unable to prosecute suspect,
cecb3eb35b3a621587e3e7c6944bb9ce863bee2b6d1848403c0c4780c9ba2f4c,2017-03,Sussex Police,Sussex Police,-0.150187,50.966023,On or near Clifton Road,E01031699,Mid Sussex 012A,Criminal damage and arson,Investigation complete; no suspect identified,
a639c7b695d63ee5ec46f1ea830efc12e74bb32a778eccf4098e037de22932e7,2017-03,Sussex Police,Sussex Police,-0.152435,50.964989,On or near Sports/Recreation Area,E01031699,Mid Sussex 012A,Other theft,Investigation complete; no suspect identified,
b62b527001e1d2937a7dcd9884b2b23f1546024a9347bd57d84d139a015775f0,2017-03,Sussex Police,Sussex Police,-0.152435,50.964989,On or near Sports/Recreation Area,E01031699,Mid Sussex 012A,Violence and sexual offences,Unable to prosecute suspect,
,2017-03,Sussex Police,Sussex Police,-0.156451,50.956005,On or near Woodpecker Crescent,E01031700,Mid Sussex 012B,Anti-social behaviour,,
,2017-03,Sussex Police,Sussex Police,-0.154922,50.964767,On or near The Rowans,E01031700,Mid Sussex 012B,Anti-social behaviour,,
37b0c19bb729f1ba122573b53b7f3ba45d79458060db227a21ceccc76aed898f,2017-03,Sussex Police,Sussex Police,-0.154402,50.961710,On or near Gatehouse Lane,E01031700,Mid Sussex 012B,Bicycle theft,Investigation complete; no suspect identified,
,2017-03,Sussex Police,Sussex Police,-0.151372,50.962004,On or near Temple Grove,E01031701,Mid Sussex 012C,Anti-social behaviour,,
,2017-03,Sussex Police,Sussex Police,-0.151845,50.962992,On or near Bramble Gardens,E01031701,Mid Sussex 012C,Anti-social behaviour,,
a2d8b1df7639c3c04ded7cfdf5d9e1a7786dd43bbbe39ed5cdfb640c84bc48ed,2017-03,Sussex Police,Sussex Police,-0.150367,50.963283,On or near Baylis Crescent,E01031701,Mid Sussex 012C,Bicycle theft,Unable to prosecute suspect,
12acc404176473e76739d253eca049c24009e7850edb88920d81ee84d2b0c5f3,2017-03,Sussex Police,Sussex Police,-0.145988,50.961676,On or near The Jays,E01031701,Mid Sussex 012C,Criminal damage and arson,Unable to prosecute suspect,
1481f7771d98e2de6270b720d1a9ecb2731a4c1aa2fca05acb9b2fcc9423f32b,2017-03,Sussex Police,Sussex Police,-0.139488,50.961456,On or near Fairlea Close,E01031701,Mid Sussex 012C,Criminal damage and arson,Investigation complete; no suspect identified,
9e4ad862ca559fa2e1db9e86be21f9d6307ea8ca8803869a7888fb2e7a1613e2,2017-03,Sussex Police,Sussex Police,-0.141991,50.962970,On or near Turners Way,E01031701,Mid Sussex 012C,Criminal damage and arson,Unable to prosecute suspect,
c319eaed50b52948244bab298281fdaf841e05c201882c9e75af8c3df27a4520,2017-03,Sussex Police,Sussex Police,-0.144134,50.961386,On or near West Street,E01031701,Mid Sussex 012C,Other theft,Awaiting court outcome,
4a78400a3397843feb6d80e14b8e7e28bddece487071badfaf035350e3475e20,2017-03,Sussex Police,Sussex Police,-0.151372,50.962004,On or near Temple Grove,E01031701,Mid Sussex 012C,Shoplifting,Investigation complete; no suspect identified,
59571da0f1ac5ab1e786a289b3fe33c2e200e22c785888e95a889ce074ac4847,2017-03,Sussex Police,Sussex Police,-0.139488,50.961456,On or near Fairlea Close,E01031701,Mid Sussex 012C,Violence and sexual offences,Status update unavailable,
68c0eb76b472ac6098ae8d87c1831ca99fd4d3f046ac17833fd7615a329e6643,2017-03,Sussex Police,Sussex Police,-0.151845,50.962992,On or near Bramble Gardens,E01031701,Mid Sussex 012C,Violence and sexual offences,Unable to prosecute suspect,
35d9bc5e68e09f06749b6e2b508f83d6bd137ab0969beac5f5a3c47dacd9b7f6,2017-03,Sussex Police,Sussex Police,-0.144134,50.961386,On or near West Street,E01031701,Mid Sussex 012C,Violence and sexual offences,Offender given a caution,
,2017-03,Sussex Police,Sussex Police,-0.153671,50.954297,On or near York Road,E01031714,Mid Sussex 012D,Anti-social behaviour,,
,2017-03,Sussex Police,Sussex Police,-0.153671,50.954297,On or near York Road,E01031714,Mid Sussex 012D,Anti-social behaviour,,
1f0097a41fbadd59a9f2ccf205749b68f2724155c9031886eb7a7dfde4d514f4,2017-03,Sussex Police,Sussex Police,-0.145945,50.953806,On or near Consort Way,E01031714,Mid Sussex 012D,Criminal damage and arson,Investigation complete; no suspect identified,
efa67a2a4af6a3fe1ed1f67e62ab54b0a10b3875c6786cc0871544ec9682f102,2017-03,Sussex Police,Sussex Police,-0.153671,50.954297,On or near York Road,E01031714,Mid Sussex 012D,Other theft,Investigation complete; no suspect identified,
aede3611772f71e6feebc2aed5a8d4c660e0aee6c29ceb4eb5b69623ca0226ab,2017-03,Sussex Police,Sussex Police,-0.143521,50.958543,On or near Colmer Court,E01031714,Mid Sussex 012D,Other theft,Investigation complete; no suspect identified,
682fb3c529c7495f54a1a4db5ee73c0e60ac1f5b66507e976249fdc2d550d6d1,2017-03,Sussex Police,Sussex Police,-0.150102,50.956678,On or near Knowles Walk,E01031714,Mid Sussex 012D,Other theft,Investigation complete; no suspect identified,
71987da1a52ef196819fe27b4c476408ad03aa7025db4cf92df20ae37e6bab16,2017-03,Sussex Police,Sussex Police,-0.150339,50.957896,On or near Southway,E01031714,Mid Sussex 012D,Violence and sexual offences,Further investigation is not in the public interest,
0f73c39d30e0f866030b97316a99a51aaec565c3066d6655458a3f126c119673,2017-03,Sussex Police,Sussex Police,-0.150353,50.957545,On or near Poplars Close,E01031714,Mid Sussex 012D,Violence and sexual offences,Investigation complete; no suspect identified,
,2017-03,Sussex Police,Sussex Police,-0.124422,50.954731,On or near Barons Court,E01031704,Mid Sussex 013A,Anti-social behaviour,,
8bf7d0224415c0b3c85ac577e936ae8263507ac78b0589cf92b4482700eb055c,2017-03,Sussex Police,Sussex Police,-0.122917,50.959221,On or near Junction Road,E01031704,Mid Sussex 013A,Criminal damage and arson,Investigation complete; no suspect identified,
a4423797cfd296e28619b94ee74287c0265180cdde4bd0ad71acae1942ef76f9,2017-03,Sussex Police,Sussex Police,-0.123737,50.955835,On or near Avonhurst,E01031704,Mid Sussex 013A,Criminal damage and arson,Investigation complete; no suspect identified,
b067454e4c0ee30f2eec7df73c402b1634895fa05f685416af130c8a7a749b88,2017-03,Sussex Police,Sussex Police,-0.123898,50.958194,On or near Junction Mews,E01031704,Mid Sussex 013A,Other theft,Formal action is not in the public interest,
f695a30f4e8f79b92c410853f5419f233ee2a5d911c0e2b621130219d9824f38,2017-03,Sussex Police,Sussex Police,-0.123898,50.958194,On or near Junction Mews,E01031704,Mid Sussex 013A,Public order,Offender sent to prison,
28f9051c7915f19dba6cc9abdc0baa4e0b9384c1f6b77442e6c6289b99048c4d,2017-03,Sussex Police,Sussex Police,-0.113941,50.950209,On or near Burdocks Drive,E01031704,Mid Sussex 013A,Vehicle crime,Investigation complete; no suspect identified,
d55f7af659b217df7bc66c4dbab06bf51721120f8a8ff892d9b547dec9161a3c,2017-03,Sussex Police,Sussex Police,-0.123898,50.958194,On or near Junction Mews,E01031704,Mid Sussex 013A,Violence and sexual offences,Unable to prosecute suspect,
6454bdc54abef46dd3efc42171208972bd492e0eda726286ff224738327f9cc1,2017-03,Sussex Police,Sussex Police,-0.123898,50.958194,On or near Junction Mews,E01031704,Mid Sussex 013A,Violence and sexual offences,Investigation complete; no suspect identified,
,2017-03,Sussex Police,Sussex Police,-0.127067,50.964747,On or near Lowlands Road,E01031706,Mid Sussex 013B,Anti-social behaviour,,
,2017-03,Sussex Police,Sussex Police,-0.128737,50.963586,On or near Leylands Road,E01031706,Mid Sussex 013B,Anti-social behaviour,,
f4e6f56f300e23fd7f453d6aa21253b5971c371d9e414dbb653992795a217aa5,2017-03,Sussex Police,Sussex Police,-0.125556,50.966899,On or near Parking Area,E01031706,Mid Sussex 013B,Burglary,Investigation complete; no suspect identified,
0818ef974d0676bf9178397a5b8b01114b0e4e7c13f126fb91c5b9b5d6419975,2017-03,Sussex Police,Sussex Police,-0.125556,50.966899,On or near Parking Area,E01031706,Mid Sussex 013B,Burglary,Investigation complete; no suspect identified,
f2d59de9cd189738edb15d05689cdea4e8e3c4f0f679620b2c24c9a1beec889a,2017-03,Sussex Police,Sussex Police,-0.120879,50.964557,On or near Pedestrian Subway,E01031706,Mid Sussex 013B,Burglary,Investigation complete; no suspect identified,
f8c201a0da1c437cf3306d9a5c276af4714f9cc9bddf2ce51dd280aa3490c18d,2017-03,Sussex Police,Sussex Police,-0.128672,50.960581,On or near Millers Way,E01031706,Mid Sussex 013B,Burglary,Investigation complete; no suspect identified,
d6329cbd990d0fc49b9c14b4ffa0512c57fd7f5ec4043e62a2531e7353c3ed23,2017-03,Sussex Police,Sussex Police,-0.126308,50.960939,On or near The Drive,E01031706,Mid Sussex 013B,Criminal damage and arson,Investigation complete; no suspect identified,
df9368dd55f3c34396f7bd76090cd945e7d97c5b1cc69707ea6f2c99e468532a,2017-03,Sussex Police,Sussex Police,-0.125556,50.966899,On or near Parking Area,E01031706,Mid Sussex 013B,Criminal damage and arson,Investigation complete; no suspect identified,
aee5ac9343dc89c5a3f48615149442898231274b7a10b54fa7ca04b15958069e,2017-03,Sussex Police,Sussex Police,-0.120879,50.964557,On or near Pedestrian Subway,E01031706,Mid Sussex 013B,Other theft,Investigation complete; no suspect identified,
0d792c0c67876e7eeff740bac80583eaec7cd49ceb6f420cc96abc995c4aa3d0,2017-03,Sussex Police,Sussex Police,-0.128387,50.962717,On or near Millbank,E01031706,Mid Sussex 013B,Vehicle crime,Investigation complete; no suspect identified,
9065d46628e89140a65256e72f32393e077960920d0ce19f6dfec8d8f03a9652,2017-03,Sussex Police,Sussex Police,-0.128737,50.963586,On or near Leylands Road,E01031706,Mid Sussex 013B,Violence and sexual offences,Unable to prosecute suspect,
c8409e85b3b9bc1e40c889427c4624341e8b91139da541b0d0539133bd958bd0,2017-03,Sussex Police,Sussex Police,-0.128387,50.962717,On or near Millbank,E01031706,Mid Sussex 013B,Violence and sexual offences,Further investigation is not in the public interest,
aaff3acf7983d527e8bb743615063302d7a24b240b86b6ff8f970577785a1389,2017-03,Sussex Police,Sussex Police,-0.125556,50.966899,On or near Parking Area,E01031706,Mid Sussex 013B,Violence and sexual offences,Unable to prosecute suspect,
5cf74fa834c734fb1475bea8e971db3bc506aebc034141adfcf636a463e098a0,2017-03,Sussex Police,Sussex Police,-0.125556,50.966899,On or near Parking Area,E01031706,Mid Sussex 013B,Violence and sexual offences,Unable to prosecute suspect,
ad7a0f548f0d2bfdc7c3095372e70c016d2af2136d47011436feafde0a9e9eea,2017-03,Sussex Police,Sussex Police,-0.127067,50.964747,On or near Lowlands Road,E01031706,Mid Sussex 013B,Violence and sexual offences,Status update unavailable,
a427034d119123114da7a687647e8e4f3683b60a6da2106bda7524d433808c24,2017-03,Sussex Police,Sussex Police,-0.128737,50.963586,On or near Leylands Road,E01031706,Mid Sussex 013B,Violence and sexual offences,Unable to prosecute suspect,
54f8a91e737c48c8ce9d06b90ab8fb99e10fcb46f40d083e2820a0bad13776a1,2017-03,Sussex Police,Sussex Police,-0.126558,50.962517,On or near The Ridgeway,E01031706,Mid Sussex 013B,Violence and sexual offences,Unable to prosecute suspect,
bfcf382aaa94c757d4be8326c5ae582e9a4b084df9574932a79115cc3ce31a79,2017-03,Sussex Police,Sussex Police,-0.120071,50.959535,On or near Brookway,E01031711,Mid Sussex 013C,Drugs,Awaiting court outcome,
d6f01386538f46c6cd91ec1691fed6484ab2bf8f3883b870e18d35f9120940da,2017-03,Sussex Police,Sussex Police,-0.111901,50.959079,On or near The Vineries,E01031711,Mid Sussex 013C,Vehicle crime,Investigation complete; no suspect identified,
d2433c73be378270b57484e537d7c09976c8fdf2a4185d5f82edd1a50ddf896e,2017-03,Sussex Police,Sussex Police,-0.111434,50.956904,On or near Gerald Close,E01031711,Mid Sussex 013C,Vehicle crime,Investigation complete; no suspect identified,
66fcaf1d3d6ef1d1755d1617f0e3d8e6779447c4c9febf1d3a8fec9b16ce8396,2017-03,Sussex Police,Sussex Police,-0.116538,50.959559,On or near Cants Close,E01031711,Mid Sussex 013C,Violence and sexual offences,Unable to prosecute suspect,
8901d460f92bafb43f5dc4df4a6f9ecbf29dd164fc53c84cb7e6d126bb74f1a9,2017-03,Sussex Police,Sussex Police,-0.109976,50.958805,On or near Golden Hill,E01031711,Mid Sussex 013C,Violence and sexual offences,Unable to prosecute suspect,
508f829c4c130b413959892386f82a3751413d9df36a2dbb6ef78366d53b82d5,2017-03,Sussex Police,Sussex Police,-0.113824,50.953454,On or near Longhurst,E01031711,Mid Sussex 013C,Violence and sexual offences,Investigation complete; no suspect identified,
,2017-03,Sussex Police,Sussex Police,-0.117636,50.961276,On or near Woodland Avenue,E01031712,Mid Sussex 013D,Anti-social behaviour,,
,2017-03,Sussex Police,Sussex Police,-0.119684,50.964169,On or near Gladstone Road,E01031712,Mid Sussex 013D,Anti-social behaviour,,
,2017-03,Sussex Police,Sussex Police,-0.116516,50.961528,On or near The Close,E01031712,Mid Sussex 013D,Anti-social behaviour,,
0a0c5041b267a8d887f822a81e75f1a589d13832d13572231637218ac28321ed,2017-03,Sussex Police,Sussex Police,-0.116516,50.961528,On or near The Close,E01031712,Mid Sussex 013D,Public order,Unable to prosecute suspect,
5bf8d45370f994ff0592ad3e6407f5d7a9ab4b3064b12dd6bb8239b2a073abc1,2017-03,Sussex Police,Sussex Police,-0.116516,50.961528,On or near The Close,E01031712,Mid Sussex 013D,Public order,Defendant found not guilty,
e1958086947943c66bbe939e89451cd9672a2cec9cacbc49a9a48f0e470418e7,2017-03,Sussex Police,Sussex Police,-0.119684,50.964169,On or near Gladstone Road,E01031712,Mid Sussex 013D,Shoplifting,Unable to prosecute suspect,
e6c78b2d6531072e63eff19fb40aa43604befa87f1a9d6baf045197f7db7d92f,2017-03,Sussex Police,Sussex Police,-0.116516,50.961528,On or near The Close,E01031712,Mid Sussex 013D,Vehicle crime,Investigation complete; no suspect identified,
0a101ff1022461e2aadf00e93b199b3b2c98bb2dd8cd82e4ad056a1cd94f4b6c,2017-03,Sussex Police,Sussex Police,-0.115316,50.961617,On or near Northway,E01031712,Mid Sussex 013D,Vehicle crime,Unable to prosecute suspect,
26bf3cfb8b67d80a8c5143dc698c627ae8bd829ee13a901099d60bc8f9f0a3de,2017-03,Sussex Police,Sussex Police,-0.119684,50.964169,On or near Gladstone Road,E01031712,Mid Sussex 013D,Vehicle crime,Investigation complete; no suspect identified,
68d71cb7b2889b070b2527a02e5e770d4b4c04af2e9385a3f0811de4552ddb66,2017-03,Sussex Police,Sussex Police,-0.116516,50.961528,On or near The Close,E01031712,Mid Sussex 013D,Violence and sexual offences,Status update unavailable,
5d25eb76e522910e90e76b9150f2206d8c55c4b2b1ec7672485e821c4a3a8190,2017-03,Sussex Police,Sussex Police,-0.117773,50.965658,On or near Petrol Station,E01031713,Mid Sussex 013E,Criminal damage and arson,Investigation complete; no suspect identified,
ccc35808a7b5d536dfbe2fa49588d33a174d5e340dcbebfb4198e4c5550c89c0,2017-03,Sussex Police,Sussex Police,-0.112626,50.964379,On or near Huntingdon Way,E01031713,Mid Sussex 013E,Vehicle crime,Investigation complete; no suspect identified,
334947c51297dd0d03b52fdc578289d043912a563ebf23c42a5686d57ad367e6,2017-03,Sussex Police,Sussex Police,-0.118561,50.966597,On or near Grange Close,E01031713,Mid Sussex 013E,Violence and sexual offences,Status update unavailable,
cf5980057367199b3eb32d08844504114126a69724618a2278e0162323dbe4a7,2017-03,Sussex Police,Sussex Police,-0.115793,50.968837,On or near Charlwood Road,E01031713,Mid Sussex 013E,Other crime,Status update unavailable,
,2017-03,Sussex Police,Sussex Police,-0.135377,50.968837,On or near Fairbridge Way,E01031705,Mid Sussex 014A,Anti-social behaviour,,
,2017-03,Sussex Police,Sussex Police,-0.138424,50.966349,On or near Spicers Close,E01031705,Mid Sussex 014A,Anti-social behaviour,,
2c5ef393a6dc57a1480c78bd24ba2818e157b73467afff766f7ba17ccd9cc842,2017-03,Sussex Police,Sussex Police,-0.137244,50.965242,On or near Chiltington Close,E01031705,Mid Sussex 014A,Burglary,Investigation complete; no suspect identified,
529c3f47c15ba6a8365514b4bbdb8cf4c449440818f1eefede70417795213be9,2017-03,Sussex Police,Sussex Police,-0.137244,50.965242,On or near Chiltington Close,E01031705,Mid Sussex 014A,Burglary,Investigation complete; no suspect identified,
586d4a071b43c1c741cb787baca8b7c37481b16a9b0d20826f061010a315eb6c,2017-03,Sussex Police,Sussex Police,-0.137244,50.965242,On or near Chiltington Close,E01031705,Mid Sussex 014A,Vehicle crime,Investigation complete; no suspect identified,
0ed81c8cec86ad18d0ce3469ed55521e1e6b95d371d30fc4562b51716b41ac64,2017-03,Sussex Police,Sussex Police,-0.129010,50.964949,On or near Dumbrills Close,E01031705,Mid Sussex 014A,Violence and sexual offences,Unable to prosecute suspect,
14ecd915087da176e9409b8dc1e877fc65052db96f48e45c660c878ddbd9de6f,2017-03,Sussex Police,Sussex Police,-0.138424,50.966349,On or near Spicers Close,E01031705,Mid Sussex 014A,Violence and sexual offences,Unable to prosecute suspect,
0791ad55425d996022aee9b4d8bbb5fdd9361a19e5c17d74b737e6ca98b4bf58,2017-03,Sussex Police,Sussex Police,-0.134994,50.961330,On or near Wyberlye Road,E01031707,Mid Sussex 014B,Vehicle crime,Investigation complete; no suspect identified,
984a53aea7de4f8da1188278340bc3ec264cccb36d94210a004000a26afafa37,2017-03,Sussex Police,Sussex Police,-0.138378,50.960026,On or near Park Close,E01031707,Mid Sussex 014B,Violence and sexual offences,Unable to prosecute suspect,
,2017-03,Sussex Police,Sussex Police,-0.128364,50.953724,On or near Wolstonbury Way,E01031708,Mid Sussex 014C,Anti-social behaviour,,
,2017-03,Sussex Police,Sussex Police,-0.129070,50.955291,On or near Parking Area,E01031708,Mid Sussex 014C,Anti-social behaviour,,
,2017-03,Sussex Police,Sussex Police,-0.130704,50.955731,On or near Church Road,E01031708,Mid Sussex 014C,Anti-social behaviour,,
,2017-03,Sussex Police,Sussex Police,-0.131105,50.954973,On or near Burgess Hill Martlets Shopping Centre,E01031708,Mid Sussex 014C,Anti-social behaviour,,
,2017-03,Sussex Police,Sussex Police,-0.127717,50.956726,On or near Turkey Lane,E01031708,Mid Sussex 014C,Anti-social behaviour,,
,2017-03,Sussex Police,Sussex Police,-0.128791,50.954441,On or near Station Road,E01031708,Mid Sussex 014C,Anti-social behaviour,,
,2017-03,Sussex Police,Sussex Police,-0.132085,50.956085,On or near Shopping Area,E01031708,Mid Sussex 014C,Anti-social behaviour,,
,2017-03,Sussex Police,Sussex Police,-0.132085,50.956085,On or near Shopping Area,E01031708,Mid Sussex 014C,Anti-social behaviour,,
,2017-03,Sussex Police,Sussex Police,-0.132085,50.956085,On or near Shopping Area,E01031708,Mid Sussex 014C,Anti-social behaviour,,
,2017-03,Sussex Police,Sussex Police,-0.132085,50.956085,On or near Shopping Area,E01031708,Mid Sussex 014C,Anti-social behaviour,,
,2017-03,Sussex Police,Sussex Police,-0.132902,50.956674,On or near Theatre/Concert Hall,E01031708,Mid Sussex 014C,Anti-social behaviour,,
,2017-03,Sussex Police,Sussex Police,-0.132085,50.956085,On or near Shopping Area,E01031708,Mid Sussex 014C,Anti-social behaviour,,
e61f5f8ead7725a3be2d7d1d362cd1eb867e149cb6e42fe9443bfe99d6fc483d,2017-03,Sussex Police,Sussex Police,-0.129070,50.955291,On or near Parking Area,E01031708,Mid Sussex 014C,Criminal damage and arson,Investigation complete; no suspect identified,
5459006303cfebaea6dc2779696be39b3d3bff0ab2a2f251bed7aa56b97d7ac8,2017-03,Sussex Police,Sussex Police,-0.132902,50.956674,On or near Theatre/Concert Hall,E01031708,Mid Sussex 014C,Criminal damage and arson,Investigation complete; no suspect identified,
a918bccbd72a978ef9c5f92b2f5388b90a4f2401a1d21802ebcfc468fa5f263e,2017-03,Sussex Police,Sussex Police,-0.130704,50.955731,On or near Church Road,E01031708,Mid Sussex 014C,Criminal damage and arson,Investigation complete; no suspect identified,
ebc5e8bc553f4112d052f21e9ddca3159ede44f90ef6344c604fb3d3bf5f62ad,2017-03,Sussex Police,Sussex Police,-0.130704,50.955731,On or near Church Road,E01031708,Mid Sussex 014C,Criminal damage and arson,Investigation complete; no suspect identified,
72729f5be2185474c20f4299dad3ff3e5b66d18adca7a2cc75a585759f549507,2017-03,Sussex Police,Sussex Police,-0.128791,50.954441,On or near Station Road,E01031708,Mid Sussex 014C,Other theft,Investigation complete; no suspect identified,
6c53d4331fd2422c87c1f88c51bdd51323184c4f633d5a14816d6599d112c279,2017-03,Sussex Police,Sussex Police,-0.131105,50.954973,On or near Burgess Hill Martlets Shopping Centre,E01031708,Mid Sussex 014C,Other theft,Investigation complete; no suspect identified,
85e51085b9a99595b6f9eca30fd7193355866fc1365133580a812f0ccd50fc74,2017-03,Sussex Police,Sussex Police,-0.132113,50.955402,On or near Supermarket,E01031708,Mid Sussex 014C,Other theft,Investigation complete; no suspect identified,
e53f0d6aba5cda8363249e2866e060811faf987b1b736614362c5d65d19b00bd,2017-03,Sussex Police,Sussex Police,-0.131422,50.956632,On or near Crescent Way,E01031708,Mid Sussex 014C,Other theft,Investigation complete; no suspect identified,
e0281d49a060700f1efe9b1d3b094917f3cb2491b5b74e537bef4256b0468558,2017-03,Sussex Police,Sussex Police,-0.130839,50.954842,On or near Shopping Area,E01031708,Mid Sussex 014C,Possession of weapons,Status update unavailable,
c7e8080edbfb71fbe3d34b876da8f1ca26654589d3d08922ca81684ba6e97d71,2017-03,Sussex Police,Sussex Police,-0.132902,50.956674,On or near Theatre/Concert Hall,E01031708,Mid Sussex 014C,Public order,Unable to prosecute suspect,
6a0e381231eb9bcc1d2b472e571f983ceaaa2d88a3a01ae1f0ba0a282526d968,2017-03,Sussex Police,Sussex Police,-0.130704,50.955731,On or near Church Road,E01031708,Mid Sussex 014C,Public order,Further investigation is not in the public interest,
ca08a64f2758c93c0376e4172a5249939a64a955af6c03848846a220d8382817,2017-03,Sussex Police,Sussex Police,-0.130839,50.954842,On or near Shopping Area,E01031708,Mid Sussex 014C,Public order,Investigation complete; no suspect identified,
434a0d992c68960a7bea92f27041f6e9485f2da418d65aecba8ae7e6dd939134,2017-03,Sussex Police,Sussex Police,-0.130704,50.955731,On or near Church Road,E01031708,Mid Sussex 014C,Shoplifting,Further investigation is not in the public interest,
65912d9539b0a6f48f40781254b991a843d9b8f803c0a9afe390ffbd759ec31d,2017-03,Sussex Police,Sussex Police,-0.131422,50.956632,On or near Crescent Way,E01031708,Mid Sussex 014C,Shoplifting,Investigation complete; no suspect identified,
4d6bc1ef938b60c5dabfc79f1060954513401a1c7df34d69d5f07ee6df8c02ab,2017-03,Sussex Police,Sussex Police,-0.130704,50.955731,On or near Church Road,E01031708,Mid Sussex 014C,Shoplifting,Unable to prosecute suspect,
d21fbcecc9f0bd63e52d002af1c92818c2356b06c57b924b568cb22eef5571e6,2017-03,Sussex Police,Sussex Police,-0.130839,50.954842,On or near Shopping Area,E01031708,Mid Sussex 014C,Shoplifting,Investigation complete; no suspect identified,
5130414b48401d52b53a8d964c8137802d319ba4f14b2ca5cfeed3cb401349f9,2017-03,Sussex Police,Sussex Police,-0.131105,50.954973,On or near Burgess Hill Martlets Shopping Centre,E01031708,Mid Sussex 014C,Shoplifting,Investigation complete; no suspect identified,
635d5cb1ec22f9f7476d4dcf6a988cc746fab978a7e2a22709431b5f040b1b1f,2017-03,Sussex Police,Sussex Police,-0.130839,50.954842,On or near Shopping Area,E01031708,Mid Sussex 014C,Shoplifting,Unable to prosecute suspect,
ea63e9ff2b68d058c42b6134e8ee3b8e645520d897583daada11f1a2bded3ee8,2017-03,Sussex Police,Sussex Police,-0.130839,50.954842,On or near Shopping Area,E01031708,Mid Sussex 014C,Shoplifting,Investigation complete; no suspect identified,
2ddab5c5f8569cedaabfc27610a0b500a28012b76d05a24fa04c1310d43b34f7,2017-03,Sussex Police,Sussex Police,-0.130839,50.954842,On or near Shopping Area,E01031708,Mid Sussex 014C,Shoplifting,Investigation complete; no suspect identified,
b601c7c1f51f35c75cee540665e95a4aabcc4ea3a5b9c2beb9764368a683aeb5,2017-03,Sussex Police,Sussex Police,-0.130839,50.954842,On or near Shopping Area,E01031708,Mid Sussex 014C,Shoplifting,Offender given a caution,
e7fc11655fa69c77d969eabeea4427987df688223050d66c146ccd6bc4dadbe9,2017-03,Sussex Police,Sussex Police,-0.132902,50.956674,On or near Theatre/Concert Hall,E01031708,Mid Sussex 014C,Violence and sexual offences,Further investigation is not in the public interest,
3724e24b83ac61b664b7f08c31949ca64d6c6b59ea22d30ed652a93888021e0a,2017-03,Sussex Police,Sussex Police,-0.132085,50.956085,On or near Shopping Area,E01031708,Mid Sussex 014C,Violence and sexual offences,Investigation complete; no suspect identified,
552448317c6d0cb36d78ce1094a9edc9724cbfc29061fe60f25515439572a1b8,2017-03,Sussex Police,Sussex Police,-0.132902,50.956674,On or near Theatre/Concert Hall,E01031708,Mid Sussex 014C,Violence and sexual offences,Status update unavailable,
6bb7e88619fdfdbe310b43d70a19317c8a47164c3916712e42f305acb861e8d6,2017-03,Sussex Police,Sussex Police,-0.127717,50.956726,On or near Turkey Lane,E01031708,Mid Sussex 014C,Violence and sexual offences,Unable to prosecute suspect,
e7dcfc4f018a3399ffe36a3f9d554e4fc0cc2db6cc95b1400129b5c794c7ef2c,2017-03,Sussex Police,Sussex Police,-0.128791,50.954441,On or near Station Road,E01031708,Mid Sussex 014C,Violence and sexual offences,Unable to prosecute suspect,
fe4947b66d877b2bb6e51462d9f8e84df8868c193c7325efa8ab977280eaaf30,2017-03,Sussex Police,Sussex Police,-0.127717,50.956726,On or near Turkey Lane,E01031708,Mid Sussex 014C,Violence and sexual offences,Unable to prosecute suspect,
3f2dcf671528928aba97f6c1a2ec4f846781479fc43c9ee5a951770204406bdf,2017-03,Sussex Police,Sussex Police,-0.126850,50.953142,On or near Keymer Parade,E01031708,Mid Sussex 014C,Violence and sexual offences,Unable to prosecute suspect,
91e663e054a7f8c1a17654b9b296f5e1a0c02e5ec2cb9ce62a9be19268c1fdbc,2017-03,Sussex Police,Sussex Police,-0.127717,50.956726,On or near Turkey Lane,E01031708,Mid Sussex 014C,Violence and sexual offences,Unable to prosecute suspect,
,2017-03,Sussex Police,Sussex Police,-0.133881,50.953200,On or near Meeds Road,E01031709,Mid Sussex 014D,Anti-social behaviour,,
,2017-03,Sussex Police,Sussex Police,-0.136580,50.957281,On or near Lower Church Road,E01031709,Mid Sussex 014D,Anti-social behaviour,,
,2017-03,Sussex Police,Sussex Police,-0.130765,50.957054,On or near Parking Area,E01031709,Mid Sussex 014D,Anti-social behaviour,,
,2017-03,Sussex Police,Sussex Police,-0.136868,50.957907,On or near Sports/Recreation Area,E01031709,Mid Sussex 014D,Anti-social behaviour,,
,2017-03,Sussex Police,Sussex Police,-0.133881,50.953200,On or near Meeds Road,E01031709,Mid Sussex 014D,Anti-social behaviour,,
,2017-03,Sussex Police,Sussex Police,-0.136868,50.957907,On or near Sports/Recreation Area,E01031709,Mid Sussex 014D,Anti-social behaviour,,
,2017-03,Sussex Police,Sussex Police,-0.136868,50.957907,On or near Sports/Recreation Area,E01031709,Mid Sussex 014D,Anti-social behaviour,,
,2017-03,Sussex Police,Sussex Police,-0.136868,50.957907,On or near Sports/Recreation Area,E01031709,Mid Sussex 014D,Anti-social behaviour,,
17a8e36e3231c77fcf318afffda9da6ffa08d8287801621f6b4fc717de1d2174,2017-03,Sussex Police,Sussex Police,-0.132956,50.958860,On or near Park Road,E01031709,Mid Sussex 014D,Criminal damage and arson,Investigation complete; no suspect identified,
29f82ef6ab92ac3c7c82d8af60056cddb3e92ef87413f4773535891d7c7acca0,2017-03,Sussex Police,Sussex Police,-0.132956,50.958860,On or near Park Road,E01031709,Mid Sussex 014D,Criminal damage and arson,Investigation complete; no suspect identified,
e9f9ed24d176d3fcdcba67d695ad801f037cd937ec217bcda0e702d2a4ac4d07,2017-03,Sussex Police,Sussex Police,-0.133941,50.958094,On or near St Johns Road,E01031709,Mid Sussex 014D,Criminal damage and arson,Investigation complete; no suspect identified,
3c778b507c75ec7f420790410227219f3ffb46ca6ebbe5fc41214ef13b3f5bf3,2017-03,Sussex Police,Sussex Police,-0.133881,50.953200,On or near Meeds Road,E01031709,Mid Sussex 014D,Possession of weapons,Further investigation is not in the public interest,
8fe826812117aba905b61deb914c2de8ac23eef5fbd872944ddbc4aad120f072,2017-03,Sussex Police,Sussex Police,-0.133941,50.958094,On or near St Johns Road,E01031709,Mid Sussex 014D,Vehicle crime,Investigation complete; no suspect identified,
00b043e8170f477152e162d4d33851bf28bd92817f1734bcaa006a6c03a357cf,2017-03,Sussex Police,Sussex Police,-0.136868,50.957907,On or near Sports/Recreation Area,E01031709,Mid Sussex 014D,Violence and sexual offences,Investigation complete; no suspect identified,
9f486ad14c887802d703d492c8b223720205ee340ef876aa840038b2a759e48f,2017-03,Sussex Police,Sussex Police,-0.138268,50.953513,On or near Gravett Court,E01031709,Mid Sussex 014D,Violence and sexual offences,Local resolution,
5ccf191b812ac740f09683a80319579dc3e63ef1790f9178e747b9004af0849a,2017-03,Sussex Police,Sussex Police,-0.133881,50.953200,On or near Meeds Road,E01031709,Mid Sussex 014D,Violence and sexual offences,Further investigation is not in the public interest,
ae437ca04f902feefb7ada4c72d5b2645fbaf975bc32ff392a373bf4404e97ac,2017-03,Sussex Police,Sussex Police,-0.136868,50.957907,On or near Sports/Recreation Area,E01031709,Mid Sussex 014D,Violence and sexual offences,Unable to prosecute suspect,
18ed88d4ba608cca9ce7d7d9a789fe7573f6b0b9209c38e4cb9582e4e428c1b9,2017-03,Sussex Police,Sussex Police,-0.134417,50.956177,On or near Police Station,E01031709,Mid Sussex 014D,Violence and sexual offences,Unable to prosecute suspect,
,2017-03,Sussex Police,Sussex Police,-0.151742,50.959861,On or near Denham Road,E01031716,Mid Sussex 014E,Anti-social behaviour,,
b2cab89791e12c6a08e1a07f83b82c3aeb215996e141ad8735bda6a8f81924eb,2017-03,Sussex Police,Sussex Police,-0.151953,50.960637,On or near West Park Crescent,E01031716,Mid Sussex 014E,Burglary,Investigation complete; no suspect identified,
2bda3784c4e23e8b30975463643b85290d7e5241acccd6da99ce85adbedb88ea,2017-03,Sussex Police,Sussex Police,-0.147193,50.959663,On or near The Gattons,E01031716,Mid Sussex 014E,Other theft,Investigation complete; no suspect identified,
64813756396a8e32b8364aefb6f34d981613fcdb23f6b3c040a8613c5d1ba066,2017-03,Sussex Police,Sussex Police,-0.151742,50.959861,On or near Denham Road,E01031716,Mid Sussex 014E,Violence and sexual offences,Defendant found not guilty,
344a7c9f1f52670106738b53f5e0e714ef409b6e37e3468e584c9ccc1a4eeab7,2017-03,Sussex Police,Sussex Police,-0.151953,50.960637,On or near West Park Crescent,E01031716,Mid Sussex 014E,Violence and sexual offences,Unable to prosecute suspect,
2ea6d8b00b70b1cdfcb8a95873d8d57e49c4c8937e9b3644e5fae3dff18e8160,2017-03,Sussex Police,Sussex Police,-0.151692,50.958970,On or near Poveys Close,E01031716,Mid Sussex 014E,Violence and sexual offences,Unable to prosecute suspect,
e1e5d6b2229121c3ae032dd978a4a6dcc05f14d7cd1bbb7b319333cdba910156,2017-03,Sussex Police,Sussex Police,-0.149021,50.959512,On or near Weald Road,E01031716,Mid Sussex 014E,Other crime,Status update unavailable,
,2017-03,Sussex Police,Sussex Police,-0.142327,50.958137,On or near Livingstone Road,E01031717,Mid Sussex 014F,Anti-social behaviour,,
,2017-03,Sussex Police,Sussex Police,-0.140700,50.960720,On or near Fairfield Close,E01031717,Mid Sussex 014F,Anti-social behaviour,,
,2017-03,Sussex Police,Sussex Police,-0.140700,50.960720,On or near Fairfield Close,E01031717,Mid Sussex 014F,Anti-social behaviour,,
f179f16041521331d8ba78916218740c298fd7f68c847e67e995edc3bbcdc002,2017-03,Sussex Police,Sussex Police,-0.140771,50.956449,On or near Portland Road,E01031717,Mid Sussex 014F,Other theft,Investigation complete; no suspect identified,
73413fdcc819ab90030d75299402c7f4fbbfb66cc655057b31fca5c4626bcfe9,2017-03,Sussex Police,Sussex Police,-0.142327,50.958137,On or near Livingstone Road,E01031717,Mid Sussex 014F,Public order,Status update unavailable,
6a0ab1292611cd9898077e12eaaf8578b66f3dfe6ad38edbd93746ff2078c1ce,2017-03,Sussex Police,Sussex Police,-0.139272,50.957963,On or near Petrol Station,E01031717,Mid Sussex 014F,Violence and sexual offences,Investigation complete; no suspect identified,
1674f0b1f024c345a5603ca3eed527b88769d313f067cb65704197a43d325e25,2017-03,Sussex Police,Sussex Police,-0.119724,50.954709,On or near Churchill Way,E01031703,Mid Sussex 015B,Burglary,Investigation complete; no suspect identified,
,2017-03,Sussex Police,Sussex Police,-0.136477,50.945966,On or near Nightingale Lane,E01031710,Mid Sussex 015C,Anti-social behaviour,,
79060269634b6dd73cfcdb7b24902fa1fcc6dfff97180f19b44361b1ecfa1cba,2017-03,Sussex Police,Sussex Police,-0.139720,50.947826,On or near Oakmead Road,E01031710,Mid Sussex 015C,Vehicle crime,Investigation complete; no suspect identified,
,2017-03,Sussex Police,Sussex Police,-0.148635,50.948804,On or near Michelbourne Close,E01031715,Mid Sussex 015D,Anti-social behaviour,,
,2017-03,Sussex Police,Sussex Police,-0.148635,50.948804,On or near Michelbourne Close,E01031715,Mid Sussex 015D,Anti-social behaviour,,
,2017-03,Sussex Police,Sussex Police,-0.151934,50.951068,On or near Ericsson Way,E01031715,Mid Sussex 015D,Anti-social behaviour,,
48e3f0108c75ec1569bfc42d890e8fcf39d5ea1f0d4f82613be7947b2fbdde2a,2017-03,Sussex Police,Sussex Police,-0.141966,50.951818,On or near Payton Drive,E01031715,Mid Sussex 015D,Criminal damage and arson,Investigation complete; no suspect identified,
c5224ba2ea2c17cedaa3d66322e671ac3abd4814d8b4bedde1393f039e6ea281,2017-03,Sussex Police,Sussex Police,-0.151934,50.951068,On or near Ericsson Way,E01031715,Mid Sussex 015D,Other theft,Investigation complete; no suspect identified,
50d79ee04d62b65ce4e95b91c9ab7aed845b0b2587712017e99623c1381b6578,2017-03,Sussex Police,Sussex Police,-0.148635,50.948804,On or near Michelbourne Close,E01031715,Mid Sussex 015D,Theft from the person,Investigation complete; no suspect identified,
0a7fe66c4c32000d294a50481578493edccb094cfb077d9b0795922563009a3d,2017-03,Sussex Police,Sussex Police,-0.147182,50.952063,On or near Albert Drive,E01031715,Mid Sussex 015D,Violence and sexual offences,Awaiting court outcome,
f0ec56f66cdaf1fe668ba7c5759fd5bbfe3fcfa84cce35ffcf4439df2f03113b,2017-03,Sussex Police,Sussex Police,-0.141322,50.947986,On or near Capenors,E01031715,Mid Sussex 015D,Violence and sexual offences,Status update unavailable,
93aeda75d4db39221b4d46aaed2ea92322a94ca1ebc22855101a0ba81b0672d8,2017-03,Sussex Police,Sussex Police,-0.208498,50.933684,On or near Church Lane,E01031698,Mid Sussex 016A,Burglary,Status update unavailable,
526e8aa6e2c1bab4a0588b25cb941e8c52f2b0ba969b3aff1601c32fa721ae11,2017-03,Sussex Police,Sussex Police,-0.187791,50.994060,On or near Buncton Lane,E01031698,Mid Sussex 016A,Other theft,Investigation complete; no suspect identified,
55cbb8f6cfc9dc2576f6ca2641baea2f4a8475095fc2d63087bc088fc04c17ca,2017-03,Sussex Police,Sussex Police,-0.209509,50.987371,On or near Petrol Station,E01031698,Mid Sussex 016A,Other theft,Investigation complete; no suspect identified,
dc86a05b0258ca20ba37b7a2c268c1e5f00333c4adac324b5ede31a4a56c1006,2017-03,Sussex Police,Sussex Police,-0.209509,50.987371,On or near Petrol Station,E01031698,Mid Sussex 016A,Other theft,Investigation complete; no suspect identified,
78581e15c3a84a9a6da4b9f1fa3dee2f6d2c93d9dbf3eda1c9e3eeb917b0851c,2017-03,Sussex Police,Sussex Police,-0.195787,50.974165,On or near Parking Area,E01031698,Mid Sussex 016A,Vehicle crime,Investigation complete; no suspect identified,
6ef6c130b2a322464802e0f588c036774a714f08bf9af17813c573f3cd15e8ce,2017-03,Sussex Police,Sussex Police,-0.184771,50.968832,On or near Job'S Lane,E01031698,Mid Sussex 016A,Vehicle crime,Investigation complete; no suspect identified,
8708fde5272eb22714193d837f5d725d049789eec9902f39d43a6449d069edf1,2017-03,Sussex Police,Sussex Police,-0.195787,50.974165,On or near Parking Area,E01031698,Mid Sussex 016A,Vehicle crime,Investigation complete; no suspect identified,
6bcb8b7be02771524e6b2167a211a0d132fbdfb91bac458a92687708d096bfcc,2017-03,Sussex Police,Sussex Police,-0.195787,50.974165,On or near Parking Area,E01031698,Mid Sussex 016A,Vehicle crime,Investigation complete; no suspect identified,
e4babb239897c30bb4c57f5c36d1ce7c49f9497c25f0ef83ebcf8cd7798c9e0e,2017-03,Sussex Police,Sussex Police,-0.191618,50.967805,On or near Petrol Station,E01031698,Mid Sussex 016A,Vehicle crime,Investigation complete; no suspect identified,
fc2721b58f71c6a6c533e728ef031259841e80a63caa65bec37ef64fdbcc4cc0,2017-03,Sussex Police,Sussex Police,-0.191618,50.967805,On or near Petrol Station,E01031698,Mid Sussex 016A,Vehicle crime,Unable to prosecute suspect,
,2017-03,Sussex Police,Sussex Police,-0.177697,50.938478,On or near St Lawrence Way,E01031767,Mid Sussex 016B,Anti-social behaviour,,
76c213be6b8ecf7b6ba8f75062eea71a412ca9b1421bad8e582736a8ba3b5440,2017-03,Sussex Police,Sussex Police,-0.165051,50.942264,On or near Sports/Recreation Area,E01031767,Mid Sussex 016B,Criminal damage and arson,Investigation complete; no suspect identified,
0d4bf474d27d8a1ef6ebcef5a86b3523289d9d0b2a1ad1d6e7556f3017248b51,2017-03,Sussex Police,Sussex Police,-0.169896,50.950830,On or near Danworth Lane,E01031767,Mid Sussex 016B,Other theft,Investigation complete; no suspect identified,
48925fa9b7227cd52183639d750134d24d78d8127e6185ce3d644a5db042aa97,2017-03,Sussex Police,Sussex Police,-0.165051,50.964684,On or near Gatehouse Lane,E01031767,Mid Sussex 016B,Public order,Unable to prosecute suspect,
d0c425e4469453168da9fcf18f91f03a6bb9925358c70dfc362d8fc260a066fe,2017-03,Sussex Police,Sussex Police,-0.165051,50.964684,On or near Gatehouse Lane,E01031767,Mid Sussex 016B,Violence and sexual offences,Unable to prosecute suspect,
857f99cff41a9077e39482f3582ea48ee71d29e28c006680a8c2f3429da3511f,2017-03,Sussex Police,Sussex Police,-0.165051,50.964684,On or near Gatehouse Lane,E01031767,Mid Sussex 016B,Violence and sexual offences,Unable to prosecute suspect,
ea05210db28661873075b60686c702f58d7228ee5cc88207401cbfea48052c15,2017-03,Sussex Police,Sussex Police,-0.166349,50.946178,On or near Sports/Recreation Area,E01031767,Mid Sussex 016B,Violence and sexual offences,Unable to prosecute suspect,
e1eeae0f0f2d6f2a9cdece76af58ab88996e33f23309cbf547ef383ee35e3726,2017-03,Sussex Police,Sussex Police,-0.165051,50.964684,On or near Gatehouse Lane,E01031767,Mid Sussex 016B,Violence and sexual offences,Unable to prosecute suspect,
a22f3efb1283f405cb0986e0e2894dff59a393d86310aab65b5a434dbdaa21f6,2017-03,Sussex Police,Sussex Police,-0.165051,50.964684,On or near Gatehouse Lane,E01031767,Mid Sussex 016B,Violence and sexual offences,Unable to prosecute suspect,
c3e1df24d526bd2121edeb70212ded502a76bc380b5f9a077f83264d929773db,2017-03,Sussex Police,Sussex Police,-0.165051,50.964684,On or near Gatehouse Lane,E01031767,Mid Sussex 016B,Violence and sexual offences,Further investigation is not in the public interest,
f47a25c210af16505c947d3528f1e0016acf7e7e55a00f82b320c12fa2e84787,2017-03,Sussex Police,Sussex Police,-0.165051,50.964684,On or near Gatehouse Lane,E01031767,Mid Sussex 016B,Violence and sexual offences,Unable to prosecute suspect,
26934272ca505abfde91beb94ae63edd1d8b093156e2d668f9c5520d46066a1a,2017-03,Sussex Police,Sussex Police,-0.165051,50.964684,On or near Gatehouse Lane,E01031767,Mid Sussex 016B,Violence and sexual offences,Investigation complete; no suspect identified,
,2017-03,Sussex Police,Sussex Police,-0.181318,50.935423,On or near Manor Gardens,E01031769,Mid Sussex 016C,Anti-social behaviour,,
4af53b6815fbfcda360665fa662de6546840c9fe3a07e8ab2e3601281c37394b,2017-03,Sussex Police,Sussex Police,-0.182625,50.933671,On or near Policemans Lane,E01031769,Mid Sussex 016C,Burglary,Investigation complete; no suspect identified,
fa580fb2926f8167905f145fc3156f1581df20e827a7cb13ed8853068859e972,2017-03,Sussex Police,Sussex Police,-0.182968,50.938740,On or near Kemps,E01031769,Mid Sussex 016C,Criminal damage and arson,Unable to prosecute suspect,
d33c1041791a7a1860c76ec7abd2960c85ad84b8131fd881427bc8041564f9e6,2017-03,Sussex Police,Sussex Police,-0.182625,50.933671,On or near Policemans Lane,E01031769,Mid Sussex 016C,Vehicle crime,Investigation complete; no suspect identified,
9fd651ea0017d4f4204c305d3fabe969986deb62b020929a50fdea4b80d1e1b5,2017-03,Sussex Police,Sussex Police,-0.189024,50.935264,On or near Albourne Road,E01031769,Mid Sussex 016C,Vehicle crime,Investigation complete; no suspect identified,
6d1ac4733e5c38b3f2af2efd3d78d6a9fce712e6b91911379bddfe95adffb34f,2017-03,Sussex Police,Sussex Police,-0.182376,50.937867,On or near Western Road,E01031769,Mid Sussex 016C,Vehicle crime,Investigation complete; no suspect identified,
15554c796c8b5dededd1832238ec2dcfdf084660b94f68e3a7c49d82d5305f68,2017-03,Sussex Police,Sussex Police,-0.182625,50.933671,On or near Policemans Lane,E01031769,Mid Sussex 016C,Violence and sexual offences,Unable to prosecute suspect,
,2017-03,Sussex Police,Sussex Police,-0.176639,50.933146,On or near Supermarket,E01031770,Mid Sussex 016D,Anti-social behaviour,,
dc5020f12bc46868c3253069e5a025fef304c1637a6e52305bd1f5380f8e5c47,2017-03,Sussex Police,Sussex Police,-0.176639,50.933146,On or near Supermarket,E01031770,Mid Sussex 016D,Burglary,Investigation complete; no suspect identified,
6e4efdfaab20de5469c957133725ac45db7c4a6f089964ccc437784b822efec0,2017-03,Sussex Police,Sussex Police,-0.199977,50.893012,On or near Saddlescombe Road,E01031770,Mid Sussex 016D,Criminal damage and arson,Investigation complete; no suspect identified,
9bcc91965f61fa58413f470cd27b69ae13a81b5551988c29823ca47f878b00d8,2017-03,Sussex Police,Sussex Police,-0.199977,50.893012,On or near Saddlescombe Road,E01031770,Mid Sussex 016D,Criminal damage and arson,Investigation complete; no suspect identified,
f0265a5bedd9141caa5e420a02d86e4db762697d43a4b50dc63b03edc59407bb,2017-03,Sussex Police,Sussex Police,-0.200138,50.919068,On or near B2117,E01031770,Mid Sussex 016D,Public order,Unable to prosecute suspect,
530569daf90522ed7b49324b3a1b87da90e87702e9a45a539c0c57828b118f76,2017-03,Sussex Police,Sussex Police,-0.221555,50.891346,On or near Sports/Recreation Area,E01031770,Mid Sussex 016D,Violence and sexual offences,Unable to prosecute suspect,
dfbb838270c82d7f9eade132605e01f39a00249d75982c11ed4a32cd7f17f1d4,2017-03,Sussex Police,Sussex Police,-0.221555,50.891346,On or near Sports/Recreation Area,E01031770,Mid Sussex 016D,Violence and sexual offences,Court result unavailable,
,2017-03,Sussex Police,Sussex Police,-0.179382,50.941274,On or near Willow Close,E01031771,Mid Sussex 016E,Anti-social behaviour,,
,2017-03,Sussex Police,Sussex Police,-0.181429,50.944616,On or near Sports/Recreation Area,E01031771,Mid Sussex 016E,Anti-social behaviour,,
c1a2529fae945970269437ff8afc54eb5c5de9dd13f40775cbf4b3132a001da8,2017-03,Sussex Police,Sussex Police,-0.181429,50.944616,On or near Sports/Recreation Area,E01031771,Mid Sussex 016E,Burglary,Investigation complete; no suspect identified,
7988c6cc73b208c32f27fb24e28d2ad2939154bc367b0ce7ec8a4397f58b246f,2017-03,Sussex Police,Sussex Police,-0.179403,50.942174,On or near Willow Gardens,E01031771,Mid Sussex 016E,Public order,Investigation complete; no suspect identified,
76cdce17d44063076ca15655733276c8bcfab46b423196bb68ebff827e2cfeb6,2017-03,Sussex Police,Sussex Police,-0.186438,50.957113,On or near Mill Lane,E01031771,Mid Sussex 016E,Vehicle crime,Status update unavailable,
3c0660c38d09835a6e786d3a2192646683795f96f70319e10bd252c8b1863979,2017-03,Sussex Police,Sussex Police,-0.181429,50.944616,On or near Sports/Recreation Area,E01031771,Mid Sussex 016E,Violence and sexual offences,Unable to prosecute suspect,
,2017-03,Sussex Police,Sussex Police,-0.146405,50.942608,On or near Mill Race,E01031744,Mid Sussex 017A,Anti-social behaviour,,
408638d08ab1850843deede14892a65414e66708afaf8a66f89866376acfed32,2017-03,Sussex Police,Sussex Police,-0.143204,50.926837,On or near Woodsland Road,E01031744,Mid Sussex 017A,Criminal damage and arson,Investigation complete; no suspect identified,
5dc9798646122af4d5171db117f5fd345cdad6235d03477fee8f75361dd80526,2017-03,Sussex Police,Sussex Police,-0.139576,50.928236,On or near Queens Drive,E01031744,Mid Sussex 017A,Vehicle crime,Investigation complete; no suspect identified,
aab9534393b98ac812c1f75295b465082c99e088a21b735ab60aa616ef084df8,2017-03,Sussex Police,Sussex Police,-0.139380,50.926371,On or near The Close,E01031744,Mid Sussex 017A,Vehicle crime,Investigation complete; no suspect identified,
74566eed597e126ef7bff9c3aa347320ab38b7c1b642eb2918331cf827c43c37,2017-03,Sussex Police,Sussex Police,-0.139380,50.926371,On or near The Close,E01031744,Mid Sussex 017A,Violence and sexual offences,Unable to prosecute suspect,
,2017-03,Sussex Police,Sussex Police,-0.137718,50.929879,On or near Sycamore Way,E01031745,Mid Sussex 017B,Anti-social behaviour,,
,2017-03,Sussex Police,Sussex Police,-0.137832,50.925591,On or near Orchard Lane,E01031745,Mid Sussex 017B,Anti-social behaviour,,
2af5ff9c0af1dea6eb325de22dcb769ff27de06ddf4cd7193f8c77d8bee8f1ae,2017-03,Sussex Police,Sussex Police,-0.137718,50.929879,On or near Sycamore Way,E01031745,Mid Sussex 017B,Criminal damage and arson,Investigation complete; no suspect identified,
300c5ad468d203a708955f01210a3ed57baddb68d02a080d6d0526af407aa513,2017-03,Sussex Police,Sussex Police,-0.137718,50.929879,On or near Sycamore Way,E01031745,Mid Sussex 017B,Drugs,Offender given a drugs possession warning,
5fecd73c8ed7d7231a794c6dfab19700b9238af16ee85e5e63f16dd192a918ea,2017-03,Sussex Police,Sussex Police,-0.137718,50.929879,On or near Sycamore Way,E01031745,Mid Sussex 017B,Drugs,Offender given a caution,
50c9c3a0d11d59618be69bf0ef6e1fc4407936ffa3fd829ee94db2a3c3021ff9,2017-03,Sussex Police,Sussex Police,-0.138450,50.929000,On or near Birch Way,E01031745,Mid Sussex 017B,Violence and sexual offences,Unable to prosecute suspect,
51bd1f83caacb48bb1f6f34522c7ad099fbf79deeeb0e9fd73a9b25eaf4b1b7d,2017-03,Sussex Police,Sussex Police,-0.138450,50.929000,On or near Birch Way,E01031745,Mid Sussex 017B,Violence and sexual offences,Local resolution,
54e1677c2fe99fc765cb3dea3fe3c7e9cebc96268ba783cb0750f8f08e9b101b,2017-03,Sussex Police,Sussex Police,-0.129961,50.930259,On or near Sweetlands,E01031745,Mid Sussex 017B,Violence and sexual offences,Status update unavailable,
,2017-03,Sussex Police,Sussex Police,-0.140836,50.921610,On or near Brook Avenue,E01031746,Mid Sussex 017C,Anti-social behaviour,,
,2017-03,Sussex Police,Sussex Police,-0.140117,50.921455,On or near Windmill Avenue,E01031746,Mid Sussex 017C,Anti-social behaviour,,
,2017-03,Sussex Police,Sussex Police,-0.147630,50.930747,On or near Belmont Close,E01031746,Mid Sussex 017C,Anti-social behaviour,,
,2017-03,Sussex Police,Sussex Police,-0.140117,50.921455,On or near Windmill Avenue,E01031746,Mid Sussex 017C,Anti-social behaviour,,
805afce633c38e35142d705773c710a1dd5208aae301dacb35029d955eb41c0d,2017-03,Sussex Police,Sussex Police,-0.147630,50.930747,On or near Belmont Close,E01031746,Mid Sussex 017C,Bicycle theft,Investigation complete; no suspect identified,
275fbfe1678154c21956be34901d39eabf4e5affa0d657ae4350feec135be382,2017-03,Sussex Police,Sussex Police,-0.140117,50.921455,On or near Windmill Avenue,E01031746,Mid Sussex 017C,Criminal damage and arson,Further investigation is not in the public interest,
74957a4f66eb240160c5e95a1b1ddad7ff3d7b373a6606f94381214f79b71ed4,2017-03,Sussex Police,Sussex Police,-0.144522,50.924465,On or near Station Approach,E01031746,Mid Sussex 017C,Criminal damage and arson,Investigation complete; no suspect identified,
5c431173cfc0012df2c0a8328a461c278ca007023c642724c3686b32a405b753,2017-03,Sussex Police,Sussex Police,-0.144522,50.924465,On or near Station Approach,E01031746,Mid Sussex 017C,Shoplifting,Investigation complete; no suspect identified,
479482516fdc91521a31d322aa6af2c89e2cd740ea63b8f2448b42ce46b5a358,2017-03,Sussex Police,Sussex Police,-0.145638,50.924672,On or near Pedestrian Subway,E01031746,Mid Sussex 017C,Violence and sexual offences,Unable to prosecute suspect,
e0aacadac4e8a3b07aef21d08d705b05e59898dcd3fabd43eb744eb397783555,2017-03,Sussex Police,Sussex Police,-0.140836,50.921610,On or near Brook Avenue,E01031746,Mid Sussex 017C,Violence and sexual offences,Unable to prosecute suspect,
79220a55132c7b81069155d1982dc386bcaf7c1084d4f593dd954a9bb5ea8da4,2017-03,Sussex Police,Sussex Police,-0.143940,50.925131,On or near Woodsland Close,E01031746,Mid Sussex 017C,Violence and sexual offences,Unable to prosecute suspect,
e249085c0d8369552f61483696f82331713ca9de842c6b170faefe2755fba1a2,2017-03,Sussex Police,Sussex Police,-0.144522,50.924465,On or near Station Approach,E01031746,Mid Sussex 017C,Violence and sexual offences,Investigation complete; no suspect identified,
,2017-03,Sussex Police,Sussex Police,-0.138933,50.923666,On or near Keymer Road,E01031747,Mid Sussex 017D,Anti-social behaviour,,
,2017-03,Sussex Police,Sussex Police,-0.136956,50.922933,On or near The Minnels,E01031747,Mid Sussex 017D,Anti-social behaviour,,
,2017-03,Sussex Police,Sussex Police,-0.138933,50.923666,On or near Keymer Road,E01031747,Mid Sussex 017D,Anti-social behaviour,,
,2017-03,Sussex Police,Sussex Police,-0.131593,50.918998,On or near Park Avenue,E01031747,Mid Sussex 017D,Anti-social behaviour,,
,2017-03,Sussex Police,Sussex Police,-0.131593,50.918998,On or near Park Avenue,E01031747,Mid Sussex 017D,Anti-social behaviour,,
,2017-03,Sussex Police,Sussex Police,-0.131593,50.918998,On or near Park Avenue,E01031747,Mid Sussex 017D,Anti-social behaviour,,
15c2248143333e96ce6e82f463d345b03d5ec501bab2ac521ece1f02817d63e0,2017-03,Sussex Police,Sussex Police,-0.139368,50.923466,On or near Supermarket,E01031747,Mid Sussex 017D,Criminal damage and arson,Investigation complete; no suspect identified,
ea8ea807ca53cd42a474ffc8fd83448776c61f065872289cee8fd104d9db3432,2017-03,Sussex Police,Sussex Police,-0.139368,50.923466,On or near Supermarket,E01031747,Mid Sussex 017D,Violence and sexual offences,Offender given a caution,
,2017-03,Sussex Police,Sussex Police,-0.146061,50.924751,On or near Station Cottages,E01031748,Mid Sussex 017E,Anti-social behaviour,,
,2017-03,Sussex Police,Sussex Police,-0.149547,50.924401,On or near Challow Close,E01031748,Mid Sussex 017E,Anti-social behaviour,,
3669e763b201fb40df7a652a158897f64433a1406f4b6eccc40e51d267e21f29,2017-03,Sussex Police,Sussex Police,-0.153688,50.912182,On or near Brighton Road,E01031748,Mid Sussex 017E,Criminal damage and arson,Investigation complete; no suspect identified,
bda75f60622c57fffc3b2aa98cbe7d6583b3685626a098026545a3b1e6b94202,2017-03,Sussex Police,Sussex Police,-0.146061,50.924751,On or near Station Cottages,E01031748,Mid Sussex 017E,Criminal damage and arson,Investigation complete; no suspect identified,
0501424e36fff187a6a30c5493624f400ddaafef1ad22faeea9707e388781781,2017-03,Sussex Police,Sussex Police,-0.150759,50.923620,On or near South Bank,E01031748,Mid Sussex 017E,Criminal damage and arson,Investigation complete; no suspect identified,
f7c76e047544dd54d5b44ae5910c724d07a914918e682b4aeb11c8ac385d0174,2017-03,Sussex Police,Sussex Police,-0.152204,50.922357,On or near Brighton Road,E01031748,Mid Sussex 017E,Criminal damage and arson,Investigation complete; no suspect identified,
0d056da128e393b25e69f4bad56734364277360ab019e5148bbc0993ac1f9c8d,2017-03,Sussex Police,Sussex Police,-0.153688,50.912182,On or near Brighton Road,E01031748,Mid Sussex 017E,Criminal damage and arson,Investigation complete; no suspect identified,
aae18a9464bc126c606f3f057409bda32b6ac29279c86991ecd26233e81598b4,2017-03,Sussex Police,Sussex Police,-0.152204,50.922357,On or near Brighton Road,E01031748,Mid Sussex 017E,Vehicle crime,Investigation complete; no suspect identified,
f09f269a9bb8a46a8db130c7717b654e0d0b791f02211517ce9c53b6a1eacd31,2017-03,Sussex Police,Sussex Police,-0.144512,50.921147,On or near Lagwood Close,E01031748,Mid Sussex 017E,Violence and sexual offences,Further investigation is not in the public interest,
8edbc6f0e8ad1545710e3bcbd11f90faca12bfb96e409454c72ff2890c8c8ee9,2017-03,Sussex Police,Sussex Police,-0.166919,50.931339,On or near Highfield Drive,E01031768,Mid Sussex 017F,Burglary,Investigation complete; no suspect identified,
497187b16afd357ffdf814f3bf58a26edef73048e47d998ad3caf713fefee030,2017-03,Sussex Police,Sussex Police,-0.166919,50.931339,On or near Highfield Drive,E01031768,Mid Sussex 017F,Other theft,Investigation complete; no suspect identified,
4e5b576181f327fe9e09f855f771f5178b0f5206942c29d771bf7057c9e32fbb,2017-03,Sussex Police,Sussex Police,-0.328727,51.234436,On or near Wathen Road,E01030532,Mole Valley 009A,Other theft,Unable to prosecute suspect,
25b3548a20715769ccde22de40e2468abc1c29621bd1e39dc5a7ffe8c7770de8,2017-03,Sussex Police,Sussex Police,-0.337781,51.239170,On or near Hill Rise,E01030532,Mole Valley 009A,Violence and sexual offences,Status update unavailable,
5bbbb12a9097e368cd6b712b6e7eea9dd4a03cab0fe35865de434a201c4d0dd0,2017-03,Sussex Police,Sussex Police,-0.407889,51.132933,On or near Froggetts Lane,E01030557,Mole Valley 012C,Other crime,Further investigation is not in the public interest,
,2017-03,Sussex Police,Sussex Police,-0.177596,51.167504,On or near London Road,E01030531,Mole Valley 013D,Anti-social behaviour,,
03bfecab559245bbb7aeb741ed9f76ba9839808d4093c0e627bbcda428d1fe1c,2017-03,Sussex Police,Sussex Police,-0.177596,51.167504,On or near London Road,E01030531,Mole Valley 013D,Other theft,Unable to prosecute suspect,
0149d5088be96d2fdc9fdcc5bede99fa6dc7526e7ab6df56d2aaf2761c853fa1,2017-03,Sussex Police,Sussex Police,-0.177596,51.167504,On or near London Road,E01030531,Mole Valley 013D,Other theft,Unable to prosecute suspect,
b8bfca2e19bcb42452dcf463066703146d9171837def69b7aa94d3ac55cd2096,2017-03,Sussex Police,Sussex Police,-1.071947,50.810296,On or near Malta Road,E01017082,Portsmouth 012E,Violence and sexual offences,Unable to prosecute suspect,
,2017-03,Sussex Police,Sussex Police,-0.154973,51.261934,On or near Grange Close,E01030598,Reigate and Banstead 009A,Anti-social behaviour,,
,2017-03,Sussex Police,Sussex Police,-0.161743,51.170871,On or near Parking Area,E01030575,Reigate and Banstead 018A,Anti-social behaviour,,
,2017-03,Sussex Police,Sussex Police,0.481013,50.992506,On or near Rotherview,E01021132,Rother 001A,Anti-social behaviour,,
,2017-03,Sussex Police,Sussex Police,0.467699,50.985728,On or near Glenleigh Walk,E01021132,Rother 001A,Anti-social behaviour,,
,2017-03,Sussex Police,Sussex Police,0.466522,50.983693,On or near Mill Rise,E01021132,Rother 001A,Anti-social behaviour,,
,2017-03,Sussex Police,Sussex Police,0.477207,50.990608,On or near Northbridge Street,E01021132,Rother 001A,Anti-social behaviour,,
c0b2166422d6bef3dd69f208e9699197cdb5d70e34ed2ad43e6eb82c74bd1985,2017-03,Sussex Police,Sussex Police,0.463667,50.984932,On or near Knelle Road,E01021132,Rother 001A,Criminal damage and arson,Status update unavailable,
6bfa50cbe4874d2aa156586e5477720b7c54d99dcacfe93bf1ba2dae5d56ecad,2017-03,Sussex Police,Sussex Police,0.467699,50.985728,On or near Glenleigh Walk,E01021132,Rother 001A,Other theft,Investigation complete; no suspect identified,
,2017-03,Sussex Police,Sussex Police,0.535207,51.006029,On or near Sports/Recreation Area,E01021133,Rother 001B,Anti-social behaviour,,
89e406f2f7ab41981cba23641fd85608f078d4b8a9959f584b60e9692798247a,2017-03,Sussex Police,Sussex Police,0.474390,50.983464,On or near Blenheim Court,E01021133,Rother 001B,Criminal damage and arson,Status update unavailable,
7db8e3e483179eb217a07b2ef69c893c5d42ee9eb320b537a953b98a823b7aa1,2017-03,Sussex Police,Sussex Police,0.474390,50.983464,On or near Blenheim Court,E01021133,Rother 001B,Criminal damage and arson,Unable to prosecute suspect,
9b9a28124d5cfb12a9d14e5489b63ee19b303f79c5e8d4b782b4083bcb53b694,2017-03,Sussex Police,Sussex Police,0.472086,50.981138,On or near Heathfield Gardens,E01021133,Rother 001B,Vehicle crime,Investigation complete; no suspect identified,
f0e6923b279489903635c062601e68d4f6ec4f01c8005c655f65797b28127ebb,2017-03,Sussex Police,Sussex Police,0.473323,50.984305,On or near Willow Mews,E01021133,Rother 001B,Vehicle crime,Investigation complete; no suspect identified,
8f09c6b924f6b77a082e034be0dba245b8fa5a77cbd7c58fce053af8ce518763,2017-03,Sussex Police,Sussex Police,0.471623,50.985024,On or near Station Road,E01021133,Rother 001B,Violence and sexual offences,Unable to prosecute suspect,
656488f89a642167cef5394ecd3ecc69272db067af9ed6babdcc49ea6f6e6958,2017-03,Sussex Police,Sussex Police,0.474390,50.983464,On or near Blenheim Court,E01021133,Rother 001B,Violence and sexual offences,Unable to prosecute suspect,
4a3a8fa9db3c556ef9a179ea620ac04c210b8b744cbaa63c2d7c9509e8d5d836,2017-03,Sussex Police,Sussex Police,0.474390,50.983464,On or near Blenheim Court,E01021133,Rother 001B,Violence and sexual offences,Status update unavailable,
c1b78678341bc09169cc6a61940bf75fe2d9dc892c76334422c55f840cb19bfb,2017-03,Sussex Police,Sussex Police,0.473760,50.985024,On or near Parking Area,E01021133,Rother 001B,Violence and sexual offences,Unable to prosecute suspect,
e22f4b11b177cd35d97ee9fede15aaada0f2cba48e58cdbb6773c5d5680ede85,2017-03,Sussex Police,Sussex Police,0.474390,50.983464,On or near Blenheim Court,E01021133,Rother 001B,Violence and sexual offences,Unable to prosecute suspect,
554b1a1eb67e3b1f7d590d14c4232837e97827dbbe8c5775ce225ad153eb23f8,2017-03,Sussex Police,Sussex Police,0.474390,50.983464,On or near Blenheim Court,E01021133,Rother 001B,Violence and sexual offences,Unable to prosecute suspect,
218aeb2ae41f2a20594b911e01bfa4b30911a87cdd979a5819d5db8e936c85a0,2017-03,Sussex Police,Sussex Police,0.472086,50.981138,On or near Heathfield Gardens,E01021133,Rother 001B,Violence and sexual offences,Further investigation is not in the public interest,
6d07e3e7090fba29d4a8d7111a6344b52006675a1a5203e0cc1f345c8bb22b7f,2017-03,Sussex Police,Sussex Police,0.519735,50.999628,On or near Junction Road,E01021133,Rother 001B,Violence and sexual offences,Offender given conditional discharge,
,2017-03,Sussex Police,Sussex Police,0.469626,51.018263,On or near Macmichaels Way,E01021134,Rother 001C,Anti-social behaviour,,
,2017-03,Sussex Police,Sussex Police,0.457875,51.013376,On or near Haremere Hill,E01021134,Rother 001C,Anti-social behaviour,,
,2017-03,Sussex Police,Sussex Police,0.457875,51.013376,On or near Haremere Hill,E01021134,Rother 001C,Anti-social behaviour,,
,2017-03,Sussex Police,Sussex Police,0.457875,51.013376,On or near Haremere Hill,E01021134,Rother 001C,Anti-social behaviour,,
6fca38674aff4fc6e920358584756e86468f5d8af05566d2e1d75ab1b015d325,2017-03,Sussex Police,Sussex Police,0.457875,51.013376,On or near Haremere Hill,E01021134,Rother 001C,Criminal damage and arson,Further investigation is not in the public interest,
cd732aaa65ceb0fb988c30377ca42f294e16c3e316fb01ca0b60ba1b3684739d,2017-03,Sussex Police,Sussex Police,0.469626,51.018263,On or near Macmichaels Way,E01021134,Rother 001C,Public order,Offender fined,
f420dc2acf45d18d6e7e24ef82e97df8bdf3e2f584019f551338648825bbde32,2017-03,Sussex Police,Sussex Police,0.469626,51.018263,On or near Macmichaels Way,E01021134,Rother 001C,Violence and sexual offences,Unable to prosecute suspect,
a7eaced6eb2dbcc30bc72c9290096d7d5f412885ad7fe13d0b955e73f72a2dde,2017-03,Sussex Police,Sussex Police,0.414984,51.045947,On or near Acres Rise,E01021139,Rother 001D,Burglary,Investigation complete; no suspect identified,
5034b3b63ea1999b204fae75c0a17c5ba0838083f5974c537605900f2a30c3df,2017-03,Sussex Police,Sussex Police,0.428857,51.053394,On or near Clarks Yard,E01021139,Rother 001D,Possession of weapons,Unable to prosecute suspect,
5fa5f09fa5680518a6c13f94f39dd71b5f0d89197ae2a53556e1e9884d131ccf,2017-03,Sussex Police,Sussex Police,0.409254,51.045777,On or near St Mary'S Lane,E01021139,Rother 001D,Violence and sexual offences,Unable to prosecute suspect,
,2017-03,Sussex Police,Sussex Police,0.454588,51.052901,On or near Hawkhurst Road,E01021140,Rother 001E,Anti-social behaviour,,
,2017-03,Sussex Police,Sussex Police,0.414159,51.045451,On or near Reeves Terrace,E01021140,Rother 001E,Anti-social behaviour,,
,2017-03,Sussex Police,Sussex Police,0.398378,51.049563,On or near Hospital,E01021140,Rother 001E,Anti-social behaviour,,
e8b2492da31bd31fa2f04b4fd65ef441b51042e4dfee2b37295ea1a2fd5aecce,2017-03,Sussex Police,Sussex Police,0.398378,51.049563,On or near Hospital,E01021140,Rother 001E,Burglary,Investigation complete; no suspect identified,
087d5f3987a954966a0384d9cbed6478f4e856820f242421b1128dda7dbef1e7,2017-03,Sussex Police,Sussex Police,0.407403,51.044188,On or near Eden Court,E01021140,Rother 001E,Burglary,Investigation complete; no suspect identified,
59f943c712cda734d0edca292b8c0211b5caaa473c2406febe780ca1a11929ab,2017-03,Sussex Police,Sussex Police,0.398378,51.049563,On or near Hospital,E01021140,Rother 001E,Criminal damage and arson,Unable to prosecute suspect,
f683475ed187894fed8e32f9a20ce67fb252f428deb3fc51518317c70e612fcb,2017-03,Sussex Police,Sussex Police,0.398378,51.049563,On or near Hospital,E01021140,Rother 001E,Public order,Investigation complete; no suspect identified,
6ce755ee79b9af4f4534b3b2eb9bdd829ba6fbb72ba4913caddf1721b2b30d7a,2017-03,Sussex Police,Sussex Police,0.436085,51.055168,On or near Old Wardsdown,E01021140,Rother 001E,Public order,Unable to prosecute suspect,
19831a5c3195217754d7de4a368c2b11ab01f94084b16a4f72c7a747ca1bd8c3,2017-03,Sussex Police,Sussex Police,0.454588,51.052901,On or near Hawkhurst Road,E01021140,Rother 001E,Vehicle crime,Investigation complete; no suspect identified,
e4df303476bcad70400bb85c48eff4a9663fae6241126b7017c7615a2ce1143d,2017-03,Sussex Police,Sussex Police,0.398378,51.049563,On or near Hospital,E01021140,Rother 001E,Violence and sexual offences,Unable to prosecute suspect,
b70a66d3d2a9d697f8970b27e65a978e87016cedaec75cd6783c15929a6bafb9,2017-03,Sussex Police,Sussex Police,0.398378,51.049563,On or near Hospital,E01021140,Rother 001E,Violence and sexual offences,Further investigation is not in the public interest,
4870c02e4b40b94b6d84ccee65aca02bf65f93c4172f4c400975205e3b02b851,2017-03,Sussex Police,Sussex Police,0.398378,51.049563,On or near Hospital,E01021140,Rother 001E,Violence and sexual offences,Further investigation is not in the public interest,
55607dc4fdb0a2d8efd3f793e1d0965f2c5dfbec49a633528949872bce7267af,2017-03,Sussex Police,Sussex Police,0.398378,51.049563,On or near Hospital,E01021140,Rother 001E,Violence and sexual offences,Further investigation is not in the public interest,
568fda7e0770333129d12c4b8cf8fe7c045165c8c7e3f03fd7bc2b9179787638,2017-03,Sussex Police,Sussex Police,0.398378,51.049563,On or near Hospital,E01021140,Rother 001E,Violence and sexual offences,Investigation complete; no suspect identified,
70d0e89276fc1613a491ddbacc76cf611b8753ec073aec4c2b085bd83985eb4d,2017-03,Sussex Police,Sussex Police,0.398378,51.049563,On or near Hospital,E01021140,Rother 001E,Violence and sexual offences,Investigation complete; no suspect identified,
7b23d438c5462a86992a4cb5c72bafa20f284abcf949a77cb4e2030555a4de4f,2017-03,Sussex Police,Sussex Police,0.398378,51.049563,On or near Hospital,E01021140,Rother 001E,Violence and sexual offences,Local resolution,
9600c7285d8a5cdac9a1cbb95ca9b21ff1e9f12cc358fecf48a13a373f1b05c7,2017-03,Sussex Police,Sussex Police,0.398378,51.049563,On or near Hospital,E01021140,Rother 001E,Violence and sexual offences,Action to be taken by another organisation,
,2017-03,Sussex Police,Sussex Police,0.415197,51.023988,On or near Sheepstreet Lane,E01021141,Rother 001F,Anti-social behaviour,,
f95ffb789d1f2976880cd248c49caa0448ee5499578829c42c7b93ed3030133f,2017-03,Sussex Police,Sussex Police,0.382956,51.039050,On or near Lymden Lane,E01021141,Rother 001F,Burglary,Investigation complete; no suspect identified,
c4ff44410a13cee215a122a91da6eee9f34763f49cdc91b0194254a21ad3b3a0,2017-03,Sussex Police,Sussex Police,0.435666,51.014543,On or near Church Hill,E01021141,Rother 001F,Vehicle crime,Investigation complete; no suspect identified,
ae70e41ce479c9440ba13864ee48a4d0c37bbfe86e0c1a87c1e68ec204731b7e,2017-03,Sussex Police,Sussex Police,0.789303,50.937356,On or near Sandy Way,E01021103,Rother 002A,Burglary,Investigation complete; no suspect identified,
cedfdc9d5d727e11c367c9490e58bec1fcabc4dfd6c984f43ed545599bfb026b,2017-03,Sussex Police,Sussex Police,0.804669,50.932958,On or near Pelwood Road,E01021103,Rother 002A,Burglary,Status update unavailable,
31916a64d92a8fa7f6251259fa7dcd42174921fb2389bc81cc1530b0033e7cda,2017-03,Sussex Police,Sussex Police,0.804669,50.932958,On or near Pelwood Road,E01021103,Rother 002A,Burglary,Investigation complete; no suspect identified,
7d7065b46a13b2ee59370b502b2f15241d42f694363f2d949130a6d5a132c696,2017-03,Sussex Police,Sussex Police,0.804669,50.932958,On or near Pelwood Road,E01021103,Rother 002A,Other theft,Investigation complete; no suspect identified,
2d0e2d446469814a23a7012f94d27924c2b66d0d813891a2d5435c9b65ed8935,2017-03,Sussex Police,Sussex Police,0.790634,50.937954,On or near Baker Way,E01021103,Rother 002A,Vehicle crime,Investigation complete; no suspect identified,
4a99bac87eb0baf182e1b74ba7806f3926383d1da18b8c406a7fcfd2a512461f,2017-03,Sussex Police,Sussex Police,0.795857,50.934833,On or near Dunes Avenue,E01021103,Rother 002A,Violence and sexual offences,Unable to prosecute suspect,
9bfdc26c8a856e2d091b8ed3185d155d4af9bfcf33dceea2d714a8613f890fcf,2017-03,Sussex Police,Sussex Police,0.795857,50.934833,On or near Dunes Avenue,E01021103,Rother 002A,Violence and sexual offences,Unable to prosecute suspect,
fe54d871c037b6295526ee12e12aea925f0f26596977f4992781af5f302c10e9,2017-03,Sussex Police,Sussex Police,0.804669,50.932958,On or near Pelwood Road,E01021103,Rother 002A,Violence and sexual offences,Unable to prosecute suspect,
ff1b9021593e63afa9ebea355e3dea9cbec4bbd1ca9022b930bdca25ca7d7674,2017-03,Sussex Police,Sussex Police,0.729738,50.993351,On or near Wittersham Road,E01021103,Rother 002A,Violence and sexual offences,Unable to prosecute suspect,
42d36d83563d75758135cff96dd60c2f3204df57cea54459344f2bff7d3d283f,2017-03,Sussex Police,Sussex Police,0.804669,50.932958,On or near Pelwood Road,E01021103,Rother 002A,Violence and sexual offences,Unable to prosecute suspect,
f1e5d4c134b60000083301ce02d3a25ca862d49ace6f976141c11ca146995606,2017-03,Sussex Police,Sussex Police,0.729738,50.993351,On or near Wittersham Road,E01021103,Rother 002A,Other crime,Unable to prosecute suspect,
,2017-03,Sussex Police,Sussex Police,0.651562,50.989046,On or near Hobbs Close,E01021114,Rother 002B,Anti-social behaviour,,
,2017-03,Sussex Police,Sussex Police,0.639814,50.980156,On or near King'S Bank Lane,E01021114,Rother 002B,Anti-social behaviour,,
,2017-03,Sussex Police,Sussex Police,0.602036,50.999136,On or near Coplands Rise,E01021114,Rother 002B,Anti-social behaviour,,
3a3b1e1b6214ebfba6744af9bbc4810d6db4320d0ce5153ad65ec0e85ada01e3,2017-03,Sussex Police,Sussex Police,0.601780,50.999906,On or near Dixter Lane,E01021114,Rother 002B,Burglary,Investigation complete; no suspect identified,
34e7972b067216323c374f73ae9a7a2d20f9f1906e4a32a8dba4eb86f4f1ae16,2017-03,Sussex Police,Sussex Police,0.613162,51.003852,On or near Coppards Lane,E01021114,Rother 002B,Burglary,Investigation complete; no suspect identified,
95e217068dc250bab040716254104abaefb5fa61c05add2bde81fbdb6d52bb77,2017-03,Sussex Police,Sussex Police,0.605290,50.999216,On or near Ghyll Side Road,E01021114,Rother 002B,Other theft,Investigation complete; no suspect identified,
4873c13f29d4a2a2e40ef0844ec5d5888a5895f60cf03167fe495193e188ef15,2017-03,Sussex Police,Sussex Police,0.651562,50.989046,On or near Hobbs Close,E01021114,Rother 002B,Violence and sexual offences,Awaiting court outcome,
7e0787c4768f3c8f402b04d22180d8826b6f28881b97960073adb6de5e2cd3a3,2017-03,Sussex Police,Sussex Police,0.607109,50.989966,On or near Hayes Plat,E01021115,Rother 002C,Burglary,Investigation complete; no suspect identified,
4c2d4de2454799f56f18e910d9905eb19b63cc147acee426560e911f683901af,2017-03,Sussex Police,Sussex Police,0.600183,50.997351,On or near Shaws Corner,E01021115,Rother 002C,Shoplifting,Unable to prosecute suspect,
b4d7df37d5b4c9242a2be7a31fb667c7d250cc16aacec178a02885dc7fc11d12,2017-03,Sussex Police,Sussex Police,0.655442,50.982626,On or near A268,E01021115,Rother 002C,Other crime,Status update unavailable,
,2017-03,Sussex Police,Sussex Police,0.691194,50.972057,On or near Woodlands Close,E01021116,Rother 002D,Anti-social behaviour,,
73ebdb471311c90dca674caba72f0bab2d738648c9526a07036a1c32cfa5cb07,2017-03,Sussex Police,Sussex Police,0.731699,50.960008,On or near Hillcrest,E01021116,Rother 002D,Burglary,Investigation complete; no suspect identified,
c5355b553293964ad1ba7a0770602d3839d4224d30385afad0b99eec1c6dfb86,2017-03,Sussex Police,Sussex Police,0.688588,50.971344,On or near Park View,E01021116,Rother 002D,Other theft,Investigation complete; no suspect identified,
52ea5220407376bda270f0dd21f41e9a113a4d0c8f403cc89274af4e53e49080,2017-03,Sussex Police,Sussex Police,0.688619,50.973852,On or near Malthouse Lane,E01021116,Rother 002D,Public order,Unable to prosecute suspect,
49e229a28cd1a58abdc80c1874013bc706dcd009e52047828508ff7e844e978f,2017-03,Sussex Police,Sussex Police,0.691194,50.972057,On or near Woodlands Close,E01021116,Rother 002D,Public order,Status update unavailable,
06bed1358377318efeab443ff7c0deec468d308849e5629c9934fcf70354a95e,2017-03,Sussex Police,Sussex Police,0.688588,50.971344,On or near Park View,E01021116,Rother 002D,Violence and sexual offences,Unable to prosecute suspect,
2da4678700d7eed2960a8e55014d8fde44b371c61c5d52efcc066e70f8dbd191,2017-03,Sussex Police,Sussex Police,0.383980,50.997289,On or near High Street,E01021098,Rother 003A,Criminal damage and arson,Investigation complete; no suspect identified,
b853fafaa3cc435cadd37f3bc71b780e040070caa22c6960685ed99b12daf062,2017-03,Sussex Police,Sussex Police,0.388986,51.001242,On or near Rosemary Gardens,E01021098,Rother 003A,Criminal damage and arson,Unable to prosecute suspect,
86fe27ebe6a0f076739d59b1ba90af73a426dca31f1fc28f6c81769980b628f6,2017-03,Sussex Police,Sussex Police,0.388986,51.001242,On or near Rosemary Gardens,E01021098,Rother 003A,Public order,Unable to prosecute suspect,
c98ef5df2f2735c493bf86cd58a07a7b28572afedd99af8fcf363ffad683143f,2017-03,Sussex Police,Sussex Police,0.396585,51.007077,On or near Shrub Lane,E01021098,Rother 003A,Public order,Status update unavailable,
f2c2d32b7f4d44b389be903ea72787671040c290fb54bf7673aeffcfa060ed54,2017-03,Sussex Police,Sussex Police,0.396585,51.007077,On or near Shrub Lane,E01021098,Rother 003A,Violence and sexual offences,Investigation complete; no suspect identified,
2dc5b6ff1c104bf9300abcb843f574be9f1fc12d2f666fe5b1f29d46faafe18b,2017-03,Sussex Police,Sussex Police,0.383980,50.997289,On or near High Street,E01021098,Rother 003A,Violence and sexual offences,Status update unavailable,
,2017-03,Sussex Police,Sussex Police,0.374183,50.950819,On or near Sports/Recreation Area,E01021099,Rother 003B,Anti-social behaviour,,
,2017-03,Sussex Police,Sussex Police,0.359173,50.978869,On or near Willingford Lane,E01021099,Rother 003B,Anti-social behaviour,,
d7cf9d20d14c01cf63e6a1c3f02c6b54321ddfa03a63ec4e8aacd802190b01ac,2017-03,Sussex Police,Sussex Police,0.399669,50.947213,On or near B2096,E01021099,Rother 003B,Burglary,Investigation complete; no suspect identified,
15cb2ec817588d2da342738ce4c4c7bfe7badc8eb9148c480f9b88c8342f6a42,2017-03,Sussex Police,Sussex Police,0.336277,50.987640,On or near Sports/Recreation Area,E01021099,Rother 003B,Burglary,Investigation complete; no suspect identified,
c52a723b3c1ef270851b8ec3b096bc706cc8fa08bac45c2f4f0e056fa8911d50,2017-03,Sussex Police,Sussex Police,0.363353,51.004516,On or near Spring Lane,E01021099,Rother 003B,Burglary,Investigation complete; no suspect identified,
923916c033e93922fdf7480ccf3fea886108c9203fbbb825eacb638247c941db,2017-03,Sussex Police,Sussex Police,0.345586,50.983766,On or near Foots Lane,E01021099,Rother 003B,Criminal damage and arson,Unable to prosecute suspect,
78d92392703c2b20947912ead71364132c8bd7c48807e16ccfb2cccedc9a94f7,2017-03,Sussex Police,Sussex Police,0.361842,50.950898,On or near B2096,E01021099,Rother 003B,Public order,Unable to prosecute suspect,
b4325291349c855d480f3b4d42378a59efc4bf7e09581e0db801afb7961aa362,2017-03,Sussex Police,Sussex Police,0.361842,50.950898,On or near B2096,E01021099,Rother 003B,Violence and sexual offences,Unable to prosecute suspect,
4f69e4b8ec4ecd03a6a23246e4324ab66b2c42ef3734bc043bcdeca8141db48d,2017-03,Sussex Police,Sussex Police,0.361842,50.950898,On or near B2096,E01021099,Rother 003B,Violence and sexual offences,Investigation complete; no suspect identified,
,2017-03,Sussex Police,Sussex Police,0.499404,50.955238,On or near Vinehall Road,E01021100,Rother 003C,Anti-social behaviour,,
,2017-03,Sussex Police,Sussex Police,0.433651,50.943910,On or near Darvel Down,E01021100,Rother 003C,Anti-social behaviour,,
,2017-03,Sussex Police,Sussex Police,0.503447,50.937191,On or near Whatlington Road,E01021100,Rother 003C,Anti-social behaviour,,
407bdd95782cb40ae00b8ef10df924e38f79068eb8b6b1365e29aacaa51e8f0f,2017-03,Sussex Police,Sussex Police,0.446719,50.942270,On or near Netherfield Way,E01021100,Rother 003C,Burglary,Investigation complete; no suspect identified,
c5e71a4c1889e232ae3576d280029630c0e866aa4efa26d5de5171c1a57706eb,2017-03,Sussex Police,Sussex Police,0.503447,50.937191,On or near Whatlington Road,E01021100,Rother 003C,Criminal damage and arson,Investigation complete; no suspect identified,
7b21fa15dd04f7497059c6fb5723d461478df5e658872e04173358d447591409,2017-03,Sussex Police,Sussex Police,0.503447,50.937191,On or near Whatlington Road,E01021100,Rother 003C,Criminal damage and arson,Investigation complete; no suspect identified,
f98f000325f9011c8ddd816d011b29e1b7260e8407ee94b1aa9d4ada64b27e96,2017-03,Sussex Police,Sussex Police,0.504622,50.952959,On or near Park Lane,E01021100,Rother 003C,Other theft,Unable to prosecute suspect,
,2017-03,Sussex Police,Sussex Police,0.553895,50.964492,On or near Ellenwhorne Lane,E01021104,Rother 003D,Anti-social behaviour,,
,2017-03,Sussex Police,Sussex Police,0.539196,50.974661,On or near Sports/Recreation Area,E01021104,Rother 003D,Anti-social behaviour,,
feaa9823f16553259e8a3fc6e20f2fc03e19aa18f5bd675cfaa9a277fd2c91db,2017-03,Sussex Police,Sussex Police,0.547631,50.974693,On or near Northam Road,E01021104,Rother 003D,Burglary,Investigation complete; no suspect identified,
e5d035fea4de7f8d534fc6d619afaebda35771156a9fa85148a9b0843b7bfaa6,2017-03,Sussex Police,Sussex Police,0.536853,50.972976,On or near The Tollgate,E01021104,Rother 003D,Criminal damage and arson,Investigation complete; no suspect identified,
ceddff0534e52377073b7a7912507e61a3c6399f61c1a7106670dabd80f331b6,2017-03,Sussex Police,Sussex Police,0.521192,50.976284,On or near Junction Road,E01021104,Rother 003D,Criminal damage and arson,Investigation complete; no suspect identified,
37a2c83ee32003e24d1a09feab0dc3d57d3b43d95245a7f8d6a8d95b611a78b6,2017-03,Sussex Police,Sussex Police,0.563753,50.980034,On or near Sempstead Lane,E01021104,Rother 003D,Violence and sexual offences,Investigation complete; no suspect identified,
1c7fae7549c0bb18c6b4c81efde3ace5fe3698abf50f9dc0b0648e680b6e4086,2017-03,Sussex Police,Sussex Police,0.553895,50.964492,On or near Ellenwhorne Lane,E01021104,Rother 003D,Violence and sexual offences,Unable to prosecute suspect,
fd6ad16a6ae84e76f49e11b92c95c71644fbc414a52253d102622c573cf3e844,2017-03,Sussex Police,Sussex Police,0.535033,50.934575,On or near Parking Area,E01021105,Rother 003E,Criminal damage and arson,Investigation complete; no suspect identified,
70a4fce07437cad483e92d8cf6a7541d8c63c6e4e34f4e95e00666d4f14fc2e5,2017-03,Sussex Police,Sussex Police,0.534662,50.925139,On or near Crazy Lane,E01021105,Rother 003E,Shoplifting,Investigation complete; no suspect identified,
3c46ef583670cfbf076eb7ee27bab8b7b5368d41947afbcf8894ec849b4f1f83,2017-03,Sussex Police,Sussex Police,0.541690,50.935806,On or near East View Terrace,E01021105,Rother 003E,Violence and sexual offences,Unable to prosecute suspect,
,2017-03,Sussex Police,Sussex Police,0.665091,50.917467,On or near High Fords Close,E01021101,Rother 004A,Anti-social behaviour,,
,2017-03,Sussex Police,Sussex Police,0.663892,50.916154,On or near Goldhurst Green,E01021101,Rother 004A,Anti-social behaviour,,
ae8c7ca910960bd6806579704b222197572c8625d9fbe292628d218f4dd41683,2017-03,Sussex Police,Sussex Police,0.640211,50.913301,On or near Main Road,E01021101,Rother 004A,Criminal damage and arson,Investigation complete; no suspect identified,
d4bc7775f67e441965801939289d93cb7822e26960b5ebeb6813bf8fdd6466ed,2017-03,Sussex Police,Sussex Police,0.665091,50.917467,On or near High Fords Close,E01021101,Rother 004A,Other theft,Investigation complete; no suspect identified,
bdfb4dd1e16105ddd6640e1f6b5dcf157f4260aeb948fba0bbe50a19a716175e,2017-03,Sussex Police,Sussex Police,0.709254,50.923052,On or near Friars Road,E01021101,Rother 004A,Public order,Further investigation is not in the public interest,
d96af012256efc34c309955bc5fa12273d126d7610bec1f6d2b77ab4755b2fca,2017-03,Sussex Police,Sussex Police,0.725069,50.920219,On or near Greyfriars Place,E01021101,Rother 004A,Vehicle crime,Investigation complete; no suspect identified,
4fd2e4fd769c4414f4e46457f7115bbae09adc59a5dccb1985f77dcbbf6b3256,2017-03,Sussex Police,Sussex Police,0.663892,50.916154,On or near Goldhurst Green,E01021101,Rother 004A,Vehicle crime,Investigation complete; no suspect identified,
355f713cb35f906dbc4584d8b8afa099091e0c1249e352a327a56d04f453bde5,2017-03,Sussex Police,Sussex Police,0.640211,50.913301,On or near Main Road,E01021101,Rother 004A,Violence and sexual offences,Unable to prosecute suspect,
390e5efc4346e233227d23dd56dc751d2b96d9742bae2048a79d5efb5502ca13,2017-03,Sussex Police,Sussex Police,0.663892,50.916154,On or near Goldhurst Green,E01021101,Rother 004A,Violence and sexual offences,Investigation complete; no suspect identified,
24f85c84a45a0b589f21dd1abc70f3d3b12c30e5ebd4408f02ddaa944fb9e20a,2017-03,Sussex Police,Sussex Police,0.663892,50.916154,On or near Goldhurst Green,E01021101,Rother 004A,Violence and sexual offences,Unable to prosecute suspect,
5c7e55da86c563877646ecc7b25b825448907a734c7b319933f2b55c569df36d,2017-03,Sussex Police,Sussex Police,0.726148,50.923099,On or near Old River Way,E01021101,Rother 004A,Violence and sexual offences,Investigation complete; no suspect identified,
,2017-03,Sussex Police,Sussex Police,0.723238,50.916151,On or near Supermarket,E01021102,Rother 004B,Anti-social behaviour,,
,2017-03,Sussex Police,Sussex Police,0.723238,50.916151,On or near Supermarket,E01021102,Rother 004B,Anti-social behaviour,,
60cdc02d54a6aba760426220e1cfaef3792873a61424ece2b1b7b48204f6731c,2017-03,Sussex Police,Sussex Police,0.720016,50.912143,On or near Windsor Way,E01021102,Rother 004B,Burglary,Unable to prosecute suspect,
d626c6a5a3470c1d49eb8b6bd0f6319dec91bd8c99c2d9999d4fe3c88757dd7c,2017-03,Sussex Police,Sussex Police,0.720016,50.912143,On or near Windsor Way,E01021102,Rother 004B,Burglary,Court result unavailable,
826476228ed186b985857b96a4b25cd75f3ddf2641e96d69aabee258917b91aa,2017-03,Sussex Police,Sussex Police,0.761024,50.937219,On or near Tram Road,E01021102,Rother 004B,Criminal damage and arson,Investigation complete; no suspect identified,
39644e02e0606638d6775b8bd4696e74e706fa1a99a2d9cba9c12aaf358500bf,2017-03,Sussex Police,Sussex Police,0.762074,50.938597,On or near Mary Stanford Green,E01021102,Rother 004B,Criminal damage and arson,Local resolution,
db2316ce45ebe7ce92c6f8223d74b8d10cbc5ba53c5840bc13df044ea618e40f,2017-03,Sussex Police,Sussex Police,0.762074,50.938597,On or near Mary Stanford Green,E01021102,Rother 004B,Criminal damage and arson,Local resolution,
104f3c23030f41c1a0530e9788c1ad43dd3bf6a7cb4cfbd1ab4a84ab315e1b8d,2017-03,Sussex Police,Sussex Police,0.761024,50.937219,On or near Tram Road,E01021102,Rother 004B,Other theft,Unable to prosecute suspect,
9f845beed21a0d22664b63dbb26ed03245f62d46110f14ca1faecd0701e6222d,2017-03,Sussex Police,Sussex Police,0.731791,50.917390,On or near The Ridge,E01021102,Rother 004B,Public order,Investigation complete; no suspect identified,
adbb153b3fe323106185ed92c759855a23aa0ae0984de61301f5fd1bae9d5f2f,2017-03,Sussex Police,Sussex Police,0.723238,50.916151,On or near Supermarket,E01021102,Rother 004B,Shoplifting,Unable to prosecute suspect,
33277685703b829347bd49c667603ad6d5b92dceff00a52d327c929ea7759a05,2017-03,Sussex Police,Sussex Police,0.723238,50.916151,On or near Supermarket,E01021102,Rother 004B,Shoplifting,Unable to prosecute suspect,
f5f0e58afea5808571993e62c30dff2a97c2b49f275721f52d7d4885923e7cfe,2017-03,Sussex Police,Sussex Police,0.723238,50.916151,On or near Supermarket,E01021102,Rother 004B,Shoplifting,Unable to prosecute suspect,
4275cc03551c30af769543f759a5bbfd4d4f200edfe1a353b43151daa4aee238,2017-03,Sussex Police,Sussex Police,0.792328,50.935575,On or near Peter James Close,E01021102,Rother 004B,Violence and sexual offences,Unable to prosecute suspect,
707a72cfaf8c162ad1a1dafb94ff85e856f3df4c5a135021caa9130ffee89bf0,2017-03,Sussex Police,Sussex Police,0.724725,50.917736,On or near Willow Lane,E01021102,Rother 004B,Violence and sexual offences,Unable to prosecute suspect,
3c6f75a0cf8c0f819ffb088ebcf628b3739a00139b25b442765a007296e51d69,2017-03,Sussex Police,Sussex Police,0.720510,50.913292,On or near Victoria Way,E01021102,Rother 004B,Violence and sexual offences,Awaiting court outcome,
,2017-03,Sussex Police,Sussex Police,0.738212,50.957670,On or near Military Road,E01021117,Rother 004C,Anti-social behaviour,,
,2017-03,Sussex Police,Sussex Police,0.737280,50.956109,On or near North Salts,E01021117,Rother 004C,Anti-social behaviour,,
,2017-03,Sussex Police,Sussex Police,0.735575,50.951571,On or near Fishmarket Road,E01021117,Rother 004C,Anti-social behaviour,,
,2017-03,Sussex Police,Sussex Police,0.735286,50.953439,On or near Landgate,E01021117,Rother 004C,Anti-social behaviour,,
,2017-03,Sussex Police,Sussex Police,0.734313,50.948992,On or near South Undercliff,E01021117,Rother 004C,Anti-social behaviour,,
,2017-03,Sussex Police,Sussex Police,0.733967,50.953524,On or near Eagle Road,E01021117,Rother 004C,Anti-social behaviour,,
,2017-03,Sussex Police,Sussex Police,0.733887,50.950711,On or near Lion Street,E01021117,Rother 004C,Anti-social behaviour,,
,2017-03,Sussex Police,Sussex Police,0.730939,50.955313,On or near Love Lane,E01021117,Rother 004C,Anti-social behaviour,,
,2017-03,Sussex Police,Sussex Police,0.730939,50.955313,On or near Love Lane,E01021117,Rother 004C,Anti-social behaviour,,
773538e33e813879c42c4112b150c352b1a54e4523280f90b1aa6d2b15b6e744,2017-03,Sussex Police,Sussex Police,0.730939,50.955313,On or near Love Lane,E01021117,Rother 004C,Burglary,Investigation complete; no suspect identified,
2b8c0f168d34c9c67acf8f80257dd092dde3e5cf31a02f49bed154a636374c2d,2017-03,Sussex Police,Sussex Police,0.736035,50.953089,On or near Petrol Station,E01021117,Rother 004C,Burglary,Investigation complete; no suspect identified,
a2c934cbaa23b801aa4f7d583b8436f841ad252a8213703b726da05ae897d9ed,2017-03,Sussex Police,Sussex Police,0.731973,50.951583,On or near Cinque Ports Street,E01021117,Rother 004C,Criminal damage and arson,Further investigation is not in the public interest,
c69134bf53a268267dffa3f31e6cb7ddcfec88b0db9b30a874f8c5182aed8858,2017-03,Sussex Police,Sussex Police,0.731973,50.951583,On or near Cinque Ports Street,E01021117,Rother 004C,Criminal damage and arson,Unable to prosecute suspect,
d03fec250ca123b9dc11114da08ea5ed264e09d854c4cb2b9317fa046e031513,2017-03,Sussex Police,Sussex Police,0.733309,50.951048,On or near High Street,E01021117,Rother 004C,Criminal damage and arson,Investigation complete; no suspect identified,
f2c5cb262466bf134a31fcb3fc1f062fe290c64d2e3b08a641b7e0e4571b14c1,2017-03,Sussex Police,Sussex Police,0.736035,50.953089,On or near Petrol Station,E01021117,Rother 004C,Other theft,Investigation complete; no suspect identified,
e9d6292deead2eb657e88de8a71b6ee2078d428b48d9685f831b037863469ff6,2017-03,Sussex Police,Sussex Police,0.736035,50.953089,On or near Petrol Station,E01021117,Rother 004C,Shoplifting,Unable to prosecute suspect,
7fd80c72bc6c14b6c5235811d5af373ace9e1385782f76d304cd0d1567798e3b,2017-03,Sussex Police,Sussex Police,0.733350,50.952963,On or near Parking Area,E01021117,Rother 004C,Shoplifting,Offender given conditional discharge,
61ea530b1a4e06db9fd811cce016a807a943a748b971b58a081f55466799b6b3,2017-03,Sussex Police,Sussex Police,0.733117,50.954812,On or near The Grove,E01021117,Rother 004C,Violence and sexual offences,Investigation complete; no suspect identified,
d238d609abd2c0de4b62325bcbeb5bc09f496344c9a8f01d374663a64c50024a,2017-03,Sussex Police,Sussex Police,0.731973,50.951583,On or near Cinque Ports Street,E01021117,Rother 004C,Violence and sexual offences,Unable to prosecute suspect,
dba8fb0941b351b0983cab1071ae15c344c19ab12f7cfb86ac9f5a4caaa2c235,2017-03,Sussex Police,Sussex Police,0.735930,50.953487,On or near Fishmarket Road,E01021117,Rother 004C,Violence and sexual offences,Unable to prosecute suspect,
f1f5a8b3abbcb4638d4bcfd3f0050b57ae32747bc5263a4a4b121c71385c842c,2017-03,Sussex Police,Sussex Police,0.733350,50.952963,On or near Parking Area,E01021117,Rother 004C,Violence and sexual offences,Investigation complete; no suspect identified,
,2017-03,Sussex Police,Sussex Police,0.734476,50.949824,On or near Church Square,E01021118,Rother 004D,Anti-social behaviour,,
,2017-03,Sussex Police,Sussex Police,0.734476,50.949824,On or near Church Square,E01021118,Rother 004D,Anti-social behaviour,,
,2017-03,Sussex Police,Sussex Police,0.731842,50.949337,On or near Watchbell Lane,E01021118,Rother 004D,Anti-social behaviour,,
,2017-03,Sussex Police,Sussex Police,0.727704,50.951629,On or near Ferry Road,E01021118,Rother 004D,Anti-social behaviour,,
,2017-03,Sussex Police,Sussex Police,0.724062,50.950221,On or near Ashenden Avenue,E01021118,Rother 004D,Anti-social behaviour,,
,2017-03,Sussex Police,Sussex Police,0.715785,50.946483,On or near Oast House Drive,E01021118,Rother 004D,Anti-social behaviour,,
dccce30d2e6e099307d5a002f087e978c4ad7c346aa12dab7a13c9d3490fd4f5,2017-03,Sussex Police,Sussex Police,0.729926,50.951145,On or near Ferry Road,E01021118,Rother 004D,Burglary,Investigation complete; no suspect identified,
8ff0e8af13f597e6fb40cdc58735f3af4ad6c11a573d90494eb94176c7570b34,2017-03,Sussex Police,Sussex Police,0.718603,50.948657,On or near Udimore Road,E01021118,Rother 004D,Drugs,Awaiting court outcome,
5aef15aae74b187370be198690a5ba56c54d4dbce9c2b7a2f7aec323f918bb72,2017-03,Sussex Police,Sussex Police,0.729926,50.951145,On or near Ferry Road,E01021118,Rother 004D,Public order,Further investigation is not in the public interest,
195996d321e174f69f52e2bc01e001bd7ef7cb712cf884420d24d80e37fb9bb8,2017-03,Sussex Police,Sussex Police,0.718603,50.948657,On or near Udimore Road,E01021118,Rother 004D,Violence and sexual offences,Offender given a caution,
7710a63f8c1fe677db13b4b9a884f7a34a5434e8077cdde7dd665af33ceaf3db,2017-03,Sussex Police,Sussex Police,0.721808,50.949662,On or near West Undercliff,E01021118,Rother 004D,Violence and sexual offences,Unable to prosecute suspect,
,2017-03,Sussex Police,Sussex Police,0.724059,50.953099,On or near Nutley Close,E01021119,Rother 004E,Anti-social behaviour,,
,2017-03,Sussex Police,Sussex Police,0.722255,50.954140,On or near Pottingfield Road,E01021119,Rother 004E,Anti-social behaviour,,
fee968036cbbe45904d3b6b4e376b1cf0de540f494b4235468696f3f79656226,2017-03,Sussex Police,Sussex Police,0.722964,50.953601,On or near Ferring Close,E01021119,Rother 004E,Criminal damage and arson,Further investigation is not in the public interest,
252c89d291b61f0a0a252c23fc3108c766277f325a354de0562b33b6524cbb3d,2017-03,Sussex Police,Sussex Police,0.722844,50.952030,On or near Mason Road,E01021119,Rother 004E,Robbery,Unable to prosecute suspect,
00cde8e10712966cbf64f98cc3c128f18898420073b155a1ec7222ab17816f7b,2017-03,Sussex Police,Sussex Police,0.724059,50.953099,On or near Nutley Close,E01021119,Rother 004E,Vehicle crime,Investigation complete; no suspect identified,
4378a27ddca2fc71daa920beba04bbe07795aaf2e6d24688948bdc2a2a5e3edb,2017-03,Sussex Police,Sussex Police,0.722255,50.954140,On or near Pottingfield Road,E01021119,Rother 004E,Violence and sexual offences,Further investigation is not in the public interest,
e7a5a7b8d5260eb126ede1350bc022afeb9a2d0ba1030bd1d952d7867136de59,2017-03,Sussex Police,Sussex Police,0.721319,50.952012,On or near Cooper Road,E01021119,Rother 004E,Violence and sexual offences,Unable to prosecute suspect,
45fe7d150d8a0c1ceecd96e173b7042a9d672e3a408c510441d719eceb805772,2017-03,Sussex Police,Sussex Police,0.722255,50.954140,On or near Pottingfield Road,E01021119,Rother 004E,Violence and sexual offences,Unable to prosecute suspect,
,2017-03,Sussex Police,Sussex Police,0.587393,50.920124,On or near A28,E01021087,Rother 005A,Anti-social behaviour,,
,2017-03,Sussex Police,Sussex Police,0.582837,50.895922,On or near Stonestile Lane,E01021087,Rother 005A,Anti-social behaviour,,
,2017-03,Sussex Police,Sussex Police,0.572543,50.900089,On or near Westfield Lane,E01021087,Rother 005A,Anti-social behaviour,,
64857f61ec97685c86efcce5657936c25fcc7d97aaa291ce7fdab5ae4388f988,2017-03,Sussex Police,Sussex Police,0.582837,50.895922,On or near Stonestile Lane,E01021087,Rother 005A,Criminal damage and arson,Unable to prosecute suspect,
d3a149bcfff90b6f40e1ead71a6965c8b73986c15d242798eece70747d7113e5,2017-03,Sussex Police,Sussex Police,0.563233,50.896318,On or near Baldslow Down,E01021087,Rother 005A,Violence and sexual offences,Further investigation is not in the public interest,
1987056db7aa4e691baf5e0438bd9a97cd61820a0c73c749d93133a87a3be916,2017-03,Sussex Police,Sussex Police,0.565700,50.926449,On or near Cottage Lane,E01021087,Rother 005A,Other crime,Investigation complete; no suspect identified,
4e0bf65b7d016e9adc3e0809ad10ed6d0979d39ff4fed96e953b675b706b0d6c,2017-03,Sussex Police,Sussex Police,0.596892,50.950151,On or near The Hawthornes,E01021088,Rother 005B,Burglary,Investigation complete; no suspect identified,
,2017-03,Sussex Police,Sussex Police,0.578675,50.907581,On or near Goulds Drive,E01021089,Rother 005C,Anti-social behaviour,,
,2017-03,Sussex Police,Sussex Police,0.578675,50.907581,On or near Goulds Drive,E01021089,Rother 005C,Anti-social behaviour,,
,2017-03,Sussex Police,Sussex Police,0.578675,50.907581,On or near Goulds Drive,E01021089,Rother 005C,Anti-social behaviour,,
,2017-03,Sussex Police,Sussex Police,0.577419,50.909569,On or near Moor Lane,E01021089,Rother 005C,Anti-social behaviour,,
,2017-03,Sussex Police,Sussex Police,0.578675,50.907581,On or near Goulds Drive,E01021089,Rother 005C,Anti-social behaviour,,
,2017-03,Sussex Police,Sussex Police,0.578675,50.907581,On or near Goulds Drive,E01021089,Rother 005C,Anti-social behaviour,,
,2017-03,Sussex Police,Sussex Police,0.575750,50.908725,On or near Heathlands,E01021089,Rother 005C,Anti-social behaviour,,
,2017-03,Sussex Police,Sussex Police,0.573561,50.908485,On or near Church Lane,E01021089,Rother 005C,Anti-social behaviour,,
d57d44ccfb19cdb89b3d81e87eca919b4118b371da4ff7acc6566a0dddfd7e5b,2017-03,Sussex Police,Sussex Police,0.578048,50.914511,On or near Fernlea Close,E01021089,Rother 005C,Criminal damage and arson,Investigation complete; no suspect identified,
0746a4768a7fc7020cb158c3baa236be6a2bd9f4ed43e64442ccbe3e24136f4d,2017-03,Sussex Police,Sussex Police,0.580327,50.908138,On or near New Moorsite,E01021089,Rother 005C,Vehicle crime,Investigation complete; no suspect identified,
63b10ff74326b8cf200f4b782d559718287807243a0ab2b223bee1fd13353cb9,2017-03,Sussex Police,Sussex Police,0.577419,50.909569,On or near Moor Lane,E01021089,Rother 005C,Violence and sexual offences,Unable to prosecute suspect,
fe7ca44242d0c982b8a315ba2fc8efa7bf48c462c411f8efc254c84d38eafc78,2017-03,Sussex Police,Sussex Police,0.578101,50.910076,On or near Moor Road,E01021089,Rother 005C,Violence and sexual offences,Unable to prosecute suspect,
17627e0b3e8677511d50c6f42e82b4fed5a66c012a3fb9ddb8a103b27900ea79,2017-03,Sussex Police,Sussex Police,0.578675,50.907581,On or near Goulds Drive,E01021089,Rother 005C,Violence and sexual offences,Further investigation is not in the public interest,
84f827b66c7865fbc9b4840bffad9de8923b636b31df0186a8ef95564c40ca1a,2017-03,Sussex Police,Sussex Police,0.578675,50.907581,On or near Goulds Drive,E01021089,Rother 005C,Violence and sexual offences,Investigation complete; no suspect identified,
4f4105cbacee26c59272126bbd11619b534e6f89effd2e74c3e48f2f796f170c,2017-03,Sussex Police,Sussex Police,0.578101,50.910076,On or near Moor Road,E01021089,Rother 005C,Violence and sexual offences,Further investigation is not in the public interest,
22c771af49f6b7f09758b5ec43083223ecfd8cf78500a79e9f5922f27d92c832,2017-03,Sussex Police,Sussex Police,0.615621,50.911184,On or near Fourteen Acre Lane,E01021109,Rother 005D,Criminal damage and arson,Investigation complete; no suspect identified,
b2a2b485721bb32b2751b6759a6db5325aefa1b78439a3d929d18769413b873e,2017-03,Sussex Police,Sussex Police,0.612574,50.888281,On or near Rock Lane,E01021109,Rother 005D,Other theft,Investigation complete; no suspect identified,
db5fadd37a37cfb34e2183c124c563378df032ec86de8503c7492857b4f76215,2017-03,Sussex Police,Sussex Police,0.615621,50.911184,On or near Fourteen Acre Lane,E01021109,Rother 005D,Public order,Unable to prosecute suspect,
cce21947f64b8ff129d95e299d800fe77d8e5c76159d48b62e8fd2f475be8edb,2017-03,Sussex Police,Sussex Police,0.612574,50.888281,On or near Rock Lane,E01021109,Rother 005D,Vehicle crime,Investigation complete; no suspect identified,
07433736dfd808dabd8d1ff6f5d0139849fccfea46642985f2871470446c8600,2017-03,Sussex Police,Sussex Police,0.612574,50.888281,On or near Rock Lane,E01021109,Rother 005D,Violence and sexual offences,Unable to prosecute suspect,
e7b91ea94281e8a0c30e6fc664ba4b2337fc833cc178229b7e2a269c08f1afc0,2017-03,Sussex Police,Sussex Police,0.612574,50.888281,On or near Rock Lane,E01021109,Rother 005D,Violence and sexual offences,Unable to prosecute suspect,
7024d628240e1f24b9b5a2dcb57ecaafaf35228de8d7863ca3846cb7d7b738d3,2017-03,Sussex Police,Sussex Police,0.631744,50.893849,On or near The Thorns,E01021109,Rother 005D,Violence and sexual offences,Status update unavailable,
ed11b3659643c451a79470372f82ed0b9a76f462c8bc2216ff9479851ad2fc7e,2017-03,Sussex Police,Sussex Police,0.612574,50.888281,On or near Rock Lane,E01021109,Rother 005D,Violence and sexual offences,Unable to prosecute suspect,
638969702edc84d80998dd60991addb9c97f45b03abb7e450434296673e1d16a,2017-03,Sussex Police,Sussex Police,0.613062,50.903344,On or near Maxfield Lane,E01021109,Rother 005D,Other crime,Investigation complete; no suspect identified,
,2017-03,Sussex Police,Sussex Police,0.667072,50.894630,On or near Sports/Recreation Area,E01021110,Rother 005E,Anti-social behaviour,,
,2017-03,Sussex Police,Sussex Police,0.662399,50.872295,On or near Channel Way,E01021110,Rother 005E,Anti-social behaviour,,
7ce3137d9116c79a6dd974c512424c6ad566a1735c4b716859885c4c05d1c1c4,2017-03,Sussex Police,Sussex Police,0.669050,50.895151,On or near The Oak Field,E01021110,Rother 005E,Burglary,Investigation complete; no suspect identified,
d6a2fba711354bf418979bcc0ead579435dbb9690003874d64fa8a7368baf28d,2017-03,Sussex Police,Sussex Police,0.681962,50.890916,On or near Chick Hill,E01021110,Rother 005E,Burglary,Investigation complete; no suspect identified,
ae8aa1a28a4eca391ef23ea11be567dcb39da029d0f41bb217a40c236c756a2d,2017-03,Sussex Police,Sussex Police,0.669050,50.895151,On or near The Oak Field,E01021110,Rother 005E,Burglary,Investigation complete; no suspect identified,
43f8e11d5390d9c798d6a11bf5ddc5f7c09d55826be7856ddaad1143dc1b8d0b,2017-03,Sussex Police,Sussex Police,0.681962,50.890916,On or near Chick Hill,E01021110,Rother 005E,Burglary,Investigation complete; no suspect identified,
0143db532fb34a2404b9ae440e427e7e67533c475ccdf02347d0c861e90982e7,2017-03,Sussex Police,Sussex Police,0.662823,50.894700,On or near Pett Road,E01021110,Rother 005E,Burglary,Investigation complete; no suspect identified,
dec927f4bc6c1663e1812720418cfa11a2b22ebdc010e2e1c0a2509be655251b,2017-03,Sussex Police,Sussex Police,0.694269,50.893744,On or near Pett Level Road,E01021110,Rother 005E,Criminal damage and arson,Action to be taken by another organisation,
3fc93cc674051c22c798e82f26891030c4d63e42f03e6987f1a2d4930b2928d8,2017-03,Sussex Police,Sussex Police,0.671814,50.879599,On or near Briar Close,E01021110,Rother 005E,Other theft,Investigation complete; no suspect identified,
307120dedad2addd1f7be0d7aaec83514254d8af3673833b40d8f699a8058536,2017-03,Sussex Police,Sussex Police,0.660136,50.878742,On or near Farley Way,E01021110,Rother 005E,Other theft,Offender given a caution,
efe5cdb2aa5d8e573746dd049ff8983fecd3c989ae43b3d94b6809bab107d55c,2017-03,Sussex Police,Sussex Police,0.681962,50.890916,On or near Chick Hill,E01021110,Rother 005E,Violence and sexual offences,Further investigation is not in the public interest,
,2017-03,Sussex Police,Sussex Police,0.484571,50.916602,On or near High Street,E01021084,Rother 006A,Anti-social behaviour,,
,2017-03,Sussex Police,Sussex Police,0.481891,50.917846,On or near Supermarket,E01021084,Rother 006A,Anti-social behaviour,,
8424523fbeb44494ae3cd1b80bc02151ef6516dd0b25adaf56f34f746282ac04,2017-03,Sussex Police,Sussex Police,0.485621,50.915491,On or near High Street,E01021084,Rother 006A,Criminal damage and arson,Investigation complete; no suspect identified,
6b63ac4de613a0f71f33af556dcaf64300374c1c90a1e88f9121d716cbfbe898,2017-03,Sussex Police,Sussex Police,0.483075,50.919512,On or near Mount Joy,E01021084,Rother 006A,Criminal damage and arson,Investigation complete; no suspect identified,
4d3ad44ed65bcc8e31e4902f1148cbf32788a9754cb742011291e11d31143998,2017-03,Sussex Police,Sussex Police,0.485621,50.915491,On or near High Street,E01021084,Rother 006A,Other theft,Unable to prosecute suspect,
8c89a337fb544aeb7c06089ed82fd2828d0e45754af8e73569a1c801990d98fe,2017-03,Sussex Police,Sussex Police,0.483075,50.919512,On or near Mount Joy,E01021084,Rother 006A,Public order,Status update unavailable,
e4287fd34e46a7e46bd5301e4f28e8641522d411a0fe63ca607bc2d6243de26f,2017-03,Sussex Police,Sussex Police,0.493504,50.910457,On or near Supermarket,E01021084,Rother 006A,Public order,Offender fined,
cf7396dc2cfebe7ba835dc32af8f75e0cfa3bce4b888bcbf7922c4a3764aba79,2017-03,Sussex Police,Sussex Police,0.493504,50.910457,On or near Supermarket,E01021084,Rother 006A,Public order,Local resolution,
2deda5880338360acd7b0461974802670477506f07df0d523e8e76a803ab4f9c,2017-03,Sussex Police,Sussex Police,0.485250,50.916272,On or near Supermarket,E01021084,Rother 006A,Shoplifting,Investigation complete; no suspect identified,
3b7bfba4847f271095bde8acd2c824ccf9ec3371b820033aa3f6f9a14508812b,2017-03,Sussex Police,Sussex Police,0.481891,50.917846,On or near Supermarket,E01021084,Rother 006A,Shoplifting,Unable to prosecute suspect,
4c2d51fae1eb8850f8b584103e8ea90f305826315a832375873a2a705ceed469,2017-03,Sussex Police,Sussex Police,0.485250,50.916272,On or near Supermarket,E01021084,Rother 006A,Shoplifting,Offender given community sentence,
be10936778b8fd2b2d89cc135520daf8e67c34827aaf32c5a168bbdab1b93fbf,2017-03,Sussex Police,Sussex Police,0.484571,50.916602,On or near High Street,E01021084,Rother 006A,Vehicle crime,Investigation complete; no suspect identified,
029e40fa24023d7ff118f95401a1e9a9b61514613b8b812f60c4425ca6b68897,2017-03,Sussex Police,Sussex Police,0.483075,50.919512,On or near Mount Joy,E01021084,Rother 006A,Violence and sexual offences,Action to be taken by another organisation,
b425c6b25df966a45985d64fc0b8e2f3656204fe14308f51cf3149ad5312b6bb,2017-03,Sussex Police,Sussex Police,0.485621,50.915491,On or near High Street,E01021084,Rother 006A,Violence and sexual offences,Unable to prosecute suspect,
3e2d20d206be857c1c1e4f280d5167a9abf52eaca88c4e453ee3b77296b6da7c,2017-03,Sussex Police,Sussex Police,0.484666,50.918659,On or near Mount Street,E01021084,Rother 006A,Violence and sexual offences,Status update unavailable,
c915237d2dc162dbd7643b9f32e08d354366d1506b4ef65d59913ad38cb09a89,2017-03,Sussex Police,Sussex Police,0.497720,50.915053,On or near Meadow Bank,E01021085,Rother 006B,Criminal damage and arson,Investigation complete; no suspect identified,
584164f11032ec6685a8424217a5e605b757d13c25fe32979d9da883df322ede,2017-03,Sussex Police,Sussex Police,0.487921,50.924733,On or near Virgin'S Croft,E01021085,Rother 006B,Other theft,Investigation complete; no suspect identified,
da5ce5d700d163d17d2f52971e0cce04e0c58c20750fe318b0a5cc4302ff4b39,2017-03,Sussex Police,Sussex Police,0.483999,50.931508,On or near Canadia Road,E01021085,Rother 006B,Other theft,Investigation complete; no suspect identified,
9bd1bb6238788ab25660fa3967a41865fbe3ad5ba4eaa80a3a23682e19c74ba4,2017-03,Sussex Police,Sussex Police,0.500256,50.914594,On or near Swallow Drive,E01021085,Rother 006B,Public order,Unable to prosecute suspect,
aa3c8622e1794bf6c4f3b5a1f6842e0eb5bdafeafd74d7dd16e437ace9eb22ec,2017-03,Sussex Police,Sussex Police,0.482168,50.923057,On or near Bowmans Drive,E01021085,Rother 006B,Vehicle crime,Investigation complete; no suspect identified,
a03fabed933b7357b156a2a4417b8db4e3cf7dbd2cc6ea6e953daeb3cbbedf9f,2017-03,Sussex Police,Sussex Police,0.487921,50.924733,On or near Virgin'S Croft,E01021085,Rother 006B,Violence and sexual offences,Unable to prosecute suspect,
fe1756e79c804226797b2ad5742c2ff57f6c45832abcf5c37165a7f0693a03a2,2017-03,Sussex Police,Sussex Police,0.482168,50.923057,On or near Bowmans Drive,E01021085,Rother 006B,Violence and sexual offences,Investigation complete; no suspect identified,
3776f4bf51df0c6946fc42f4302dca41469edd1162bfc2d1f33da995bd33898a,2017-03,Sussex Police,Sussex Police,0.482168,50.923057,On or near Bowmans Drive,E01021085,Rother 006B,Violence and sexual offences,Unable to prosecute suspect,
,2017-03,Sussex Police,Sussex Police,0.470346,50.916139,On or near Tollgates,E01021086,Rother 006C,Anti-social behaviour,,
,2017-03,Sussex Police,Sussex Police,0.474719,50.917027,On or near Asten Fields,E01021086,Rother 006C,Anti-social behaviour,,
401786fb7effee1647b2bd6d346e7918b34ca1c86aff88a0ccc1e6a161ad7502,2017-03,Sussex Police,Sussex Police,0.478540,50.920121,On or near Chain Lane,E01021086,Rother 006C,Burglary,Investigation complete; no suspect identified,
8044d93c2046a5eff8435ae2d1ce5331035ab7f9904f41fc8af4701277ea25a1,2017-03,Sussex Police,Sussex Police,0.469651,50.914823,On or near Claverham Way,E01021086,Rother 006C,Burglary,Investigation complete; no suspect identified,
3c55bc3e0cb5593ff22998fd53d4fd1f4845ec7b9ddfaf88cf2da3344af835bb,2017-03,Sussex Police,Sussex Police,0.474719,50.917027,On or near Asten Fields,E01021086,Rother 006C,Criminal damage and arson,Unable to prosecute suspect,
b28277838edac69aad8c5f200155ee5568bafac020283f3ffb763ecc98ab646d,2017-03,Sussex Police,Sussex Police,0.477208,50.918350,On or near Sports/Recreation Area,E01021086,Rother 006C,Criminal damage and arson,Investigation complete; no suspect identified,
281040fafb513fc9ff7639e3874aa6b7a7d1de316719eb2d44a35bb9249cb396,2017-03,Sussex Police,Sussex Police,0.467770,50.916913,On or near Highgrove,E01021086,Rother 006C,Drugs,Further investigation is not in the public interest,
b3eea26b15cf237f030083d3d8ccc9e373d0a35886470b806612c5ffb6a3f7de,2017-03,Sussex Police,Sussex Police,0.479904,50.917951,On or near Saxonwood Road,E01021086,Rother 006C,Other theft,Investigation complete; no suspect identified,
3c2c3ccec72d6773c2fb0d9f110dac6bb2bec8194be886ab32fac623569ec797,2017-03,Sussex Police,Sussex Police,0.477208,50.918350,On or near Sports/Recreation Area,E01021086,Rother 006C,Other theft,Investigation complete; no suspect identified,
83ef3e1f55a2d9bc5573c4c6c5bdfdb1b3f693d2d8117ba3c9b1443479f97ce8,2017-03,Sussex Police,Sussex Police,0.467770,50.916913,On or near Highgrove,E01021086,Rother 006C,Other theft,Investigation complete; no suspect identified,
7f57d49abee86a19170b5971aef89e9a8d1fc9658f824bd1e1765ca6b040342d,2017-03,Sussex Police,Sussex Police,0.467770,50.916913,On or near Highgrove,E01021086,Rother 006C,Violence and sexual offences,Action to be taken by another organisation,
be752603b4c5f5c746d0bc9a201d5efc29211bd6433fb9caea664f90de3a6ded,2017-03,Sussex Police,Sussex Police,0.467770,50.916913,On or near Highgrove,E01021086,Rother 006C,Violence and sexual offences,Unable to prosecute suspect,
,2017-03,Sussex Police,Sussex Police,0.449142,50.897348,On or near The Green,E01021096,Rother 006D,Anti-social behaviour,,
,2017-03,Sussex Police,Sussex Police,0.391669,50.912301,On or near Sports/Recreation Area,E01021096,Rother 006D,Anti-social behaviour,,
3de1336211250d74f86026345e03e2e9f343487e8438d84c0fd15e513183d354,2017-03,Sussex Police,Sussex Police,0.458623,50.901034,On or near Powdermill Lane,E01021096,Rother 006D,Public order,Investigation complete; no suspect identified,
634e9ea8317dc5530d6ff381aeaf4d0699a553df62ebe656c6e54f0e91f4716b,2017-03,Sussex Police,Sussex Police,0.451162,50.897890,On or near Church Lane,E01021096,Rother 006D,Violence and sexual offences,Investigation complete; no suspect identified,
77a8b3fc978aa8f6d55cb5a39cc9604e635570fcc6175a04d7080b679649768f,2017-03,Sussex Police,Sussex Police,0.455375,50.894447,On or near Church Road,E01021096,Rother 006D,Violence and sexual offences,Unable to prosecute suspect,
,2017-03,Sussex Police,Sussex Police,0.500813,50.885702,On or near Station Road,E01021097,Rother 006E,Anti-social behaviour,,
48ef7f86587f3ff41cb6c4cb62c0206e9b4c32a62c9fa31cf9bad671e5bd1c2d,2017-03,Sussex Police,Sussex Police,0.498408,50.879286,On or near Chapel Hill,E01021097,Rother 006E,Burglary,Investigation complete; no suspect identified,
,2017-03,Sussex Police,Sussex Police,0.479469,50.847635,On or near Lychgates Close,E01021111,Rother 007A,Anti-social behaviour,,
b36593b6e51c4cedb56b9686038053a094b42f0a28fe974c049b9464af9fcc9e,2017-03,Sussex Police,Sussex Police,0.476558,50.848480,On or near Jacobs Acre,E01021111,Rother 007A,Burglary,Investigation complete; no suspect identified,
19dbeb9f4e3371cff2bcdfb5f6282d4d5ddc3a4fe921a495beb6e961b6f29541,2017-03,Sussex Police,Sussex Police,0.476558,50.848480,On or near Jacobs Acre,E01021111,Rother 007A,Criminal damage and arson,Investigation complete; no suspect identified,
7589ae40c631735a2fbb602d6f3ace9a97ab0020c911238b72de7e4942659d46,2017-03,Sussex Police,Sussex Police,0.476558,50.848480,On or near Jacobs Acre,E01021111,Rother 007A,Public order,Unable to prosecute suspect,
4151cc8a6af6a727fec951bad109035bff883bacb7d709676877555c588d4a99,2017-03,Sussex Police,Sussex Police,0.476558,50.848480,On or near Jacobs Acre,E01021111,Rother 007A,Public order,Unable to prosecute suspect,
f7575dd551cf5f838df3a4282be565a4afe90ce88c3299d609905e14798f6bd3,2017-03,Sussex Police,Sussex Police,0.478900,50.845489,On or near Church Street,E01021111,Rother 007A,Vehicle crime,Court result unavailable,
176a3df6358617b517b74495d8a44020e23af1dfd85dd5586d2581e173232a36,2017-03,Sussex Police,Sussex Police,0.477960,50.849187,On or near Church Vale Road,E01021111,Rother 007A,Vehicle crime,Investigation complete; no suspect identified,
fe2921c2391ad542dcd0a8207fcc553cfa5fa89f621cd2cd83678586a2eb1bca,2017-03,Sussex Police,Sussex Police,0.477333,50.846206,On or near Chantry Lane,E01021111,Rother 007A,Violence and sexual offences,Action to be taken by another organisation,
6dc3aff8011395bb0620ad44a2f5898d95f6ff8a0a5b12dd0e085a27b6361b48,2017-03,Sussex Police,Sussex Police,0.478900,50.845489,On or near Church Street,E01021111,Rother 007A,Violence and sexual offences,Court result unavailable,
fa63b4877dcb0bedbdf50450903abba6150852c71b52292621a9948b8fb50b74,2017-03,Sussex Police,Sussex Police,0.477960,50.849187,On or near Church Vale Road,E01021111,Rother 007A,Violence and sexual offences,Unable to prosecute suspect,
a75c24349cd092a346b733049a521aaf262012c1debbe6d49ab05b6e98427e75,2017-03,Sussex Police,Sussex Police,0.476558,50.848480,On or near Jacobs Acre,E01021111,Rother 007A,Violence and sexual offences,Unable to prosecute suspect,
,2017-03,Sussex Police,Sussex Police,0.477395,50.855162,On or near St James' Close,E01021113,Rother 007B,Anti-social behaviour,,
a4ed074fa490840b043c56d2bcd93d82813ce4f5ace74d09e2b7741b8eaf6475,2017-03,Sussex Police,Sussex Police,0.480932,50.852452,On or near Abbey View,E01021113,Rother 007B,Public order,Investigation complete; no suspect identified,
fd5b7d174226aa34d3744528153bf4ca63d1b7bcc269eb6da8747dcfe99467a0,2017-03,Sussex Police,Sussex Police,0.476869,50.853537,On or near St James' Road,E01021113,Rother 007B,Violence and sexual offences,Unable to prosecute suspect,
,2017-03,Sussex Police,Sussex Police,0.471535,50.847516,On or near Oak Road,E01021131,Rother 007C,Anti-social behaviour,,
,2017-03,Sussex Police,Sussex Police,0.470633,50.847661,On or near Bayencourt North,E01021131,Rother 007C,Anti-social behaviour,,
,2017-03,Sussex Police,Sussex Police,0.469754,50.846339,On or near Salisbury Road,E01021131,Rother 007C,Anti-social behaviour,,
e1d76d64a502326d104441431f9a8b0ba718e1d3dc8e70eea28d5b26d8426f33,2017-03,Sussex Police,Sussex Police,0.470754,50.846174,On or near Edinburgh Road,E01021131,Rother 007C,Criminal damage and arson,Investigation complete; no suspect identified,
0b3af416e7e0f4b6ac90e3f1e41aaceafc7fe506db2097579cda766e4ce0678e,2017-03,Sussex Police,Sussex Police,0.470754,50.846174,On or near Edinburgh Road,E01021131,Rother 007C,Other theft,Unable to prosecute suspect,
cff622da5c0df3c0ee0337be015d0ec9442149d9fa26894923d6cf16f02029be,2017-03,Sussex Police,Sussex Police,0.470633,50.847661,On or near Bayencourt North,E01021131,Rother 007C,Other theft,Offender ordered to pay compensation,
5eb82590d20688329815c6b99b3213d2d08cd62401e15d3509a9e9d447e7a04a,2017-03,Sussex Police,Sussex Police,0.470214,50.849145,On or near Sports/Recreation Area,E01021131,Rother 007C,Other theft,Unable to prosecute suspect,
bc823cb249db54495f137868b5e0c97b36df56a1b9bab3a1b9b578038b9af54e,2017-03,Sussex Police,Sussex Police,0.470214,50.849145,On or near Sports/Recreation Area,E01021131,Rother 007C,Other theft,Investigation complete; no suspect identified,
aec31bebed31e17ce498b52451143789f699c279367843a59216ad517596bedc,2017-03,Sussex Police,Sussex Police,0.469322,50.845701,On or near Belle Hill,E01021131,Rother 007C,Vehicle crime,Investigation complete; no suspect identified,
240bdd3ffafca136929fe154f8b452f493d4ca86e71dacc1b2c16fb63962f565,2017-03,Sussex Police,Sussex Police,0.472794,50.851186,On or near Cambridge Road,E01021131,Rother 007C,Violence and sexual offences,Unable to prosecute suspect,
d1e3095f12259b57cde735242b32833b34525ac9bf2930b5447ad484998ba32e,2017-03,Sussex Police,Sussex Police,0.469754,50.846339,On or near Salisbury Road,E01021131,Rother 007C,Violence and sexual offences,Further investigation is not in the public interest,
3a4486f57ea78570c9e8b549dcebd02849d6e3119182c773fc075a67fec9758b,2017-03,Sussex Police,Sussex Police,0.469754,50.846339,On or near Salisbury Road,E01021131,Rother 007C,Violence and sexual offences,Investigation complete; no suspect identified,
8c8d56dcf84f7ea93c2c75aacc972ea5685a02add3de5bd43b4cdab9b24b5102,2017-03,Sussex Police,Sussex Police,0.470633,50.847661,On or near Bayencourt North,E01021131,Rother 007C,Violence and sexual offences,Offender given conditional discharge,
b2db459f49ca19a037eb8c519c7a65a608bbaaecfa5ecf11447a55315daa9fc5,2017-03,Sussex Police,Sussex Police,0.471352,50.847007,On or near Bowrey Place,E01021131,Rother 007C,Violence and sexual offences,Unable to prosecute suspect,
,2017-03,Sussex Police,Sussex Police,0.470687,50.858354,On or near Preston Road,E01021135,Rother 007D,Anti-social behaviour,,
,2017-03,Sussex Police,Sussex Police,0.468648,50.856607,On or near All Saints Lane,E01021135,Rother 007D,Anti-social behaviour,,
,2017-03,Sussex Police,Sussex Police,0.468648,50.856607,On or near All Saints Lane,E01021135,Rother 007D,Anti-social behaviour,,
,2017-03,Sussex Police,Sussex Police,0.471772,50.856568,On or near Suffolk Road,E01021135,Rother 007D,Anti-social behaviour,,
,2017-03,Sussex Police,Sussex Police,0.470373,50.854826,On or near Bodle Crescent,E01021135,Rother 007D,Anti-social behaviour,,
,2017-03,Sussex Police,Sussex Police,0.470968,50.855874,On or near Supermarket,E01021135,Rother 007D,Anti-social behaviour,,
,2017-03,Sussex Police,Sussex Police,0.471936,50.857257,On or near North Road,E01021135,Rother 007D,Anti-social behaviour,,
,2017-03,Sussex Police,Sussex Police,0.469331,50.856629,On or near Petrol Station,E01021135,Rother 007D,Anti-social behaviour,,
49913b295361a1080007aea3bd6f425460b2d74e8d364207398d033e4b0d1f3c,2017-03,Sussex Police,Sussex Police,0.471772,50.856568,On or near Suffolk Road,E01021135,Rother 007D,Burglary,Unable to prosecute suspect,
8392650f74f7f5525674c95b5bef980f846fafc41da26b888d0511ec2672e1e5,2017-03,Sussex Police,Sussex Police,0.472961,50.855131,On or near Bargate Close,E01021135,Rother 007D,Criminal damage and arson,Status update unavailable,
5f2adb2a33ede80d3aa2fe7644967169e6a7562383667bb80539ef3984293e12,2017-03,Sussex Police,Sussex Police,0.467023,50.858404,On or near Watermill Close,E01021135,Rother 007D,Criminal damage and arson,Investigation complete; no suspect identified,
bfa301b53c94c0fede4a0f3bbeaca6ca91b34a78c256a8fde071b1320ef68a9a,2017-03,Sussex Police,Sussex Police,0.470841,50.854006,On or near Buxton Drive,E01021135,Rother 007D,Criminal damage and arson,Investigation complete; no suspect identified,
bc05e78074fb95e7578d076b29e26c48665d629af883c4ad88b548c839a1edeb,2017-03,Sussex Police,Sussex Police,0.472961,50.855131,On or near Bargate Close,E01021135,Rother 007D,Criminal damage and arson,Investigation complete; no suspect identified,
ee978da390f3a761b045f244acef9172066dc4f1c5c8406a86dd00c073afce2b,2017-03,Sussex Police,Sussex Police,0.464566,50.858150,On or near Camperdown Street,E01021135,Rother 007D,Criminal damage and arson,Investigation complete; no suspect identified,
6b76a5dcd6c43ae081565f46c2564f08f50eed8bd7fff22b26748079d5ffdf58,2017-03,Sussex Police,Sussex Police,0.471863,50.853724,On or near Birchview,E01021135,Rother 007D,Criminal damage and arson,Unable to prosecute suspect,
fe96eb261a9090461f64328447ebead385ade4dc39a827c9fa419ffa11647807,2017-03,Sussex Police,Sussex Police,0.471128,50.857283,On or near Sidley Street,E01021135,Rother 007D,Criminal damage and arson,Local resolution,
1bac85922bb9f381b2ab2c4a17861bea139366b1952fdaaff11e191b914bee26,2017-03,Sussex Police,Sussex Police,0.468648,50.856607,On or near All Saints Lane,E01021135,Rother 007D,Criminal damage and arson,Investigation complete; no suspect identified,
de7043ebcc4d9b8a89a3946196b8acddcdc7a85778c71c188c9133ebbb908809,2017-03,Sussex Police,Sussex Police,0.472961,50.855131,On or near Bargate Close,E01021135,Rother 007D,Criminal damage and arson,Investigation complete; no suspect identified,
380f7e56f3504cc6b688f59855599512602fa8e475f22db839c0d793897a8003,2017-03,Sussex Police,Sussex Police,0.472961,50.855131,On or near Bargate Close,E01021135,Rother 007D,Criminal damage and arson,Investigation complete; no suspect identified,
cea4951582a7c494c7b76a34c4c55e51678cc95f79011d348f064e7fe8a60c28,2017-03,Sussex Police,Sussex Police,0.469810,50.857356,On or near Claremont Road,E01021135,Rother 007D,Other theft,Unable to prosecute suspect,
31763723ad364ce6cc651e2829a8d91b6e941471bdceb82ba0ad9c15b3e22689,2017-03,Sussex Police,Sussex Police,0.468424,50.855596,On or near Edmonton Road,E01021135,Rother 007D,Public order,Investigation complete; no suspect identified,
95d2e436c93da8269cd6f14b3617e55ec2a55a14916d35656975987121d327f0,2017-03,Sussex Police,Sussex Police,0.468424,50.855596,On or near Edmonton Road,E01021135,Rother 007D,Public order,Investigation complete; no suspect identified,
32e26308d6779ef05184bcd19c88d436ba366d26c078840694e33ba0173555d1,2017-03,Sussex Police,Sussex Police,0.470968,50.855874,On or near Supermarket,E01021135,Rother 007D,Shoplifting,Investigation complete; no suspect identified,
877a91d904214a7febd766afc87af383ccf5f0c31e169656dc8302c89453a26e,2017-03,Sussex Police,Sussex Police,0.469206,50.857765,On or near Cumberland Road,E01021135,Rother 007D,Vehicle crime,Investigation complete; no suspect identified,
c84b9fe48cae9a5a45c1e27c286d75ccdab3ff27b2b92afacb8d6cd01bd4765d,2017-03,Sussex Police,Sussex Police,0.469331,50.856629,On or near Petrol Station,E01021135,Rother 007D,Violence and sexual offences,Status update unavailable,
b138d188500e2a6bd0f25de30e0da1a281771ba5ec63171afad9af5dc49db60d,2017-03,Sussex Police,Sussex Police,0.469331,50.856629,On or near Petrol Station,E01021135,Rother 007D,Violence and sexual offences,Unable to prosecute suspect,
c906e3517d049daaed1ae6e0fea15231a8752129840780b38d1460813878ccad,2017-03,Sussex Police,Sussex Police,0.464566,50.858150,On or near Camperdown Street,E01021135,Rother 007D,Violence and sexual offences,Status update unavailable,
6a2bf8839c45dbfb455d345d3fd33cc587470f0c60991d71ff6905dfc6a2fb68,2017-03,Sussex Police,Sussex Police,0.474816,50.854759,On or near Hollier'S Hill,E01021135,Rother 007D,Violence and sexual offences,Action to be taken by another organisation,
6089c5e5059dc574726d09923998b191828d61009f14c10109acc21bf50ffcc8,2017-03,Sussex Police,Sussex Police,0.471772,50.856568,On or near Suffolk Road,E01021135,Rother 007D,Violence and sexual offences,Unable to prosecute suspect,
a1cbb26e2a034ed609369b8564f97a30f382ae881c0d38401635adba4ca7e436,2017-03,Sussex Police,Sussex Police,0.470687,50.858354,On or near Preston Road,E01021135,Rother 007D,Violence and sexual offences,Offender given community sentence,
8891c90f5905f24925272801bb5068f60e61f7d717139421f51cffdf52912172,2017-03,Sussex Police,Sussex Police,0.471936,50.857257,On or near North Road,E01021135,Rother 007D,Violence and sexual offences,Investigation complete; no suspect identified,
4b2e4bae79f5056ecf92d02bae19b9e43e8775a71f14211143c6393d5d7af3c0,2017-03,Sussex Police,Sussex Police,0.474816,50.854759,On or near Hollier'S Hill,E01021135,Rother 007D,Violence and sexual offences,Action to be taken by another organisation,
2119726d43d0b39fd87251191abe1bb6f10c58b8b205567dc96339caf8648afe,2017-03,Sussex Police,Sussex Police,0.466805,50.854811,On or near St Lawrence Road,E01021135,Rother 007D,Other crime,Further investigation is not in the public interest,
eb0b3c38d1837f930a0dfa3e8182d80dfe321b0d72f9769e7c9d4e8a91773aa5,2017-03,Sussex Police,Sussex Police,0.466805,50.854811,On or near St Lawrence Road,E01021135,Rother 007D,Other crime,Further investigation is not in the public interest,
,2017-03,Sussex Police,Sussex Police,0.474417,50.855540,On or near Bank Road,E01021136,Rother 007E,Anti-social behaviour,,
4aac9ffac43d4eb6266af74e70533e832dd6ca9213232fa3365ac691f59575fa,2017-03,Sussex Police,Sussex Police,0.473408,50.855796,On or near Sidley Green,E01021136,Rother 007E,Burglary,Unable to prosecute suspect,
716ba9c47dbb55bc55b845ad687c522b1f2ab2bbef2b2848692c429b117b0673,2017-03,Sussex Police,Sussex Police,0.463777,50.859624,On or near Kingscott Close,E01021136,Rother 007E,Burglary,Status update unavailable,
023fbb69f8aa2a396f015163961122e826ad8ba112af0081e15e202cd6aeaa83,2017-03,Sussex Police,Sussex Police,0.477582,50.857065,On or near Glenburn Close,E01021136,Rother 007E,Criminal damage and arson,Investigation complete; no suspect identified,
7abaaa2c1142da0c9d621c09ce98fdc8c837bd71ba2bd16181a55dda7ea4b229,2017-03,Sussex Police,Sussex Police,0.464269,50.860072,On or near Cooper Drive,E01021136,Rother 007E,Criminal damage and arson,Investigation complete; no suspect identified,
7e7204dd8e21b36fb05b94c77a0b57cf6266dd3e52b5e8fd6087dcee00fe9955,2017-03,Sussex Police,Sussex Police,0.474872,50.857959,On or near Ingrams Avenue,E01021136,Rother 007E,Drugs,Offender given a drugs possession warning,
bd3b312c2e16f7395109b1be3f55bad351a656f99b821f5dd199fdf0e6d214ea,2017-03,Sussex Police,Sussex Police,0.474872,50.857959,On or near Ingrams Avenue,E01021136,Rother 007E,Drugs,Offender given a caution,
556a0e36a1b7758ec0cd933e045abcc329ab00f96b30fea5398254eeca1409de,2017-03,Sussex Police,Sussex Police,0.463777,50.859624,On or near Kingscott Close,E01021136,Rother 007E,Other theft,Investigation complete; no suspect identified,
0e8ad8145ba7451679f6959bb2df6aac7ba0f8c124a9a16b4a7604ff2d750d23,2017-03,Sussex Police,Sussex Police,0.477582,50.857065,On or near Glenburn Close,E01021136,Rother 007E,Other theft,Investigation complete; no suspect identified,
5e0739077d8b0161b1b3abdd81cba472ac101bfa4dca6a470aeb90935e83f730,2017-03,Sussex Police,Sussex Police,0.473408,50.855796,On or near Sidley Green,E01021136,Rother 007E,Other theft,Investigation complete; no suspect identified,
1ac5440f17e61c073b734a6a2ec7013a104ea44a349a13e1e3ba3a17b14b67aa,2017-03,Sussex Police,Sussex Police,0.476384,50.856722,On or near Glovers Lane,E01021136,Rother 007E,Possession of weapons,Unable to prosecute suspect,
f873253903015e8760948581c951d56dd8d9c7ccd51f5f64e9a83fff53346df7,2017-03,Sussex Police,Sussex Police,0.475501,50.860716,On or near Buckholt Lane,E01021136,Rother 007E,Public order,Investigation complete; no suspect identified,
12ead96a6ed4e6749eb366a99b81e19205449d605cabfc0bc71c7282c1be8501,2017-03,Sussex Police,Sussex Police,0.477582,50.857065,On or near Glenburn Close,E01021136,Rother 007E,Robbery,Investigation complete; no suspect identified,
017d72af63c8b7be0d8059a1ad64ea59f33f1f807fb4e4ee54e11ccb924db58f,2017-03,Sussex Police,Sussex Police,0.475501,50.860716,On or near Buckholt Lane,E01021136,Rother 007E,Vehicle crime,Unable to prosecute suspect,
0fa4b2c40cdd2ce18d1fe70f1863f76d526ad1b890b57d297c08803f3322ecde,2017-03,Sussex Police,Sussex Police,0.474105,50.856078,On or near Ringwood Road,E01021136,Rother 007E,Violence and sexual offences,Court result unavailable,
e6c3d610c6e4daa056f5b462b14af556b07ae8def50451b9a4e8d2bfb2790d51,2017-03,Sussex Police,Sussex Police,0.473408,50.855796,On or near Sidley Green,E01021136,Rother 007E,Violence and sexual offences,Status update unavailable,
a6b7da40a4ee1f8e8255bb08f8a9957f1d9a31fc12338db0d74bbfe75162e114,2017-03,Sussex Police,Sussex Police,0.465505,50.859525,On or near Morgan Close,E01021136,Rother 007E,Violence and sexual offences,Action to be taken by another organisation,
4274ebd1f37dca3722b4c4f57e014249e71f9a9d31d214a3a2d6be23fc4e2513,2017-03,Sussex Police,Sussex Police,0.477070,50.856528,On or near Elderwood Close,E01021136,Rother 007E,Violence and sexual offences,Status update unavailable,
83047235c0a64b44cb20e2f5be1322b0220212cbe633d2d75b7c5f478c2c0f46,2017-03,Sussex Police,Sussex Police,0.472853,50.858479,On or near Festival Gardens,E01021136,Rother 007E,Violence and sexual offences,Unable to prosecute suspect,
4aff27d8a533b3b440da20360a8f4efd33cfea8e5cfaabcda35fa293a0cefe39,2017-03,Sussex Police,Sussex Police,0.473286,50.857516,On or near Sports/Recreation Area,E01021136,Rother 007E,Violence and sexual offences,Unable to prosecute suspect,
,2017-03,Sussex Police,Sussex Police,0.466390,50.860666,On or near Watergate,E01021137,Rother 007F,Anti-social behaviour,,
,2017-03,Sussex Police,Sussex Police,0.462534,50.858148,On or near Southlands Avenue,E01021137,Rother 007F,Anti-social behaviour,,
,2017-03,Sussex Police,Sussex Police,0.462534,50.858148,On or near Southlands Avenue,E01021137,Rother 007F,Anti-social behaviour,,
,2017-03,Sussex Police,Sussex Police,0.461836,50.858397,On or near Southlands Road,E01021137,Rother 007F,Anti-social behaviour,,
,2017-03,Sussex Police,Sussex Police,0.461872,50.859889,On or near Ninfield Road,E01021137,Rother 007F,Anti-social behaviour,,
,2017-03,Sussex Police,Sussex Police,0.458372,50.859262,On or near Ashby Close,E01021137,Rother 007F,Anti-social behaviour,,
571c51a05928f7c22e75b44d383c01e80593a8c7f9da4dc262b70bb08962c608,2017-03,Sussex Police,Sussex Police,0.458299,50.858418,On or near Davis Close,E01021137,Rother 007F,Bicycle theft,Investigation complete; no suspect identified,
56bd59275333bf7e2a0e3e61093cdc0e1de747d7ef99cba53c22d5c2630a0f22,2017-03,Sussex Police,Sussex Police,0.462534,50.858148,On or near Southlands Avenue,E01021137,Rother 007F,Criminal damage and arson,Investigation complete; no suspect identified,
9816a06af58193c3d4f09d8050c5edafa936ca9f15ed62a24d854ca86e1da284,2017-03,Sussex Police,Sussex Police,0.464273,50.856915,On or near Whitehouse Avenue,E01021137,Rother 007F,Criminal damage and arson,Investigation complete; no suspect identified,
567e96d0d478af8e91b67cc1d0d0e936157566e56f5c86d23b9280a8e3448b94,2017-03,Sussex Police,Sussex Police,0.461836,50.858397,On or near Southlands Road,E01021137,Rother 007F,Criminal damage and arson,Investigation complete; no suspect identified,
2e720dc511dd1ee0f41b2465023281879c0d59147d28097035843cf7e8c0203d,2017-03,Sussex Police,Sussex Police,0.462534,50.858148,On or near Southlands Avenue,E01021137,Rother 007F,Criminal damage and arson,Unable to prosecute suspect,
305b115836cdc55ac9680047ea9070d2914c3c5523d6c659a3879537018f4682,2017-03,Sussex Police,Sussex Police,0.462534,50.858148,On or near Southlands Avenue,E01021137,Rother 007F,Criminal damage and arson,Investigation complete; no suspect identified,
6d3349b56a1a868b7d9f7602a1247adf34116dbdcabb18296b04e646569e512c,2017-03,Sussex Police,Sussex Police,0.461872,50.859889,On or near Ninfield Road,E01021137,Rother 007F,Other theft,Unable to prosecute suspect,
6d038108d6bcd25fff314a8a308286bf916822926356aad08cea166516de3724,2017-03,Sussex Police,Sussex Police,0.461872,50.859889,On or near Ninfield Road,E01021137,Rother 007F,Other theft,Unable to prosecute suspect,
51c1b61af8b5800a64f19ef264eaeef47016866998ca2ef7a6309147e47e112c,2017-03,Sussex Police,Sussex Police,0.459855,50.859086,On or near Putlands Crescent,E01021137,Rother 007F,Other theft,Investigation complete; no suspect identified,
dd8239ba517bb18521ed67611a0519e13742f9e5e4b0864c2a881a5b9f202ab2,2017-03,Sussex Police,Sussex Police,0.461836,50.858397,On or near Southlands Road,E01021137,Rother 007F,Other theft,Unable to prosecute suspect,
4c9154df90a258b181f9ce833b91d78eca4936428fa308586e0d67e9dad5ebd8,2017-03,Sussex Police,Sussex Police,0.466607,50.866940,On or near Watermill Lane,E01021137,Rother 007F,Violence and sexual offences,Unable to prosecute suspect,
f464fc5fcc88dad8f198903bdadd85d11bb0464a79c6d8b692451a823eeefcc6,2017-03,Sussex Police,Sussex Police,0.462534,50.858148,On or near Southlands Avenue,E01021137,Rother 007F,Violence and sexual offences,Status update unavailable,
a3a6ef13372a6a14f191f4280cae3f297ce2b994e7d2881c889ad90ddb7b74c6,2017-03,Sussex Police,Sussex Police,0.461836,50.858397,On or near Southlands Road,E01021137,Rother 007F,Violence and sexual offences,Defendant found not guilty,
e5b481a3929424391dafbc0f5fda80c4c6142fc32a167f2ad597605aa6ede714,2017-03,Sussex Police,Sussex Police,0.460137,50.859593,On or near Pankhurst Rise,E01021137,Rother 007F,Violence and sexual offences,Unable to prosecute suspect,
263d847d5da3eeae8721bbc13e5f5fc697d6cf43872a487ff224774f6dc62cbc,2017-03,Sussex Police,Sussex Police,0.458781,50.860287,On or near Mount Idol View,E01021137,Rother 007F,Violence and sexual offences,Status update unavailable,
a14bb6d19569b9d2514ebf8a6c232f84b568bc1b892cf9c314dba19c15ad82da,2017-03,Sussex Police,Sussex Police,0.458781,50.860287,On or near Mount Idol View,E01021137,Rother 007F,Violence and sexual offences,Unable to prosecute suspect,
,2017-03,Sussex Police,Sussex Police,0.483959,50.850868,On or near Chartres Close,E01021112,Rother 008A,Anti-social behaviour,,
a45486e9c1933de16100273c2636a0fdf9716c19754d53effe398db1bd115dea,2017-03,Sussex Police,Sussex Police,0.478244,50.852131,On or near Goodwood Close,E01021112,Rother 008A,Burglary,Unable to prosecute suspect,
1a849ad05ab11e1dcda83d8a52274c638a41340b7b6e845ceb0931a43a8b5fe6,2017-03,Sussex Police,Sussex Police,0.483706,50.849038,On or near Portfield Close,E01021112,Rother 008A,Other theft,Unable to prosecute suspect,
466d0a2cf2091050872569fc7e6530e8c29de13e0e2e1bb8638ad8c6a1c0ef86,2017-03,Sussex Police,Sussex Police,0.482018,50.850963,On or near Wychurst Gardens,E01021112,Rother 008A,Other theft,Investigation complete; no suspect identified,
15ee260aa405a34b835c9e8dc9cdb925e3d809302a2c7ae8d08b3a622ea78237,2017-03,Sussex Police,Sussex Police,0.482018,50.850963,On or near Wychurst Gardens,E01021112,Rother 008A,Public order,Unable to prosecute suspect,
a5b0603952a09c0de8adab354a2d30baba32c26e5cddee9e511bebb89d8d722d,2017-03,Sussex Police,Sussex Police,0.483706,50.849038,On or near Portfield Close,E01021112,Rother 008A,Violence and sexual offences,Unable to prosecute suspect,
d54298cd0da5e89557d81a539c5265423d0219779532d3cf5ab96af8a8170d5b,2017-03,Sussex Police,Sussex Police,0.483959,50.850868,On or near Chartres Close,E01021112,Rother 008A,Violence and sexual offences,Unable to prosecute suspect,
cbb6c285365274019065fba1e2c4143a58609aa3dbdc03a5cd2c2b856fba7537,2017-03,Sussex Police,Sussex Police,0.483706,50.849038,On or near Portfield Close,E01021112,Rother 008A,Violence and sexual offences,Unable to prosecute suspect,
,2017-03,Sussex Police,Sussex Police,0.490981,50.841859,On or near Sutton Place,E01021120,Rother 008B,Anti-social behaviour,,
,2017-03,Sussex Police,Sussex Police,0.493928,50.844116,On or near Wineham Way,E01021120,Rother 008B,Anti-social behaviour,,
00273807bb4cd2bb52e051938ac9adb10dbb6d7e002d3c2cd78581d7b6d6a3c6,2017-03,Sussex Police,Sussex Police,0.491311,50.842715,On or near Galley Hill View,E01021120,Rother 008B,Criminal damage and arson,Investigation complete; no suspect identified,
f168606437663080c686d85f14c40f90539f993974a1f7a3a566b1196e0febfe,2017-03,Sussex Police,Sussex Police,0.497759,50.844556,On or near Brett Drive,E01021120,Rother 008B,Other theft,Investigation complete; no suspect identified,
bbf4e64a34863ef0963af1974b8c61ac85d52a09dd9dad4f7880f74861620899,2017-03,Sussex Police,Sussex Police,0.488707,50.843976,On or near Saxon Rise,E01021120,Rother 008B,Other theft,Investigation complete; no suspect identified,
85c0b14cc67753cd84972bbd21173a7e3bc955a4c7357e459a9b2ae307a072c1,2017-03,Sussex Police,Sussex Police,0.497759,50.844556,On or near Brett Drive,E01021120,Rother 008B,Public order,Investigation complete; no suspect identified,
4d1685a9da2e9c69a0cd4991f268fb576cc9575362ae0a3913ec36a24ed6b3d1,2017-03,Sussex Police,Sussex Police,0.497759,50.844556,On or near Brett Drive,E01021120,Rother 008B,Shoplifting,Unable to prosecute suspect,
f5811d0f00c90d89fd575bded85d83ae2b7af80179f3239f531147d6d4d09e3b,2017-03,Sussex Police,Sussex Police,0.497759,50.844556,On or near Brett Drive,E01021120,Rother 008B,Shoplifting,Investigation complete; no suspect identified,
cf068b3163d2436b988138951d6973a70c1acdd030e8e94942b858ebdafd1c5f,2017-03,Sussex Police,Sussex Police,0.487233,50.840823,On or near Brookfield Road,E01021120,Rother 008B,Violence and sexual offences,Unable to prosecute suspect,
546da70016d83581ff36aa70fd345583469933cded4ded6da3509386a10545ff,2017-03,Sussex Police,Sussex Police,0.487233,50.840823,On or near Brookfield Road,E01021120,Rother 008B,Violence and sexual offences,Investigation complete; no suspect identified,
af0527937fe3ab73be5561ea3390f9da345199f96f837b1771d36338d99a7605,2017-03,Sussex Police,Sussex Police,0.487233,50.840823,On or near Brookfield Road,E01021120,Rother 008B,Violence and sexual offences,Unable to prosecute suspect,
9204bd9e8cb21596a62dd43cd4cb5d798254b1a9cce16a5879346acaede01fc1,2017-03,Sussex Police,Sussex Police,0.487233,50.840823,On or near Brookfield Road,E01021120,Rother 008B,Violence and sexual offences,Unable to prosecute suspect,
205415e000decccda9d03555657d385a09240f4e56d74df623a678583edf5a54,2017-03,Sussex Police,Sussex Police,0.494329,50.846833,On or near Glyne Ascent,E01021126,Rother 008C,Other theft,Status update unavailable,
008fbda9f79750402eadf3defe39527e8281bec07fbc6d42db496052ad8202b7,2017-03,Sussex Police,Sussex Police,0.490519,50.847328,On or near Penland Road,E01021126,Rother 008C,Public order,Unable to prosecute suspect,
5af8f24d0d7a4f1d9d1668efcc0498ceb5e0510a3053ec5a09f63a8d755734a0,2017-03,Sussex Police,Sussex Police,0.491126,50.847243,On or near Callums Walk,E01021126,Rother 008C,Theft from the person,Investigation complete; no suspect identified,
25be50f647eed29d6be840c72c114d9063913661154ba94c8db70b0aabd2af10,2017-03,Sussex Police,Sussex Police,0.489783,50.846561,On or near Tiverton Drive,E01021126,Rother 008C,Violence and sexual offences,Unable to prosecute suspect,
13f60cb5e199993f2f1a6cf4ead17402543d7189ff7dfc5f9abca19e14e04e46,2017-03,Sussex Police,Sussex Police,0.491126,50.847243,On or near Callums Walk,E01021126,Rother 008C,Violence and sexual offences,Unable to prosecute suspect,
,2017-03,Sussex Police,Sussex Police,0.505921,50.849462,On or near Singleton Walk,E01021127,Rother 008D,Anti-social behaviour,,
83dd4daca488c0c016093f367aada8813a0b87a0881e589142d3977af30a8b96,2017-03,Sussex Police,Sussex Police,0.503260,50.848063,On or near Glyne Barn Close,E01021127,Rother 008D,Burglary,Investigation complete; no suspect identified,
bd063cd67a281ee908b56b55cff6574a57215e5cf0b42f8185eb77d5947b9e72,2017-03,Sussex Police,Sussex Police,0.516561,50.851293,On or near Sports/Recreation Area,E01021127,Rother 008D,Burglary,Investigation complete; no suspect identified,
7dc8250751c5717a927df07df9485778cb33d4bac241c620616f76a3d8cca700,2017-03,Sussex Police,Sussex Police,0.503055,50.845558,On or near Hastings Road,E01021127,Rother 008D,Other theft,Offender given a caution,
90c0d1341160105718fcebbe521eb0c63882ca907c491189f272736f9e2a1f2c,2017-03,Sussex Police,Sussex Police,0.503055,50.845558,On or near Hastings Road,E01021127,Rother 008D,Other theft,Investigation complete; no suspect identified,
a7b7b8a5d6fdd7ec91f4760f5812520ef93bd5a9204fcc66c437ffab78d27227,2017-03,Sussex Police,Sussex Police,0.503055,50.845558,On or near Hastings Road,E01021127,Rother 008D,Public order,Investigation complete; no suspect identified,
5fbb4a54f913613a40f9385aad54b75a60e5f83df7033c13dad3526984058b23,2017-03,Sussex Police,Sussex Police,0.503055,50.845558,On or near Hastings Road,E01021127,Rother 008D,Shoplifting,Unable to prosecute suspect,
bf088e110e630df448071b4d39535fc6e00c9c7225e49140410d05ff2a822b5b,2017-03,Sussex Police,Sussex Police,0.503055,50.845558,On or near Hastings Road,E01021127,Rother 008D,Shoplifting,Investigation complete; no suspect identified,
8e22a262440bcc4d817010f5a6f21b9f939256c313049cbe152c96ae6d015064,2017-03,Sussex Police,Sussex Police,0.503055,50.845558,On or near Hastings Road,E01021127,Rother 008D,Shoplifting,Local resolution,
7b6e9581b5704e76a114d53fa6dc936b61323b342fb53736fcc7257aa2e09ec8,2017-03,Sussex Police,Sussex Police,0.503055,50.845558,On or near Hastings Road,E01021127,Rother 008D,Shoplifting,Investigation complete; no suspect identified,
afa73fda5c766a4315106aa5ab47b2f4076889272953d4de886434964562a22e,2017-03,Sussex Police,Sussex Police,0.503055,50.845558,On or near Hastings Road,E01021127,Rother 008D,Shoplifting,Investigation complete; no suspect identified,
d16621651861e25819a35496315761e76a97abacf9ccfbc254f0d600269c1f9d,2017-03,Sussex Police,Sussex Police,0.503055,50.845558,On or near Hastings Road,E01021127,Rother 008D,Shoplifting,Investigation complete; no suspect identified,
961565c183b47b0ec2a43fbe5d928da63344ad587562d1f1dbb7bf80800dfcbc,2017-03,Sussex Police,Sussex Police,0.504230,50.849993,On or near Dallington Close,E01021127,Rother 008D,Vehicle crime,Investigation complete; no suspect identified,
beacfc5343163033270670f394c69a83c9d812f9ce21d7e06bb1623063dc1663,2017-03,Sussex Police,Sussex Police,0.503055,50.845558,On or near Hastings Road,E01021127,Rother 008D,Violence and sexual offences,Offender given a caution,
2af48e9f00599468af1de4f49b059c40341d9e5629008155c9b6a17e832c6657,2017-03,Sussex Police,Sussex Police,0.503055,50.845558,On or near Hastings Road,E01021127,Rother 008D,Violence and sexual offences,Investigation complete; no suspect identified,
bd76ff4848c32c9f5575206cf12ce27215e36eb6de70c0c49d7b08ce6b1503a2,2017-03,Sussex Police,Sussex Police,0.503055,50.845558,On or near Hastings Road,E01021127,Rother 008D,Violence and sexual offences,Status update unavailable,
410582022eb6ac47c23c92a299ce42582644f9d155dec65b3b450786314527a4,2017-03,Sussex Police,Sussex Police,0.503055,50.845558,On or near Hastings Road,E01021127,Rother 008D,Violence and sexual offences,Further investigation is not in the public interest,
,2017-03,Sussex Police,Sussex Police,0.500679,50.850816,On or near Supermarket,E01021128,Rother 008E,Anti-social behaviour,,
,2017-03,Sussex Police,Sussex Police,0.491991,50.850408,On or near Nightclub,E01021128,Rother 008E,Anti-social behaviour,,
,2017-03,Sussex Police,Sussex Police,0.501757,50.853428,On or near Pebsham Drive,E01021128,Rother 008E,Anti-social behaviour,,
,2017-03,Sussex Police,Sussex Police,0.500679,50.850816,On or near Supermarket,E01021128,Rother 008E,Anti-social behaviour,,
,2017-03,Sussex Police,Sussex Police,0.495365,50.852405,On or near Cherry Tree Gardens,E01021128,Rother 008E,Anti-social behaviour,,
,2017-03,Sussex Police,Sussex Police,0.500679,50.850816,On or near Supermarket,E01021128,Rother 008E,Anti-social behaviour,,
,2017-03,Sussex Police,Sussex Police,0.500679,50.850816,On or near Supermarket,E01021128,Rother 008E,Anti-social behaviour,,
,2017-03,Sussex Police,Sussex Police,0.500679,50.850816,On or near Supermarket,E01021128,Rother 008E,Anti-social behaviour,,
,2017-03,Sussex Police,Sussex Police,0.450453,50.835603,On or near South Cliff,E01021093,Rother 009A,Anti-social behaviour,,
a796268f7b782d2076e0504dd92d9d565c070bad379cddb242d33e64af5f0ea0,2017-03,Sussex Police,Sussex Police,0.457106,50.839771,On or near Terminus Avenue,E01021093,Rother 009A,Criminal damage and arson,Investigation complete; no suspect identified,
e724dbc59257a1890eaf57a805ecb96dcf932a33b7e4855bbba32fcbd30e5a20,2017-03,Sussex Police,Sussex Police,0.457920,50.839043,On or near Richmond Road,E01021093,Rother 009A,Other theft,Investigation complete; no suspect identified,
d8a776881d618bafaf89327bdc0e3fb86dbba2c9c96cf94877cf900a2184687d,2017-03,Sussex Police,Sussex Police,0.447810,50.836126,On or near South Cliff Avenue,E01021093,Rother 009A,Vehicle crime,Investigation complete; no suspect identified,
bfe64e3657c43bbeb1fdc4842ddbf62484439885b3d576251b15a3510de50ee8,2017-03,Sussex Police,Sussex Police,0.436424,50.849586,On or near The Byeway,E01021123,Rother 009C,Burglary,Investigation complete; no suspect identified,
a8f0f29377c838f274870d5cad716dc573e26c6ffafd4133482a8770f09bb084,2017-03,Sussex Police,Sussex Police,0.435905,50.854345,On or near Peartree Lane,E01021123,Rother 009C,Burglary,Investigation complete; no suspect identified,
db33541d071d1f93278272378125db2956b6810b783aa57a6b04ed6eb1656699,2017-03,Sussex Police,Sussex Police,0.434673,50.845710,On or near The Twitten,E01021123,Rother 009C,Public order,Investigation complete; no suspect identified,
47eaf2aa521f655c18aec351c8a1c9f2341bd4b0cb918c770ad58374b68cb2ec,2017-03,Sussex Police,Sussex Police,0.434673,50.845710,On or near The Twitten,E01021123,Rother 009C,Violence and sexual offences,Unable to prosecute suspect,
8808038a9fa585c955c096404082a6fea77fa76abcc1328d109f8b62de07f9d6,2017-03,Sussex Police,Sussex Police,0.427870,50.845186,On or near Howards Crescent,E01021124,Rother 009D,Burglary,Investigation complete; no suspect identified,
8f5a77a32dc77b9f77d2251cfc739e5cb3e35d5b7508d735b5e59b2405b27a40,2017-03,Sussex Police,Sussex Police,0.433641,50.845255,On or near A259,E01021124,Rother 009D,Criminal damage and arson,Investigation complete; no suspect identified,
020c4806da597730a7512855070abb9fcff9e3bb1cf5d706342905cf7446d9fb,2017-03,Sussex Police,Sussex Police,0.432546,50.841950,On or near Mansell Close,E01021124,Rother 009D,Other theft,Status update unavailable,
,2017-03,Sussex Police,Sussex Police,0.432048,50.837571,On or near Osbern Close,E01021125,Rother 009E,Anti-social behaviour,,
,2017-03,Sussex Police,Sussex Police,0.384344,50.823212,On or near Coast Road,E01021125,Rother 009E,Anti-social behaviour,,
e3ecd0acd4a5fa4e502e94cb93071981f2b45bcab0e98fe76265bfc8ebfdd9ee,2017-03,Sussex Police,Sussex Police,0.431486,50.834965,On or near Minsted Square,E01021125,Rother 009E,Burglary,Investigation complete; no suspect identified,
f34f7c6ad75a7621a3ea91afd5338e8322c328cc7f25b34b30b330120bf79228,2017-03,Sussex Police,Sussex Police,0.414244,50.844866,On or near Barnhorn Road,E01021125,Rother 009E,Other theft,Investigation complete; no suspect identified,
b9527765ecbb7833e71b89be41f171ca425d00f8c75105274f71868c2854e62b,2017-03,Sussex Police,Sussex Police,0.409497,50.846484,On or near Ticehurst Avenue,E01021125,Rother 009E,Vehicle crime,Investigation complete; no suspect identified,
,2017-03,Sussex Police,Sussex Police,0.462445,50.856459,On or near Alder Gardens,E01021129,Rother 009F,Anti-social behaviour,,
,2017-03,Sussex Police,Sussex Police,0.462445,50.856459,On or near Alder Gardens,E01021129,Rother 009F,Anti-social behaviour,,
,2017-03,Sussex Police,Sussex Police,0.459196,50.856285,On or near Hazel Grove,E01021129,Rother 009F,Anti-social behaviour,,
6774a6ae58ee181377efe43861098e8207fca47acc23964febfe64deec161390,2017-03,Sussex Police,Sussex Police,0.462445,50.856459,On or near Alder Gardens,E01021129,Rother 009F,Criminal damage and arson,Investigation complete; no suspect identified,
7b549045baa08072b82f2be5319712fea62b5c02ca707e2d803d2a77f174ff02,2017-03,Sussex Police,Sussex Police,0.450221,50.851239,On or near Concorde Close,E01021129,Rother 009F,Criminal damage and arson,Investigation complete; no suspect identified,
4b95f654df4f88c318198a7f92b7e9d2160640bb3ddc78c7cfea1ef8a16c5839,2017-03,Sussex Police,Sussex Police,0.459719,50.853801,On or near Gunter'S Lane,E01021129,Rother 009F,Possession of weapons,Investigation complete; no suspect identified,
5898eb6cd4acd05be47e6970a987ddb3b4a2698b7cc8df7572720d198414f91d,2017-03,Sussex Police,Sussex Police,0.459260,50.855609,On or near Poplar Close,E01021129,Rother 009F,Public order,Unable to prosecute suspect,
008fb64b4a2f9eeacbc1207939c17f088580249002d5331390a76246c835836e,2017-03,Sussex Police,Sussex Police,0.460862,50.856619,On or near Elm Close,E01021129,Rother 009F,Shoplifting,Local resolution,
dea18bd8da98e67eff60801c58fac8d046ed7c2eac2cd8a4486430b91bf1d02f,2017-03,Sussex Police,Sussex Police,0.460312,50.851845,On or near Old Mill Park,E01021129,Rother 009F,Violence and sexual offences,Status update unavailable,
c8bab12bf1d78d20a61821a8ed16e82aa6365ed2ca045f39c8f464d7011648b4,2017-03,Sussex Police,Sussex Police,0.451089,50.857238,On or near Turkey Road,E01021138,Rother 009G,Vehicle crime,Investigation complete; no suspect identified,
a8466f5fd4d44ff2d9d4ada2d481ce05217d284d0c7526e1a0fa980a92a39fe0,2017-03,Sussex Police,Sussex Police,0.451089,50.857238,On or near Turkey Road,E01021138,Rother 009G,Vehicle crime,Investigation complete; no suspect identified,
a0ea088bec83d127b9241dd3d301327e258e6748195cfb26e4d6efdad4eaf3e4,2017-03,Sussex Police,Sussex Police,0.451089,50.857238,On or near Turkey Road,E01021138,Rother 009G,Violence and sexual offences,Status update unavailable,
9908248a54c45f9a082d3b033935522639b00340a4e66bd8745a96aa1196977a,2017-03,Sussex Police,Sussex Police,0.451089,50.857238,On or near Turkey Road,E01021138,Rother 009G,Violence and sexual offences,Investigation complete; no suspect identified,
06e83170c783b8c8092b131377759f997c03a35b78a69a2ad3011a94ba50047d,2017-03,Sussex Police,Sussex Police,0.457899,50.860801,On or near Paton Road,E01021138,Rother 009G,Violence and sexual offences,Status update unavailable,
901d37cc2e23f6955229bf80a9a2decab594de76a418509e4e38929b81dc9cb5,2017-03,Sussex Police,Sussex Police,0.453794,50.861930,On or near Sports/Recreation Area,E01021138,Rother 009G,Other crime,Unable to prosecute suspect,
,2017-03,Sussex Police,Sussex Police,0.462301,50.839437,On or near Wickham Avenue,E01021094,Rother 010A,Anti-social behaviour,,
,2017-03,Sussex Police,Sussex Police,0.456281,50.840832,On or near Harewood Close,E01021094,Rother 010A,Anti-social behaviour,,
b927eb6fed71dfd2eb0292bb417e832a38b5fdf3b5e6ba63f073b07421222e02,2017-03,Sussex Police,Sussex Police,0.461672,50.840709,On or near Supermarket,E01021094,Rother 010A,Criminal damage and arson,Unable to prosecute suspect,
690e53c1b26cd638cf74f2a0e9bda0d489c7555d565a68340bab2877d96ec36c,2017-03,Sussex Police,Sussex Police,0.459565,50.840888,On or near Collington Avenue,E01021094,Rother 010A,Other theft,Unable to prosecute suspect,
,2017-03,Sussex Police,Sussex Police,0.436099,50.840904,On or near Hawthorn Avenue,E01021106,Rother 010B,Anti-social behaviour,,
251b4f1c4ad410bd2b531c4adab5b8e6e7d9ca335a7ec89d91115353bf28b8ba,2017-03,Sussex Police,Sussex Police,0.440578,50.845335,On or near Robin Hill,E01021106,Rother 010B,Burglary,Unable to prosecute suspect,
41e71836b8cb767f2f8b6770cd422a658496ffd12edcef98384e3b0e10ba4624,2017-03,Sussex Police,Sussex Police,0.434334,50.843828,On or near Eastway,E01021106,Rother 010B,Shoplifting,Investigation complete; no suspect identified,
de2930d8f734dfce29a619f665e192a5e6b6058416d9b226d74295c46a39425c,2017-03,Sussex Police,Sussex Police,0.458578,50.848059,On or near St Francis Chase,E01021107,Rother 010C,Violence and sexual offences,Unable to prosecute suspect,
,2017-03,Sussex Police,Sussex Police,0.456475,50.845073,On or near Sutherland Close,E01021108,Rother 010D,Anti-social behaviour,,
4956fe990ce3230ad2b41df6d85b770d9cacff04cbc2acc231423e65e03ab7be,2017-03,Sussex Police,Sussex Police,0.461634,50.844307,On or near Eastwood Road,E01021108,Rother 010D,Violence and sexual offences,Unable to prosecute suspect,
,2017-03,Sussex Police,Sussex Police,0.463982,50.853009,On or near Chichester Close,E01021130,Rother 010E,Anti-social behaviour,,
,2017-03,Sussex Police,Sussex Police,0.462944,50.853265,On or near Deans Drive,E01021130,Rother 010E,Anti-social behaviour,,
fa9929d236ae7e2d299cca7df3e6bd2bebec64b57782f89160a72073d085dfb3,2017-03,Sussex Police,Sussex Police,0.465376,50.850335,On or near Woodsgate Park,E01021130,Rother 010E,Burglary,Investigation complete; no suspect identified,
2141923f71a46940ed35b03c16622790bc083390bd6633cea408acf4421a15de,2017-03,Sussex Police,Sussex Police,0.461878,50.854601,On or near Bidwell Avenue,E01021130,Rother 010E,Criminal damage and arson,Investigation complete; no suspect identified,
eb3e289c95cd24341ab71077fd51817976a8e4890f1912330d03999754c509a2,2017-03,Sussex Police,Sussex Police,0.469303,50.850981,On or near Buxton Drive,E01021130,Rother 010E,Violence and sexual offences,Unable to prosecute suspect,
e77fa5c00d269334c5f1875dff37ea3b96c8e6277b1155f14006dd5e5407f737,2017-03,Sussex Police,Sussex Police,0.465376,50.850335,On or near Woodsgate Park,E01021130,Rother 010E,Violence and sexual offences,Further investigation is not in the public interest,
db25f3fb80c7eee9d5852965eaa245165f70d2afeb0ca7048f5f9487bf295835,2017-03,Sussex Police,Sussex Police,0.462944,50.853265,On or near Deans Drive,E01021130,Rother 010E,Violence and sexual offences,Investigation complete; no suspect identified,
,2017-03,Sussex Police,Sussex Police,0.468930,50.838820,On or near Cornwall Road,E01021090,Rother 011A,Anti-social behaviour,,
,2017-03,Sussex Police,Sussex Police,0.468330,50.843320,On or near Leopold Road,E01021090,Rother 011A,Anti-social behaviour,,
,2017-03,Sussex Police,Sussex Police,0.470105,50.840881,On or near Buckhurst Place,E01021090,Rother 011A,Anti-social behaviour,,
,2017-03,Sussex Police,Sussex Police,0.469809,50.839314,On or near Sackville Road,E01021090,Rother 011A,Anti-social behaviour,,
,2017-03,Sussex Police,Sussex Police,0.468930,50.838820,On or near Cornwall Road,E01021090,Rother 011A,Anti-social behaviour,,
,2017-03,Sussex Police,Sussex Police,0.468930,50.838820,On or near Cornwall Road,E01021090,Rother 011A,Anti-social behaviour,,
,2017-03,Sussex Police,Sussex Police,0.470929,50.840900,On or near Supermarket,E01021090,Rother 011A,Anti-social behaviour,,
,2017-03,Sussex Police,Sussex Police,0.468330,50.843320,On or near Leopold Road,E01021090,Rother 011A,Anti-social behaviour,,
,2017-03,Sussex Police,Sussex Police,0.468930,50.838820,On or near Cornwall Road,E01021090,Rother 011A,Anti-social behaviour,,
,2017-03,Sussex Police,Sussex Police,0.468330,50.843320,On or near Leopold Road,E01021090,Rother 011A,Anti-social behaviour,,
e0759f4fce0a9faa91d5443e875e1fcb08e28abe98781dd86f2b456a0072eb71,2017-03,Sussex Police,Sussex Police,0.468930,50.838820,On or near Cornwall Road,E01021090,Rother 011A,Bicycle theft,Investigation complete; no suspect identified,
77f043c86ed6e347e062a52bf8a3808a4b4e9d997d7fb2c36f1a3b6379ad63fd,2017-03,Sussex Police,Sussex Police,0.472117,50.841334,On or near Petrol Station,E01021090,Rother 011A,Burglary,Investigation complete; no suspect identified,
7117d79a5c29a8ea3433c76bbcc28f2ff63d6a89e5df6c9e4d679a994cd4b5c0,2017-03,Sussex Police,Sussex Police,0.468146,50.841993,On or near Victoria Road,E01021090,Rother 011A,Burglary,Investigation complete; no suspect identified,
ccb25cc6792d7f6e1fbb1b2877dc60eae0f3cff9219914efca5a4935e98be3e5,2017-03,Sussex Police,Sussex Police,0.468930,50.838820,On or near Cornwall Road,E01021090,Rother 011A,Criminal damage and arson,Investigation complete; no suspect identified,
3f527a3a5c807b19b50fc84be6d70a578016d8a070ac6e4161bd421ff1ab9d38,2017-03,Sussex Police,Sussex Police,0.468930,50.838820,On or near Cornwall Road,E01021090,Rother 011A,Criminal damage and arson,Investigation complete; no suspect identified,
6dfe3177a7e25988203a880d113eb7ca588cf960c4246f5d9165a33ba5c53400,2017-03,Sussex Police,Sussex Police,0.469809,50.839314,On or near Sackville Road,E01021090,Rother 011A,Criminal damage and arson,Investigation complete; no suspect identified,
62242a78196fa738b413ff63f3b91da38715423850d44324e0e719ba0040b3d9,2017-03,Sussex Police,Sussex Police,0.468930,50.838820,On or near Cornwall Road,E01021090,Rother 011A,Criminal damage and arson,Investigation complete; no suspect identified,
20e99284301a86ffea6bdb98ed7420afea07258c628f62199f792e7add625e32,2017-03,Sussex Police,Sussex Police,0.468883,50.843570,On or near Supermarket,E01021090,Rother 011A,Other theft,Investigation complete; no suspect identified,
991a3a32cd30fa3c1680a944e20b2a513b3f42a934bc82474a85bd388c2a3fc9,2017-03,Sussex Police,Sussex Police,0.468146,50.841993,On or near Victoria Road,E01021090,Rother 011A,Other theft,Investigation complete; no suspect identified,
111ac499a8166f36179dda3a160613e61c6c41fea28e9c8e79beed178e09d59a,2017-03,Sussex Police,Sussex Police,0.472117,50.841334,On or near Petrol Station,E01021090,Rother 011A,Other theft,Investigation complete; no suspect identified,
aa51ae941911c81bf9812a85dbebbcfdb96f1f54034d7afef20703373862f3df,2017-03,Sussex Police,Sussex Police,0.470105,50.840881,On or near Buckhurst Place,E01021090,Rother 011A,Public order,Court result unavailable,
9c7a7019a8e4f5adaddec74305b66967b44d20f717a42c6bdbd5e6795481e895,2017-03,Sussex Police,Sussex Police,0.470929,50.840900,On or near Supermarket,E01021090,Rother 011A,Shoplifting,Awaiting court outcome,
edac30b40e4c793aa40f0672b9b28b1219dc92ff54235f7b91490c56419df5bd,2017-03,Sussex Police,Sussex Police,0.468883,50.843570,On or near Supermarket,E01021090,Rother 011A,Shoplifting,Unable to prosecute suspect,
0ff35fb797127bd6fbb471a72f8325ce0e76bdc39aa57122d78697b6a34060f8,2017-03,Sussex Police,Sussex Police,0.470105,50.840881,On or near Buckhurst Place,E01021090,Rother 011A,Theft from the person,Investigation complete; no suspect identified,
eed10f94dbdf7e47aa70f6eb4a766a78bdd2f6bdb56f5401e628b3eceb3544c5,2017-03,Sussex Police,Sussex Police,0.470105,50.840881,On or near Buckhurst Place,E01021090,Rother 011A,Violence and sexual offences,Court result unavailable,
2ef4d5300bce4fa18cf4c9fe5df5befa265986b39ee47c9d3d844ac0522a34e8,2017-03,Sussex Police,Sussex Police,0.468930,50.838820,On or near Cornwall Road,E01021090,Rother 011A,Violence and sexual offences,Court result unavailable,
f7ce4d20de61a0ac17f025ccfdb2665480e876e09a70a1b83ad5596062c86a90,2017-03,Sussex Police,Sussex Police,0.469809,50.839314,On or near Sackville Road,E01021090,Rother 011A,Violence and sexual offences,Investigation complete; no suspect identified,
9f3645ab79c0cca766e1737104ae8596558c1ed5d24c5cf68b92741d3236f142,2017-03,Sussex Police,Sussex Police,0.468330,50.843320,On or near Leopold Road,E01021090,Rother 011A,Violence and sexual offences,Further investigation is not in the public interest,
4de871c940a3d04ae697988fb0073f2e365cf54cff6617a2fed12b55cd7667fa,2017-03,Sussex Police,Sussex Police,0.468930,50.838820,On or near Cornwall Road,E01021090,Rother 011A,Violence and sexual offences,Court result unavailable,
ab6924f944a32e1dd69c442e6f7d19bdfb4d5467f5b270f08ec75daa4f76113f,2017-03,Sussex Police,Sussex Police,0.468330,50.843320,On or near Leopold Road,E01021090,Rother 011A,Violence and sexual offences,Court result unavailable,
7fb6e4b8c74e7ac60f264e9a68b2dbd5f556366017263598c1343578e03cf757,2017-03,Sussex Police,Sussex Police,0.468257,50.841937,On or near Windsor Road,E01021090,Rother 011A,Violence and sexual offences,Further investigation is not in the public interest,
409f75f2fc65e7fd8368b5c418ddff1c8c760b6d5d0096763a4b1f28c6755820,2017-03,Sussex Police,Sussex Police,0.468257,50.841937,On or near Windsor Road,E01021090,Rother 011A,Violence and sexual offences,Unable to prosecute suspect,
13af40057394f69d36ad599e31532312e5d8ec5137c15eaabde2799c93e9398a,2017-03,Sussex Police,Sussex Police,0.468930,50.838820,On or near Cornwall Road,E01021090,Rother 011A,Violence and sexual offences,Defendant found not guilty,
,2017-03,Sussex Police,Sussex Police,0.466480,50.837343,On or near Egerton Road,E01021091,Rother 011B,Anti-social behaviour,,
,2017-03,Sussex Police,Sussex Police,0.468023,50.838317,On or near Park Road,E01021091,Rother 011B,Anti-social behaviour,,
,2017-03,Sussex Police,Sussex Police,0.468023,50.838317,On or near Park Road,E01021091,Rother 011B,Anti-social behaviour,,
,2017-03,Sussex Police,Sussex Police,0.468023,50.838317,On or near Park Road,E01021091,Rother 011B,Anti-social behaviour,,
,2017-03,Sussex Police,Sussex Police,0.475303,50.839800,On or near St Leonards Road,E01021091,Rother 011B,Anti-social behaviour,,
,2017-03,Sussex Police,Sussex Police,0.466035,50.839663,On or near Wickham Avenue,E01021091,Rother 011B,Anti-social behaviour,,
,2017-03,Sussex Police,Sussex Police,0.466035,50.839663,On or near Wickham Avenue,E01021091,Rother 011B,Anti-social behaviour,,
,2017-03,Sussex Police,Sussex Police,0.475303,50.839800,On or near St Leonards Road,E01021091,Rother 011B,Anti-social behaviour,,
,2017-03,Sussex Police,Sussex Police,0.475303,50.839800,On or near St Leonards Road,E01021091,Rother 011B,Anti-social behaviour,,
,2017-03,Sussex Police,Sussex Police,0.473787,50.839068,On or near Devonshire Road,E01021091,Rother 011B,Anti-social behaviour,,
,2017-03,Sussex Police,Sussex Police,0.468023,50.838317,On or near Park Road,E01021091,Rother 011B,Anti-social behaviour,,
c59b8ca44a0d11568da0aabff512021485e39d63c1bc53d0cdf27f718598273b,2017-03,Sussex Police,Sussex Police,0.468023,50.838317,On or near Park Road,E01021091,Rother 011B,Criminal damage and arson,Investigation complete; no suspect identified,
8a754d3ff952133a9c292d8408e29b772d6fdecc8a0ddd8101e7ebc8d486e57a,2017-03,Sussex Police,Sussex Police,0.472063,50.838699,On or near Albany Road,E01021091,Rother 011B,Other theft,Status update unavailable,
f97b64c4c76018e741876ed3bd4bbf0bb6e34ef342f8ddf21c6f49e259c91c2e,2017-03,Sussex Police,Sussex Police,0.475303,50.839800,On or near St Leonards Road,E01021091,Rother 011B,Public order,Unable to prosecute suspect,
843ba9721f7b376bd5909a6371bf69eed5de9acd395539144af72f2a7a38b8fd,2017-03,Sussex Police,Sussex Police,0.472931,50.838726,On or near Albert Road,E01021091,Rother 011B,Robbery,Status update unavailable,
ca1221584239ccbe75a0a583e5618dd084f181302e1ec4c533286c1772fcbf9e,2017-03,Sussex Police,Sussex Police,0.473787,50.839068,On or near Devonshire Road,E01021091,Rother 011B,Shoplifting,Investigation complete; no suspect identified,
2cce8e052ac1934ce06675cfd394c81c5e3d5b5f73979e74518831d1b461fd32,2017-03,Sussex Police,Sussex Police,0.473787,50.839068,On or near Devonshire Road,E01021091,Rother 011B,Shoplifting,Investigation complete; no suspect identified,
58ec92c228cfb72a0bc51bd8b957fbc99358076cb39e004d68238b3368df3f92,2017-03,Sussex Police,Sussex Police,0.474865,50.839297,On or near Eversley Road,E01021091,Rother 011B,Shoplifting,Investigation complete; no suspect identified,
b5244acfa63924c9d35cc164dc1bb83e09e092ff83bf7cf30f76fd2cb834159e,2017-03,Sussex Police,Sussex Police,0.473787,50.839068,On or near Devonshire Road,E01021091,Rother 011B,Shoplifting,Status update unavailable,
5a5d48edc1d75806749d8f3a8630f2314027f3de8d1b65520bcdc31d8d7a1b2a,2017-03,Sussex Police,Sussex Police,0.475303,50.839800,On or near St Leonards Road,E01021091,Rother 011B,Violence and sexual offences,Unable to prosecute suspect,
43a8a934358d8eadd7dbe4d07533d1203fcca36af0cd7e3f58fc1ed831e91bed,2017-03,Sussex Police,Sussex Police,0.474865,50.839297,On or near Eversley Road,E01021091,Rother 011B,Violence and sexual offences,Status update unavailable,
0d0518f639e30381598b2029c769da0dced63f0cc91fc1c592a7f6fe2fbd9749,2017-03,Sussex Police,Sussex Police,0.468023,50.838317,On or near Park Road,E01021091,Rother 011B,Violence and sexual offences,Unable to prosecute suspect,
34b5b2bd35f81b46e87911a76d10940ba770b4bd08b3b50bc8df7001774c4405,2017-03,Sussex Police,Sussex Police,0.473787,50.839068,On or near Devonshire Road,E01021091,Rother 011B,Violence and sexual offences,Unable to prosecute suspect,
d0c4199615352cc7ebd5ab18e34ef42614320b8ff924c84d3b2357677d01afed,2017-03,Sussex Police,Sussex Police,0.472931,50.838726,On or near Albert Road,E01021091,Rother 011B,Violence and sexual offences,Investigation complete; no suspect identified,
17724d20d7e58ab6bd62afe56403fe87c096f3dd152bd0fcb4ca54a335734079,2017-03,Sussex Police,Sussex Police,0.475303,50.839800,On or near St Leonards Road,E01021091,Rother 011B,Violence and sexual offences,Unable to prosecute suspect,
0d09bd1edc5f4e10eb85441c9901cbdb2c9fee0b9924c9f2074d435b9e27c67b,2017-03,Sussex Police,Sussex Police,0.473787,50.839068,On or near Devonshire Road,E01021091,Rother 011B,Violence and sexual offences,Investigation complete; no suspect identified,
385a31d7d939b44ef7037cc133ce6c5844744654fdbc08f07e5cfd00e8ef8ed7,2017-03,Sussex Police,Sussex Police,0.475303,50.839800,On or near St Leonards Road,E01021091,Rother 011B,Violence and sexual offences,Action to be taken by another organisation,
778329225dcc3767ece15b9c938fec928b5f678dd10a748d84e120ce462f7189,2017-03,Sussex Police,Sussex Police,0.473787,50.839068,On or near Devonshire Road,E01021091,Rother 011B,Other crime,Unable to prosecute suspect,
,2017-03,Sussex Police,Sussex Police,0.474818,50.842437,On or near Buckhurst Road,E01021092,Rother 011C,Anti-social behaviour,,
,2017-03,Sussex Police,Sussex Police,0.477558,50.842414,On or near Garden Close,E01021092,Rother 011C,Anti-social behaviour,,
,2017-03,Sussex Police,Sussex Police,0.475640,50.840791,On or near Endwell Road,E01021092,Rother 011C,Anti-social behaviour,,
,2017-03,Sussex Police,Sussex Police,0.474023,50.844324,On or near Larkhill,E01021092,Rother 011C,Anti-social behaviour,,
,2017-03,Sussex Police,Sussex Police,0.473100,50.840045,On or near Supermarket,E01021092,Rother 011C,Anti-social behaviour,,
,2017-03,Sussex Police,Sussex Police,0.471586,50.840158,On or near Western Road,E01021092,Rother 011C,Anti-social behaviour,,
,2017-03,Sussex Police,Sussex Police,0.471761,50.840514,On or near Supermarket,E01021092,Rother 011C,Anti-social behaviour,,
,2017-03,Sussex Police,Sussex Police,0.471586,50.840158,On or near Western Road,E01021092,Rother 011C,Anti-social behaviour,,
,2017-03,Sussex Police,Sussex Police,0.471586,50.840158,On or near Western Road,E01021092,Rother 011C,Anti-social behaviour,,
a69dafe1139c6e2d58823677d5b4ddffa14847f93d056017dba20dda8b74c842,2017-03,Sussex Police,Sussex Police,0.474393,50.841663,On or near Clifford Road,E01021092,Rother 011C,Drugs,Offender given a caution,
4eee90b838cbe77a28cb308c7f08db488539cfff86f01e7419eca7d32dd53e7a,2017-03,Sussex Police,Sussex Police,0.473641,50.840600,On or near Devonshire Square,E01021092,Rother 011C,Other theft,Unable to prosecute suspect,
aa2c7e066d3abd009df8d530c0f0e9357948e85df0279efb865f9ca36b7d00de,2017-03,Sussex Police,Sussex Police,0.473641,50.840600,On or near Devonshire Square,E01021092,Rother 011C,Possession of weapons,Status update unavailable,
94d42d4f13e95f360f086ace73e8b2375a36e3377b9d4c6a6e33d15cb6c136e1,2017-03,Sussex Police,Sussex Police,0.471418,50.843696,On or near Amherst Road,E01021092,Rother 011C,Public order,Investigation complete; no suspect identified,
2f511b0668abdd2ba3c1ca4203bad127f79e946abc6117a702383bd06af613f0,2017-03,Sussex Police,Sussex Police,0.474606,50.845679,On or near Belle Hill,E01021092,Rother 011C,Public order,Unable to prosecute suspect,
607ad7dbc0e5d8d67649ae3153ad4136141f981e2a9df29fbe77ae36a0b7a311,2017-03,Sussex Police,Sussex Police,0.471586,50.840158,On or near Western Road,E01021092,Rother 011C,Public order,Investigation complete; no suspect identified,
c78695296985b7b2d4bf7dfef9327bc52f247b22600fb99db014b9dd55afb19b,2017-03,Sussex Police,Sussex Police,0.473100,50.840045,On or near Supermarket,E01021092,Rother 011C,Shoplifting,Local resolution,
e09c45b93f77eee386a551282f123273c7d1ebd0d89e114cf5f7f86a1bbdf8d4,2017-03,Sussex Police,Sussex Police,0.473100,50.840045,On or near Supermarket,E01021092,Rother 011C,Shoplifting,Local resolution,
851b394100c1017af5b484f83e9d5603bb2d5d778398bd54a7a88ebe141e93c2,2017-03,Sussex Police,Sussex Police,0.471761,50.840514,On or near Supermarket,E01021092,Rother 011C,Shoplifting,Investigation complete; no suspect identified,
8c0d210a4e380484f1fdd4c591ef7054f35c3178370625a82668b892ba9f45ff,2017-03,Sussex Police,Sussex Police,0.475984,50.841935,On or near Cranfield Road,E01021092,Rother 011C,Violence and sexual offences,Unable to prosecute suspect,
62b94e22e4343fd8ba462b715bb216db77260794b78e097e1c4d04b46cc4565e,2017-03,Sussex Police,Sussex Police,0.474393,50.841663,On or near Clifford Road,E01021092,Rother 011C,Violence and sexual offences,Offender given a caution,
0057e5034cf923443e5adcb81595590ec33fe2fe271b45f005bfc12446cd067c,2017-03,Sussex Police,Sussex Police,0.473641,50.840600,On or near Devonshire Square,E01021092,Rother 011C,Violence and sexual offences,Local resolution,
483ca07986c78a9f9b9c7be26c8a79ad9171adc12b9e50d3a3b88a2df3fa8315,2017-03,Sussex Police,Sussex Police,0.473641,50.840600,On or near Devonshire Square,E01021092,Rother 011C,Violence and sexual offences,Awaiting court outcome,
7f823e7df316454bb59391923e55d8b05943dec722020531c6b7c4a4c19927a3,2017-03,Sussex Police,Sussex Police,0.469515,50.843439,On or near London Road,E01021092,Rother 011C,Violence and sexual offences,Status update unavailable,
a6f59801d1207abcfd609c90fe13e92b9498053e10bc7e1f4ba5d38dbc9ea984,2017-03,Sussex Police,Sussex Police,0.473100,50.840045,On or near Supermarket,E01021092,Rother 011C,Violence and sexual offences,Court result unavailable,
b386c741275e729fbbaf512ec9412f887c92ab228532fbdb9edc87b55141e5a0,2017-03,Sussex Police,Sussex Police,0.469908,50.844951,On or near Burnside Mews,E01021092,Rother 011C,Violence and sexual offences,Unable to prosecute suspect,
35a660baf3705ab45c1b1736fc21b689deafc5d660d201925b75feaaf059553d,2017-03,Sussex Police,Sussex Police,0.474393,50.841663,On or near Clifford Road,E01021092,Rother 011C,Violence and sexual offences,Offender given a caution,
27431ba3e749e4a5f6c8cf2ceeb350b1395d41d68620d9d8f216a4bc55535f39,2017-03,Sussex Police,Sussex Police,0.474023,50.844324,On or near Larkhill,E01021092,Rother 011C,Violence and sexual offences,Unable to prosecute suspect,
47e5dae427ffafa8387753736c155856e3d36563cf0b86d4adc89b9c20c03fe7,2017-03,Sussex Police,Sussex Police,0.472519,50.843286,On or near Mitten Road,E01021092,Rother 011C,Violence and sexual offences,Unable to prosecute suspect,
05e4fe1c62a54e3f6b1d4e1dc2c109f7d0e573aa5099e16e9cbdb977e2e33d0e,2017-03,Sussex Police,Sussex Police,0.477823,50.842319,On or near Upper Sea Road,E01021092,Rother 011C,Violence and sexual offences,Further investigation is not in the public interest,
0def53a50f7fb51e4b2d6185b79c40ea94303af1c6b2f8596b44cc853f8f5e18,2017-03,Sussex Police,Sussex Police,0.469515,50.843439,On or near London Road,E01021092,Rother 011C,Other crime,Unable to prosecute suspect,
,2017-03,Sussex Police,Sussex Police,0.486623,50.845127,On or near Gleneagles Close,E01021121,Rother 011D,Anti-social behaviour,,
,2017-03,Sussex Police,Sussex Police,0.477841,50.843200,On or near Upper Sea Road,E01021121,Rother 011D,Anti-social behaviour,,
,2017-03,Sussex Police,Sussex Police,0.482300,50.840227,On or near Bedford Avenue,E01021121,Rother 011D,Anti-social behaviour,,
,2017-03,Sussex Police,Sussex Police,0.477841,50.843200,On or near Upper Sea Road,E01021121,Rother 011D,Anti-social behaviour,,
,2017-03,Sussex Police,Sussex Police,0.483265,50.840746,On or near Dorset Road South,E01021121,Rother 011D,Anti-social behaviour,,
04f6ac9eb23b86e4976ebddc046e226f4386ff17d9021708e8882ef4dae53320,2017-03,Sussex Police,Sussex Police,0.484027,50.843851,On or near Dorset Road,E01021121,Rother 011D,Criminal damage and arson,Investigation complete; no suspect identified,
150414f42ee55f69835d7decbc92c9b3ba946da3e3babf945851a1c3adb34fab,2017-03,Sussex Police,Sussex Police,0.477841,50.843200,On or near Upper Sea Road,E01021121,Rother 011D,Criminal damage and arson,Investigation complete; no suspect identified,
b235aab93d47d9237e4f138e768a72bcfd2fe4f64d3adb85075257ba4b137384,2017-03,Sussex Police,Sussex Police,0.480257,50.841871,On or near Magdalen Road,E01021121,Rother 011D,Other theft,Investigation complete; no suspect identified,
e1d8802f74b1c6708e7f1da00a4d444d9ed20ed27dd6dbdd3ccf7e17ce5e78a9,2017-03,Sussex Police,Sussex Police,0.477841,50.843200,On or near Upper Sea Road,E01021121,Rother 011D,Violence and sexual offences,Unable to prosecute suspect,
0d60bfa731a36930659406c4014d1f6b23f1c1133eb31189b1399dbeb3324933,2017-03,Sussex Police,Sussex Police,0.479290,50.842926,On or near Rotherfield Avenue,E01021121,Rother 011D,Violence and sexual offences,Status update unavailable,
158fb1a0fd253ee0f61a1a2717b5df1ac416472f21df418322813c8beb70b851,2017-03,Sussex Police,Sussex Police,0.479290,50.842926,On or near Rotherfield Avenue,E01021121,Rother 011D,Violence and sexual offences,Investigation complete; no suspect identified,
,2017-03,Sussex Police,Sussex Police,0.475920,50.839382,On or near Wilton Road,E01021122,Rother 011E,Anti-social behaviour,,
,2017-03,Sussex Police,Sussex Police,0.481410,50.839778,On or near Bolebrooke Road,E01021122,Rother 011E,Anti-social behaviour,,
,2017-03,Sussex Police,Sussex Police,0.477030,50.839691,On or near Sea Road,E01021122,Rother 011E,Anti-social behaviour,,
,2017-03,Sussex Police,Sussex Police,0.478007,50.840705,On or near Jameson Mews,E01021122,Rother 011E,Anti-social behaviour,,
,2017-03,Sussex Police,Sussex Police,0.481410,50.839778,On or near Bolebrooke Road,E01021122,Rother 011E,Anti-social behaviour,,
612bf271b530deecba5dd873b1423916ade0dfb5ac15af3ad145f37d4135c650,2017-03,Sussex Police,Sussex Police,0.477030,50.839691,On or near Sea Road,E01021122,Rother 011E,Burglary,Investigation complete; no suspect identified,
cd9f2114168492c6caba85ae77a806a980ce91887bbdd7613d64a11936d3c974,2017-03,Sussex Police,Sussex Police,0.481410,50.839778,On or near Bolebrooke Road,E01021122,Rother 011E,Criminal damage and arson,Investigation complete; no suspect identified,
ed53009d34063d3f8da8f7a126e2ea4afa3604810da229ee9805380bdb7c550c,2017-03,Sussex Police,Sussex Police,0.478280,50.838882,On or near Brassey Road,E01021122,Rother 011E,Other theft,Investigation complete; no suspect identified,
57cdd4fbe4b94a65a73b39091a76758a7336902e1e132719e52df05a65732bb4,2017-03,Sussex Police,Sussex Police,0.477030,50.839691,On or near Sea Road,E01021122,Rother 011E,Other theft,Further investigation is not in the public interest,
0dc311de52ccfa81d29d8acea654b9cac0d1cb4f593d7affbceb1073df7b9a67,2017-03,Sussex Police,Sussex Police,0.477030,50.839691,On or near Sea Road,E01021122,Rother 011E,Shoplifting,Investigation complete; no suspect identified,
d3bcee2256146581f3104f002a50cb8cb9c5c0c3c0f571bdb096bbbba124b1ea,2017-03,Sussex Police,Sussex Police,0.477030,50.839691,On or near Sea Road,E01021122,Rother 011E,Vehicle crime,Investigation complete; no suspect identified,
c84472a82234a3d37a23d050bc4f83a721bae9d42fe8c988011ae0df001c7bd9,2017-03,Sussex Police,Sussex Police,0.478007,50.840705,On or near Jameson Mews,E01021122,Rother 011E,Violence and sexual offences,Status update unavailable,
f88427a9bdd0619a5137823e1b0cbd80944828a42be4e880c2a9a14efdfc7835,2017-03,Sussex Police,Sussex Police,0.477030,50.839691,On or near Sea Road,E01021122,Rother 011E,Violence and sexual offences,Unable to prosecute suspect,
aaae16e868a213cb2533242df825d8e693f76842767c64f15c1c8a6092437e22,2017-03,Sussex Police,Sussex Police,0.479613,50.840716,On or near Jameson Road,E01021122,Rother 011E,Violence and sexual offences,Investigation complete; no suspect identified,
914d7934233914ec3f795c300f342323d9ae2819977b6b70c3d0cdcf7ed85890,2017-03,Sussex Police,Sussex Police,0.058868,51.209652,On or near Meadow Lane,E01024426,Sevenoaks 014B,Other crime,Court result unavailable,
2cd61313aae715b5ae402883483aa98e35cd8da17bfcfde10173fe183a0bc338,2017-03,Sussex Police,Sussex Police,0.121085,51.146847,On or near Park/Open Space,E01024420,Sevenoaks 015A,Criminal damage and arson,Investigation complete; no suspect identified,
41cea96a049bfccf584e9171d6875ae60e7c15f37c638e3474a1523c9e9d4c7f,2017-03,Sussex Police,Sussex Police,-0.039394,51.218013,On or near Sports/Recreation Area,E01030826,Tandridge 009C,Vehicle crime,Investigation complete; no suspect identified,
63cbd4acc2e5f4abb19119fae5c9a50d53a03762d29d6e82406ce1efb5378dfa,2017-03,Sussex Police,Sussex Police,-0.136608,51.160248,On or near Peeks Brook Lane,E01030819,Tandridge 011D,Drugs,Status update unavailable,
a2c93c3bfcdb04b530917e2f38c8edaa3902313f12530248a5f18a5918affb37,2017-03,Sussex Police,Sussex Police,-0.075450,51.142117,On or near Petrol Station,E01030823,Tandridge 011E,Other theft,Action to be taken by another organisation,
a7c989e91a687cc68cb6096870c7f5cba89da1089f3470aef23776507ca955f4,2017-03,Sussex Police,Sussex Police,-0.052311,51.140951,On or near Rowplatt Close,E01030823,Tandridge 011E,Violence and sexual offences,Unable to prosecute suspect,
5e846d60d7fcba25df46aa7d5cfd4067fa887583c339b62868ad27857d478fba,2017-03,Sussex Police,Sussex Police,-0.035629,51.139557,On or near Sports/Recreation Area,E01030823,Tandridge 011E,Violence and sexual offences,Unable to prosecute suspect,
25310b6d2f1ab592b2684e382719d1385c0cc4a43e18532a7fb326cd234be7af,2017-03,Sussex Police,Sussex Police,0.273302,51.188999,On or near Priory Street,E01024779,Tonbridge and Malling 013D,Other crime,Investigation complete; no suspect identified,
,2017-03,Sussex Police,Sussex Police,0.248612,51.121881,On or near Rowan Tree Road,E01024795,Tunbridge Wells 010A,Anti-social behaviour,,
,2017-03,Sussex Police,Sussex Police,0.446768,51.059676,On or near Flimwell Close,E01024804,Tunbridge Wells 011C,Anti-social behaviour,,
,2017-03,Sussex Police,Sussex Police,-0.165967,51.456466,On or near Belleville Road,E01004557,Wandsworth 015B,Anti-social behaviour,,
,2017-03,Sussex Police,Sussex Police,-0.165967,51.456466,On or near Belleville Road,E01004557,Wandsworth 015B,Anti-social behaviour,,
,2017-03,Sussex Police,Sussex Police,-0.165967,51.456466,On or near Belleville Road,E01004557,Wandsworth 015B,Anti-social behaviour,,
,2017-03,Sussex Police,Sussex Police,-0.165967,51.456466,On or near Belleville Road,E01004557,Wandsworth 015B,Anti-social behaviour,,
0f4091f7d99ed97c76b2b425f4a9e3775dff4f4250fbcae90655b28b0d9cf046,2017-03,Sussex Police,Sussex Police,-0.708170,51.089092,On or near Well Lane,E01030933,Waverley 016D,Burglary,Investigation complete; no suspect identified,
01e256e79be12c9d341c3bf262662245987b40ae588da90f29e38b87f75fb73b,2017-03,Sussex Police,Sussex Police,-0.781667,51.168799,On or near Priory Lane,E01030908,Waverley 018A,Other theft,Investigation complete; no suspect identified,
,2017-03,Sussex Police,Sussex Police,0.034428,51.095848,On or near Highfields,E01021167,Wealden 001A,Anti-social behaviour,,
,2017-03,Sussex Police,Sussex Police,0.034537,51.097033,On or near Supermarket,E01021167,Wealden 001A,Anti-social behaviour,,
c713c1ef0f2b7b00d99a969912414db91d58c2d7a671a2c83535350937fcf1ad,2017-03,Sussex Police,Sussex Police,0.033007,51.098940,On or near Petrol Station,E01021167,Wealden 001A,Burglary,Investigation complete; no suspect identified,
211045a2bacd3f0f02ab1d37fd5f66bc2605b42ea5228d8876798b6e63ca6445,2017-03,Sussex Police,Sussex Police,0.040638,51.095803,On or near Blacklands Crescent,E01021167,Wealden 001A,Burglary,Investigation complete; no suspect identified,
bf1e37f62a95ed26f845ec0c7045ce932f329ca2f93af46b649bea99e65499c3,2017-03,Sussex Police,Sussex Police,0.044823,51.095478,On or near Medway Drive,E01021167,Wealden 001A,Criminal damage and arson,Investigation complete; no suspect identified,
d4bfb6cd361aad0de734cb4cebe6f0fe52c7994d0b94d7b28bccd87f3f7cd8e3,2017-03,Sussex Police,Sussex Police,0.044823,51.095478,On or near Medway Drive,E01021167,Wealden 001A,Criminal damage and arson,Investigation complete; no suspect identified,
269d9e31df1577793b464d6ced96051af8e2f0663c872aca72d8afd2fdbbe5b8,2017-03,Sussex Police,Sussex Police,0.043575,51.090499,On or near Shalesbrook Lane,E01021167,Wealden 001A,Criminal damage and arson,Investigation complete; no suspect identified,
4718fddac88118c419f14cb4dafbe7ed5c537643754534beaca0f7c6cadc0dca,2017-03,Sussex Police,Sussex Police,0.034225,51.094809,On or near Walhatch Close,E01021167,Wealden 001A,Other theft,Unable to prosecute suspect,
8e9d930a75cfa55cdc264cc0736253936fd3eda40d141120e1bd05d231a93a7e,2017-03,Sussex Police,Sussex Police,0.033007,51.098940,On or near Petrol Station,E01021167,Wealden 001A,Other theft,Investigation complete; no suspect identified,
d3a01504630c17a05600da98ba4e09dc65fdebd0a03ab765fe2c992727e9e5bb,2017-03,Sussex Police,Sussex Police,0.056811,51.093658,On or near Lines Close,E01021167,Wealden 001A,Public order,Unable to prosecute suspect,
40317f58e4819b2ff5c1af21f1999266c34214c15e1d3364a73344f26070a960,2017-03,Sussex Police,Sussex Police,0.034537,51.097033,On or near Supermarket,E01021167,Wealden 001A,Violence and sexual offences,Unable to prosecute suspect,
6762679565376cb1d133a29280852227c38f98d6bf30a10ee170e81f5ed42a64,2017-03,Sussex Police,Sussex Police,0.035899,51.094546,On or near Upper Close,E01021167,Wealden 001A,Violence and sexual offences,Unable to prosecute suspect,
da97d9c2686ab6f5500dd1ff48b9dfb24b4fc29346dcd01b87d49c3263e5d469,2017-03,Sussex Police,Sussex Police,0.044593,51.092532,On or near Broadstone,E01021167,Wealden 001A,Violence and sexual offences,Unable to prosecute suspect,
ef0538b0e6d62764862641f40a9e9949c4a43990cf42d69672a573a4aaa975c5,2017-03,Sussex Police,Sussex Police,0.048201,51.092730,On or near Post Horn Lane,E01021167,Wealden 001A,Violence and sexual offences,Unable to prosecute suspect,
,2017-03,Sussex Police,Sussex Police,0.033602,51.092328,On or near Woodcote Road,E01021168,Wealden 001B,Anti-social behaviour,,
,2017-03,Sussex Police,Sussex Police,0.028503,51.088073,On or near Lewes Road,E01021168,Wealden 001B,Anti-social behaviour,,
,2017-03,Sussex Police,Sussex Police,0.028503,51.088073,On or near Lewes Road,E01021168,Wealden 001B,Anti-social behaviour,,
95fa3798be1a9721f190c2ab492b724225a06a5d247a6540dede1cb3a071c17d,2017-03,Sussex Police,Sussex Police,-0.014066,51.074046,On or near Plawhatch Lane,E01021168,Wealden 001B,Burglary,Investigation complete; no suspect identified,
a2830125c3e3d1ba0ebf5ef60b35bd160ea178eac92a8b212ed217c7e2e27309,2017-03,Sussex Police,Sussex Police,-0.020002,51.075757,On or near Plawhatch Lane,E01021168,Wealden 001B,Burglary,Offender given community sentence,
7652f2e2ef5ed27111d39718c35f2afdf73cabd8b1f0562c8f210ef7d8e24edf,2017-03,Sussex Police,Sussex Police,-0.020002,51.075757,On or near Plawhatch Lane,E01021168,Wealden 001B,Burglary,Investigation complete; no suspect identified,
1023599bd2c32212529290773cb0b66eba42a38c1bde80cdfb3ac68a81de979d,2017-03,Sussex Police,Sussex Police,-0.020002,51.075757,On or near Plawhatch Lane,E01021168,Wealden 001B,Drugs,Formal action is not in the public interest,
9b1f40db33010a737378efe53d82f369672a9c3c2d01341f698c706e28d50f20,2017-03,Sussex Police,Sussex Police,0.033976,51.073184,On or near Colemans Hatch Road,E01021168,Wealden 001B,Other theft,Investigation complete; no suspect identified,
a639581792682e806b98788427ad15b8aee1e9dcc9a0b014a00960fbae5e4dbf,2017-03,Sussex Police,Sussex Police,0.008515,51.070360,On or near Twyford Lane,E01021168,Wealden 001B,Other theft,Investigation complete; no suspect identified,
8d70527b2e6cfe644904de38d1d33ffbd974b8c23ca80c2c952802fb34c72c73,2017-03,Sussex Police,Sussex Police,-0.014066,51.074046,On or near Plawhatch Lane,E01021168,Wealden 001B,Possession of weapons,Status update unavailable,
f2052f9a68aa69efce1d5938032040e9c99c3a45c5981cc1033bf86e9feaa955,2017-03,Sussex Police,Sussex Police,0.032897,51.087655,On or near Balfour Gardens,E01021168,Wealden 001B,Vehicle crime,Investigation complete; no suspect identified,
7c43c1942dfbe9fe9d9b26e82342f1a69172038d5aecd52c05c6ce3e0d87af58,2017-03,Sussex Police,Sussex Police,-0.014066,51.074046,On or near Plawhatch Lane,E01021168,Wealden 001B,Violence and sexual offences,Unable to prosecute suspect,
eca178eda7718cf7befb3d8af22930ecb71d97d6bb17ed90bc97b6d34e0d5126,2017-03,Sussex Police,Sussex Police,0.041819,51.095360,On or near Hartfield Road,E01021168,Wealden 001B,Violence and sexual offences,Investigation complete; no suspect identified,
c4556fb14df77fe8713919520d10000ee6f562d6fb95ffa0a3cad9ca2fdedfaa,2017-03,Sussex Police,Sussex Police,-0.014066,51.074046,On or near Plawhatch Lane,E01021168,Wealden 001B,Violence and sexual offences,Status update unavailable,
1f77a8ce256e7895177ac791c43ea744a82188a7dd11665e318452f08e029fd6,2017-03,Sussex Police,Sussex Police,0.031122,51.092767,On or near Gage Ridge,E01021168,Wealden 001B,Violence and sexual offences,Unable to prosecute suspect,
f9219ff6612641c855956657d10fe92a14f977d3a53f7c74c15af3a12ace95e8,2017-03,Sussex Police,Sussex Police,0.032897,51.087655,On or near Balfour Gardens,E01021168,Wealden 001B,Violence and sexual offences,Local resolution,
e4ecb924ec70807778220415bbb9b8996ec1ef6d5bfceac6ac309c4247d2f16e,2017-03,Sussex Police,Sussex Police,0.031122,51.092767,On or near Gage Ridge,E01021168,Wealden 001B,Violence and sexual offences,Unable to prosecute suspect,
46e1907b1db2c46b3e7eea0230c676f0ad64af5ff550ebf22f9f36f2f84cf739,2017-03,Sussex Police,Sussex Police,0.038914,51.093612,On or near Ashdown Road,E01021168,Wealden 001B,Violence and sexual offences,Status update unavailable,
93e45c0414dc2399bfd3e7381ac4700f33781dc6de56ba379718684f9f1ee2f8,2017-03,Sussex Police,Sussex Police,0.033602,51.092328,On or near Woodcote Road,E01021168,Wealden 001B,Other crime,Investigation complete; no suspect identified,
711cd9c279a8e010147f5b0f64bc661cbe1c45ee2b3b2ac332fd24c56a63e796,2017-03,Sussex Police,Sussex Police,-0.014066,51.074046,On or near Plawhatch Lane,E01021168,Wealden 001B,Other crime,Investigation complete; no suspect identified,
929547336baed221e128d727f61fbae8b7892a657035ed47b2b01941c696ae00,2017-03,Sussex Police,Sussex Police,-0.013165,51.088078,On or near Legsheath Lane,E01021169,Wealden 001C,Burglary,Investigation complete; no suspect identified,
51515e37e4b3c2715bdd35ea8b5dcf10ace243879bce2ed86ccb322ff7fa300d,2017-03,Sussex Police,Sussex Police,0.010738,51.101213,On or near Park/Open Space,E01021169,Wealden 001C,Criminal damage and arson,Investigation complete; no suspect identified,
8085869afcc25366dd47a01f32643f1087d7660ff40de3050e9d86b96560cd09,2017-03,Sussex Police,Sussex Police,0.087643,51.138968,On or near Park/Open Space,E01021169,Wealden 001C,Other theft,Investigation complete; no suspect identified,
f6dce54545b10f3d993e4e45cdd279deeaf2cc808b41e63252fc822d5e5a6caa,2017-03,Sussex Police,Sussex Police,0.032156,51.099746,On or near Riverside,E01021169,Wealden 001C,Public order,Status update unavailable,
4e927e69e7a1e2fcaa14c3bada7aa177949cc39ec2bbb1fdd76fd8ab7fd33fc7,2017-03,Sussex Police,Sussex Police,-0.026291,51.089668,On or near Parking Area,E01021169,Wealden 001C,Vehicle crime,Investigation complete; no suspect identified,
,2017-03,Sussex Police,Sussex Police,0.114363,51.103630,On or near Motte Field,E01021186,Wealden 001D,Anti-social behaviour,,
d1f4acbceafdbf8d2b137ce3866b1d02ef684b21cdada70510e6e8f33195cdbf,2017-03,Sussex Police,Sussex Police,0.097495,51.095147,On or near Gallipot Hill,E01021186,Wealden 001D,Burglary,Investigation complete; no suspect identified,
f84446d0f90d6734da2385900200fa10ec95f68e8491fad76061ac0c2bd1a8e5,2017-03,Sussex Police,Sussex Police,0.114363,51.103630,On or near Motte Field,E01021186,Wealden 001D,Public order,Unable to prosecute suspect,
2eb4c9b26c8f83eb5c2472ff95f6d300ed9efdab20fa6e353d09ab2d19768137,2017-03,Sussex Police,Sussex Police,0.115281,51.102156,On or near B2110,E01021186,Wealden 001D,Public order,Status update unavailable,
,2017-03,Sussex Police,Sussex Police,0.271332,51.082212,On or near Down Lane,E01021171,Wealden 002A,Anti-social behaviour,,
b524346e461bc2d1a7438daa8ccc7a1246084a9186fce30e1511499e44e0d9d4,2017-03,Sussex Police,Sussex Police,0.297368,51.102811,On or near Rushlye Close,E01021171,Wealden 002A,Burglary,Investigation complete; no suspect identified,
7728f61ba2e0f38c68998d78dabaa60a83dea2d2891a807e8fdefb62ef3769a9,2017-03,Sussex Police,Sussex Police,0.248529,51.106054,On or near Bunny Lane,E01021171,Wealden 002A,Burglary,Investigation complete; no suspect identified,
5ca6d1e9081ddd5e7852c9d5382a0e16d75d4de167d969aa998e071900008265,2017-03,Sussex Police,Sussex Police,0.268344,51.095275,On or near Frant Green Road,E01021171,Wealden 002A,Vehicle crime,Investigation complete; no suspect identified,
f5de2515eebb924d94fd1246735c190de21508bfdaa8fee67ac7589b87d1fecb,2017-03,Sussex Police,Sussex Police,0.258135,51.060146,On or near Tunbridge Wells Road,E01021171,Wealden 002A,Vehicle crime,Investigation complete; no suspect identified,
,2017-03,Sussex Police,Sussex Police,0.179253,51.112322,On or near Withyham Road,E01021172,Wealden 002B,Anti-social behaviour,,
2391dc7edf6836f1ecb06dc615d3c3897651d4e2467d181a22e5f5879b9419ae,2017-03,Sussex Police,Sussex Police,0.141763,51.114175,On or near Park/Open Space,E01021172,Wealden 002B,Burglary,Investigation complete; no suspect identified,
bd351edf5be5dda157da559286c31febeee7d50a1acb0230332c7d215dda877e,2017-03,Sussex Police,Sussex Police,0.189384,51.111440,On or near Lealands Close,E01021172,Wealden 002B,Criminal damage and arson,Investigation complete; no suspect identified,
0663e6b9117e799b07472a9474cb5d9682cfe5e963a812cf65959ebecd476f76,2017-03,Sussex Police,Sussex Police,0.144625,51.136786,On or near Willetts Lane,E01021172,Wealden 002B,Vehicle crime,Investigation complete; no suspect identified,
5dfbd820e36d00df8edbf89ac2b3643f914c44e708b1ab55acd23d2eaa13aa43,2017-03,Sussex Police,Sussex Police,0.180350,51.110746,On or near Florance Lane,E01021172,Wealden 002B,Vehicle crime,Investigation complete; no suspect identified,
766ddb5797694cb974943d6f6b85d33f51a27648031b4e797f367a49bb294c98,2017-03,Sussex Police,Sussex Police,0.189384,51.111440,On or near Lealands Close,E01021172,Wealden 002B,Violence and sexual offences,Unable to prosecute suspect,
7c1e7ddc51455f9ae2417556b781f9ea8f79d6a59077dc2da4bbcf39098335cc,2017-03,Sussex Police,Sussex Police,0.139433,51.098686,On or near Sports/Recreation Area,E01021173,Wealden 002C,Burglary,Unable to prosecute suspect,
fc5da52652595a601c772405364e33b83a2d4a2b816097db2162829b07b0963b,2017-03,Sussex Police,Sussex Police,0.182067,51.097151,On or near Forge Road,E01021173,Wealden 002C,Burglary,Unable to prosecute suspect,
a56dc10bd4784d26a9e1dfec1a06a4ffc8256add69c8fab2a5fe7ce0d641db53,2017-03,Sussex Police,Sussex Police,0.182067,51.097151,On or near Forge Road,E01021173,Wealden 002C,Other theft,Investigation complete; no suspect identified,
00777302f7b8f91b499ae89437ea63551fd9ffeee5f9a0f12fefc306395b35d7,2017-03,Sussex Police,Sussex Police,0.186537,51.069881,On or near Petrol Station,E01021173,Wealden 002C,Other theft,Investigation complete; no suspect identified,
fb4c7d6b1b33b7c6ffe2b35e5738929b23672c70536605d30555cdf5b79b4d7a,2017-03,Sussex Police,Sussex Police,0.200200,51.089788,On or near Parking Area,E01021173,Wealden 002C,Other theft,Investigation complete; no suspect identified,
12e708ff917abf57554e9723b7f5de7e461dcf0996286e882c1ceaa6667a114a,2017-03,Sussex Police,Sussex Police,0.200200,51.089788,On or near Parking Area,E01021173,Wealden 002C,Other theft,Investigation complete; no suspect identified,
03700ca4ae8a3662a28b1d71ce28ecbcd69fe22f113be06c9563b8895b8aed2b,2017-03,Sussex Police,Sussex Police,0.182067,51.097151,On or near Forge Road,E01021173,Wealden 002C,Other theft,Unable to prosecute suspect,
224ac08f16bcaa7d90ec487550a1735d1ba317dcdb2ffab9f5cb9e83cf23a4c0,2017-03,Sussex Police,Sussex Police,0.139433,51.098686,On or near Sports/Recreation Area,E01021173,Wealden 002C,Violence and sexual offences,Unable to prosecute suspect,
,2017-03,Sussex Police,Sussex Police,0.169332,51.052682,On or near Cornford Close,E01021156,Wealden 003A,Anti-social behaviour,,
,2017-03,Sussex Police,Sussex Police,0.167093,51.055161,On or near Chapel Green,E01021156,Wealden 003A,Anti-social behaviour,,
,2017-03,Sussex Police,Sussex Police,0.167093,51.055161,On or near Chapel Green,E01021156,Wealden 003A,Anti-social behaviour,,
a22b3bd43e115fb95e286c62ea7d7b681ddcc8fa969e9a8ad9f21adbf610eb4a,2017-03,Sussex Police,Sussex Police,0.162850,51.058729,On or near The Broadway,E01021156,Wealden 003A,Criminal damage and arson,Investigation complete; no suspect identified,
d1141153d3b72c4a9c6421c2c54450a5210b514c9577cb6701c5d6744067e755,2017-03,Sussex Police,Sussex Police,0.163538,51.059409,On or near Nevill Road,E01021156,Wealden 003A,Violence and sexual offences,Unable to prosecute suspect,
0691673d08304cbbb2965cc87de22ebd5910f48a89e8d80ca30db6428dfbd7af,2017-03,Sussex Police,Sussex Police,0.163514,51.061028,On or near Batchelor Crescent,E01021156,Wealden 003A,Violence and sexual offences,Unable to prosecute suspect,
9e1653f5f7f518392af89be59e8c43929bab405fecbc633dd387e57f1c3de9e6,2017-03,Sussex Police,Sussex Police,0.163538,51.059409,On or near Nevill Road,E01021156,Wealden 003A,Violence and sexual offences,Offender given a caution,
776a9acf8707cf0ae1d74749de5a0c91867be6768634bc0e4703762705546435,2017-03,Sussex Police,Sussex Police,0.163538,51.059409,On or near Nevill Road,E01021156,Wealden 003A,Violence and sexual offences,Offender given a caution,
62bfe71fb406eb0f67cd313464c7ba32bb871d297640bef225f48f262dd860a9,2017-03,Sussex Police,Sussex Police,0.166310,51.052756,On or near The Martlets,E01021156,Wealden 003A,Violence and sexual offences,Status update unavailable,
1632dc1dafc168fc623ac2091f335d2880a40ee1e4028f6a382eb322098cc18c,2017-03,Sussex Police,Sussex Police,0.163514,51.061028,On or near Batchelor Crescent,E01021156,Wealden 003A,Violence and sexual offences,Unable to prosecute suspect,
,2017-03,Sussex Police,Sussex Police,0.173174,51.059482,On or near Hookswood Close,E01021157,Wealden 003B,Anti-social behaviour,,
,2017-03,Sussex Police,Sussex Police,0.163675,51.063570,On or near Pilmer Road,E01021157,Wealden 003B,Anti-social behaviour,,
,2017-03,Sussex Police,Sussex Police,0.163675,51.063570,On or near Pilmer Road,E01021157,Wealden 003B,Anti-social behaviour,,
,2017-03,Sussex Police,Sussex Police,0.162531,51.062296,On or near Parking Area,E01021157,Wealden 003B,Anti-social behaviour,,
2418ed9c061518f39e9529b0b0d3442659b8b8912824363360120a032bece1e0,2017-03,Sussex Police,Sussex Police,0.168240,51.059555,On or near Eridge Drive,E01021157,Wealden 003B,Burglary,Investigation complete; no suspect identified,
11f19d1c0d48192b2b1401da21dfdcface233e418a0af1ffcc16fa7027a458c9,2017-03,Sussex Police,Sussex Police,0.171052,51.061095,On or near The Farthings,E01021157,Wealden 003B,Criminal damage and arson,Investigation complete; no suspect identified,
d8ab9b49524cdcdcac77c352c735209575eff382189be6fb63faf1b77bba6949,2017-03,Sussex Police,Sussex Police,0.163675,51.063570,On or near Pilmer Road,E01021157,Wealden 003B,Criminal damage and arson,Investigation complete; no suspect identified,
5b07022528982812ea9a97c8e7b5bff4d110945eac8e8c92781e054ea0fd904f,2017-03,Sussex Police,Sussex Police,0.162903,51.060167,On or near New Road,E01021157,Wealden 003B,Criminal damage and arson,Investigation complete; no suspect identified,
6602dd9c77c00bd630b4209949e6a06383404d1d359ae5f741dfd01bfb120f75,2017-03,Sussex Police,Sussex Police,0.167240,51.061058,On or near Elphick Place,E01021157,Wealden 003B,Public order,Court result unavailable,
62d26b6f77ff0908488d3dabba7fb329bc4a6b27d18494606c493d28cf03b46b,2017-03,Sussex Police,Sussex Police,0.163675,51.063570,On or near Pilmer Road,E01021157,Wealden 003B,Violence and sexual offences,Unable to prosecute suspect,
998a31020a76dae2960c15751c7ab04966093f6831df1c823b6f58eb5a44d9c1,2017-03,Sussex Police,Sussex Police,0.167240,51.061058,On or near Elphick Place,E01021157,Wealden 003B,Violence and sexual offences,Offender given community sentence,
9608f84a5f8e947084f4cba61343504c35ebd6251ca01d0230a173740be56e68,2017-03,Sussex Police,Sussex Police,0.167240,51.061058,On or near Elphick Place,E01021157,Wealden 003B,Violence and sexual offences,Further investigation is not in the public interest,
b510220f0c0855183ffde37cf1b1ddbbfd4a441813ff29643972e8eaeb296ba8,2017-03,Sussex Police,Sussex Police,0.162903,51.060167,On or near New Road,E01021157,Wealden 003B,Other crime,Further investigation is not in the public interest,
,2017-03,Sussex Police,Sussex Police,0.180671,51.054710,On or near Nassau Drive,E01021158,Wealden 003C,Anti-social behaviour,,
,2017-03,Sussex Police,Sussex Police,0.180671,51.054710,On or near Nassau Drive,E01021158,Wealden 003C,Anti-social behaviour,,
,2017-03,Sussex Police,Sussex Police,0.180671,51.054710,On or near Nassau Drive,E01021158,Wealden 003C,Anti-social behaviour,,
30ab6cec8786e7611c484c33e212f1ad93d83305687e581e4b0209c090f9927e,2017-03,Sussex Police,Sussex Police,0.175819,51.053802,On or near West Beeches Road,E01021158,Wealden 003C,Criminal damage and arson,Further investigation is not in the public interest,
ea0262d296f25e86200c96b94167a7423fcb6c5869be728231675cc198cfab4d,2017-03,Sussex Police,Sussex Police,0.173064,51.053170,On or near Police Station,E01021158,Wealden 003C,Criminal damage and arson,Unable to prosecute suspect,
c4e66a3f269127fe8aa8b321fc352a99396939c6cf1d7934ca932291e7397236,2017-03,Sussex Police,Sussex Police,0.173182,51.054148,On or near North Beeches Road,E01021158,Wealden 003C,Criminal damage and arson,Investigation complete; no suspect identified,
12acaf9ec9e1c53e2d2fe7367446a881ed4264fe8780daa4bab69040c89249af,2017-03,Sussex Police,Sussex Police,0.180671,51.054710,On or near Nassau Drive,E01021158,Wealden 003C,Criminal damage and arson,Investigation complete; no suspect identified,
5f5a9dec67c419962c0ce6130a68ab71a101c483a8120b1ac7d19b3ecadb9b0e,2017-03,Sussex Police,Sussex Police,0.173064,51.053170,On or near Police Station,E01021158,Wealden 003C,Possession of weapons,Investigation complete; no suspect identified,
b5c9a9934fc4583c533e952ed0da25b2aea187666d3ec9dfce6040b67751dfef,2017-03,Sussex Police,Sussex Police,0.177260,51.056528,On or near Poundfield Road,E01021158,Wealden 003C,Violence and sexual offences,Unable to prosecute suspect,
628bb030faf699cea8e023d3d14c0ed5ea017bfc13f4bb557c49fbef3d7b0bf8,2017-03,Sussex Police,Sussex Police,0.180671,51.054710,On or near Nassau Drive,E01021158,Wealden 003C,Violence and sexual offences,Unable to prosecute suspect,
d3d14850d73f80c437be3c6d1c306c105402ebc07d2733b509612c3566bfe35e,2017-03,Sussex Police,Sussex Police,0.175819,51.053802,On or near West Beeches Road,E01021158,Wealden 003C,Violence and sexual offences,Status update unavailable,
91c8622d18f31e825dfefb8f4544e6278957493eeaf1ed9aba599815c86ec0a1,2017-03,Sussex Police,Sussex Police,0.173182,51.054148,On or near North Beeches Road,E01021158,Wealden 003C,Violence and sexual offences,Unable to prosecute suspect,
0833efce591edc1f9b7ecab5751cae145da9b9767efe3105db0c2077077128fd,2017-03,Sussex Police,Sussex Police,0.149787,51.064474,On or near Boxgate,E01021159,Wealden 004A,Criminal damage and arson,Investigation complete; no suspect identified,
d3c6a7ef17a7c65c87c1793889134e65bfbfa6aa5d9634fc87b272e11269d7d3,2017-03,Sussex Police,Sussex Police,0.150319,51.055938,On or near Forest Park,E01021159,Wealden 004A,Other theft,Investigation complete; no suspect identified,
53f161e9c2aa9c7ec761cca73c898752bef3587cd7efb2a8a00fa11b7a634615,2017-03,Sussex Police,Sussex Police,0.143874,51.047387,On or near Heavegate Road,E01021159,Wealden 004A,Public order,Further investigation is not in the public interest,
acf4ed72c44653191c6801a54bef582331f90e2ca5bc38436e6b664ad7a6b65f,2017-03,Sussex Police,Sussex Police,0.135091,51.041927,On or near Sports/Recreation Area,E01021159,Wealden 004A,Violence and sexual offences,Unable to prosecute suspect,
597eea8849b7d0ea317a8fd37bf8bd9a0a25b96a4532cabe4e0282e0900edeb3,2017-03,Sussex Police,Sussex Police,0.155625,51.063260,On or near St John'S Road,E01021159,Wealden 004A,Other crime,Further investigation is not in the public interest,
,2017-03,Sussex Police,Sussex Police,0.162014,51.058861,On or near Supermarket,E01021160,Wealden 004B,Anti-social behaviour,,
,2017-03,Sussex Police,Sussex Police,0.162014,51.058861,On or near Supermarket,E01021160,Wealden 004B,Anti-social behaviour,,
,2017-03,Sussex Police,Sussex Police,0.162014,51.058861,On or near Supermarket,E01021160,Wealden 004B,Anti-social behaviour,,
ccd664c38c0630bc16f249abb31d2b44ce2f68459e9b947fc5f0a0fcf349289b,2017-03,Sussex Police,Sussex Police,0.161960,51.059842,On or near High Street,E01021160,Wealden 004B,Other theft,Unable to prosecute suspect,
6a5ca42e60948a47ac2864fa06bfdf8881213a66b71c347d0ffd93c94ee762db,2017-03,Sussex Police,Sussex Police,0.161832,51.058334,On or near Shopping Area,E01021160,Wealden 004B,Other theft,Investigation complete; no suspect identified,
25f02a5b42468c1e0065d1610b409d568330bc131609f0002a546bc1c7424e23,2017-03,Sussex Police,Sussex Police,0.159559,51.059770,On or near Petrol Station,E01021160,Wealden 004B,Other theft,Unable to prosecute suspect,
3ef3a068c225f5d03b07192ef14924bb635b0eb2b9162909aa3c81bafaba1982,2017-03,Sussex Police,Sussex Police,0.159559,51.059770,On or near Petrol Station,E01021160,Wealden 004B,Other theft,Investigation complete; no suspect identified,
3530763a4702f8bbd3154351e4d67ecd4b600eeaaf46e6936677ed7d4e12b969,2017-03,Sussex Police,Sussex Police,0.159559,51.059770,On or near Petrol Station,E01021160,Wealden 004B,Shoplifting,Awaiting court outcome,
c936d7881f6a260d9a7ff4d9f3479dc519f3642b979286d1079689914b8a43e9,2017-03,Sussex Police,Sussex Police,0.161832,51.058334,On or near Shopping Area,E01021160,Wealden 004B,Shoplifting,Investigation complete; no suspect identified,
c46e59403ddcdc0aef002259b17f82f23b28092254b683c52c26ff5509c510b9,2017-03,Sussex Police,Sussex Police,0.161832,51.058334,On or near Shopping Area,E01021160,Wealden 004B,Shoplifting,Investigation complete; no suspect identified,
6a916b10993aabe4e79e74b65b19e13d5246508d7c782fa30cd7a24175f5c70c,2017-03,Sussex Police,Sussex Police,0.159559,51.059770,On or near Petrol Station,E01021160,Wealden 004B,Shoplifting,Unable to prosecute suspect,
fa91d39d474784a9922b0219d1538dfcc40723a05568b094acb8045ca038df95,2017-03,Sussex Police,Sussex Police,0.158267,51.061134,On or near Bryants Field,E01021160,Wealden 004B,Theft from the person,Investigation complete; no suspect identified,
600d6ea48dc9eb8442e4a493adf8459e47440fcabcdf62ac7d09f2da71b4ece7,2017-03,Sussex Police,Sussex Police,0.160548,51.051271,On or near Sandridge,E01021161,Wealden 004C,Criminal damage and arson,Investigation complete; no suspect identified,
9260ed866cab436f8face5ff30cc6dd0381e4b9032c860f732919ff47bd4a771,2017-03,Sussex Police,Sussex Police,0.161223,51.055054,On or near Croft Road,E01021161,Wealden 004C,Criminal damage and arson,Investigation complete; no suspect identified,
b792c28c20aa0d5e749a2beb81f328438c6217ae4638baa19e6bca08d40c8f5a,2017-03,Sussex Police,Sussex Police,0.160281,51.048910,On or near Harecombe Rise,E01021161,Wealden 004C,Drugs,Status update unavailable,
6575fe93e5c88a65d51d5e8d0e4f6461f7b16783ca32f263aae8aa9c245aff97,2017-03,Sussex Police,Sussex Police,0.160281,51.048910,On or near Harecombe Rise,E01021161,Wealden 004C,Drugs,Status update unavailable,
a1dd232d2e25c8188a8e2f38b8a65b707d94a40aae084c3b6fb6442ee5147962,2017-03,Sussex Police,Sussex Police,0.160281,51.048910,On or near Harecombe Rise,E01021161,Wealden 004C,Drugs,Status update unavailable,
9e2d9574eb229da5d23ff675f43aad727b1c48b6c351597c1078e3e8cf6c889e,2017-03,Sussex Police,Sussex Police,0.163822,51.050500,On or near School Lane,E01021161,Wealden 004C,Public order,Status update unavailable,
6078b4ccb919c62479944c0f917f102efdf37feecebff540b66ae605d1283a86,2017-03,Sussex Police,Sussex Police,0.160655,51.048058,On or near Harecombe Road,E01021161,Wealden 004C,Other crime,Further investigation is not in the public interest,
,2017-03,Sussex Police,Sussex Police,0.160414,51.046875,On or near Combe End,E01021162,Wealden 004D,Anti-social behaviour,,
,2017-03,Sussex Police,Sussex Police,0.154847,51.049892,On or near South View Road,E01021162,Wealden 004D,Anti-social behaviour,,
,2017-03,Sussex Police,Sussex Police,0.152453,51.051789,On or near Winscote Close,E01021162,Wealden 004D,Anti-social behaviour,,
c94c461aef793f5b49d85024561c1d02e3c79c22b6809561cde8385802956724,2017-03,Sussex Police,Sussex Police,0.152453,51.051789,On or near Winscote Close,E01021162,Wealden 004D,Possession of weapons,Further investigation is not in the public interest,
0d8debeb41c8a8ebe1e61029a6b93141465e1cd3a46e2bd869b308317cae70be,2017-03,Sussex Police,Sussex Police,0.157459,51.051445,On or near Hospital,E01021162,Wealden 004D,Violence and sexual offences,Status update unavailable,
c5d3e641cff7cef1e91ce31637fb2116125e7be3895046ed70be787fac17c1c3,2017-03,Sussex Police,Sussex Police,0.154847,51.049892,On or near South View Road,E01021162,Wealden 004D,Violence and sexual offences,Unable to prosecute suspect,
a1877c41e2b9e0eb3fe75ecd480cba5019ea1a9c65783fa118b61800506724d1,2017-03,Sussex Police,Sussex Police,0.160414,51.046875,On or near Combe End,E01021162,Wealden 004D,Violence and sexual offences,Unable to prosecute suspect,
21722f155df65136c1f3aa0a75a86f01b724f2fbc2b5cb3902e91c2b5423f16c,2017-03,Sussex Police,Sussex Police,0.261228,51.027259,On or near Little Trogers Lane,E01021202,Wealden 005A,Burglary,Investigation complete; no suspect identified,
,2017-03,Sussex Police,Sussex Police,0.274609,51.020353,On or near East Street,E01021203,Wealden 005B,Anti-social behaviour,,
a0dd915a9ea80469974240ca7b74e23358b6b7dabe41ef94d0fa2f1d2573b485,2017-03,Sussex Police,Sussex Police,0.243532,51.013418,On or near Berkley Road,E01021203,Wealden 005B,Burglary,Investigation complete; no suspect identified,
b55b61cb4582688f0549c3aaa069c38a455ebf2ad34a59b88d4baf241dcc6311,2017-03,Sussex Police,Sussex Police,0.321828,51.004477,On or near Swife Lane,E01021203,Wealden 005B,Burglary,Investigation complete; no suspect identified,
db66df0a6314f89de29625deefc36c4b397846b455309375d51f64a293fdba46,2017-03,Sussex Police,Sussex Police,0.240685,51.037476,On or near Tunbridge Wells Road,E01021203,Wealden 005B,Other theft,Investigation complete; no suspect identified,
c26b97ab7478836d5424ba8f3a6180897f01131f6a207fff8f58ced5372db347,2017-03,Sussex Police,Sussex Police,0.236280,51.011443,On or near Meres Lane,E01021203,Wealden 005B,Vehicle crime,Investigation complete; no suspect identified,
,2017-03,Sussex Police,Sussex Police,0.333622,51.069887,On or near Western Road,E01021229,Wealden 005C,Anti-social behaviour,,
,2017-03,Sussex Police,Sussex Police,0.322795,51.074303,On or near Three Oaks Lane,E01021229,Wealden 005C,Anti-social behaviour,,
02bf8465d5fbd2a5be1ccaffcc85f1074c0f47a475060073b40514e4bf02faa2,2017-03,Sussex Police,Sussex Police,0.273014,51.035260,On or near Sports/Recreation Area,E01021229,Wealden 005C,Burglary,Investigation complete; no suspect identified,
d6feaa64424e6fea1aa83cf0579cab718e2608db5f36e3422772f0c0ebc57685,2017-03,Sussex Police,Sussex Police,0.286877,51.055495,On or near Bassetts Lane,E01021229,Wealden 005C,Vehicle crime,Investigation complete; no suspect identified,
,2017-03,Sussex Police,Sussex Police,0.335315,51.070339,On or near South View Road,E01021230,Wealden 005D,Anti-social behaviour,,
651255dc44c662c8af28e308979c449373c7ab841726801ffd9a4ab6b73d3e46,2017-03,Sussex Police,Sussex Police,0.391103,51.078960,On or near Park/Open Space,E01021230,Wealden 005D,Burglary,Investigation complete; no suspect identified,
5f7d4ca93a9cb00a5061e063b9cab2411cfbb4904bb1f6a105d6305afa7a70eb,2017-03,Sussex Police,Sussex Police,0.391103,51.078960,On or near Park/Open Space,E01021230,Wealden 005D,Violence and sexual offences,Local resolution,
c1cf1b48a26db3072537aab5d2619daae2606374141e6e0890a9c97f9e580b28,2017-03,Sussex Police,Sussex Police,0.337729,51.072350,On or near Hollydene Road,E01021230,Wealden 005D,Violence and sexual offences,Investigation complete; no suspect identified,
3e10272d031f043f0cb85368b2ad6a3665f348f309729c83551426644375f9e1,2017-03,Sussex Police,Sussex Police,0.337729,51.072350,On or near Hollydene Road,E01021230,Wealden 005D,Violence and sexual offences,Unable to prosecute suspect,
8829819507ee37c2a22996d4d2e754970ab572eb9fccb824969a508d954bdf0c,2017-03,Sussex Police,Sussex Police,0.373937,51.080254,On or near B2100,E01021230,Wealden 005D,Violence and sexual offences,Formal action is not in the public interest,
,2017-03,Sussex Police,Sussex Police,0.325165,51.065765,On or near Mayfield Park,E01021231,Wealden 005E,Anti-social behaviour,,
,2017-03,Sussex Police,Sussex Police,0.327557,51.066788,On or near Petrol Station,E01021231,Wealden 005E,Anti-social behaviour,,
,2017-03,Sussex Police,Sussex Police,0.330436,51.069258,On or near Queens Cottages,E01021231,Wealden 005E,Anti-social behaviour,,
4c164c6b71f3cb64de344cbc2d25c73c15d63d213db3bc74979ebaaef0d0cfc7,2017-03,Sussex Police,Sussex Police,0.338795,51.062058,On or near Parking Area,E01021231,Wealden 005E,Violence and sexual offences,Further investigation is not in the public interest,
4c69ac7f7101828441f81d54fd410b88783fdbaab5cc4d29ba8998f07fe7e19d,2017-03,Sussex Police,Sussex Police,0.335713,51.061517,On or near Styles Lane,E01021231,Wealden 005E,Violence and sexual offences,Further investigation is not in the public interest,
c43aec1ff7739daa5b4a912ad49fe3e8702e6429d161c61f0409ffeae1a527c3,2017-03,Sussex Police,Sussex Police,0.335811,51.060346,On or near Snape View,E01021231,Wealden 005E,Violence and sexual offences,Unable to prosecute suspect,
43d74d54f2dd5c06c6d1fe96a0f07bc1b652d5ecbc488ddf475d90f4886f4eb8,2017-03,Sussex Police,Sussex Police,0.335713,51.061517,On or near Styles Lane,E01021231,Wealden 005E,Violence and sexual offences,Unable to prosecute suspect,
,2017-03,Sussex Police,Sussex Police,0.185666,51.045327,On or near Farningham Road,E01021151,Wealden 006A,Anti-social behaviour,,
,2017-03,Sussex Police,Sussex Police,0.185666,51.045327,On or near Farningham Road,E01021151,Wealden 006A,Anti-social behaviour,,
,2017-03,Sussex Police,Sussex Police,0.185666,51.045327,On or near Farningham Road,E01021151,Wealden 006A,Anti-social behaviour,,
,2017-03,Sussex Police,Sussex Police,0.168170,51.043998,On or near Rotherhill Road,E01021151,Wealden 006A,Anti-social behaviour,,
d630114892b1fa89de4ad7e832cccffc992b6198c78b1bb5b3c00845bc529e82,2017-03,Sussex Police,Sussex Police,0.185666,51.045327,On or near Farningham Road,E01021151,Wealden 006A,Burglary,Investigation complete; no suspect identified,
1a3e47f2d20326bd3ce5468603bc3100c36ee33a518ebcb207c89c4aebbb1c8d,2017-03,Sussex Police,Sussex Police,0.167771,51.047980,On or near Alamein Close,E01021151,Wealden 006A,Criminal damage and arson,Investigation complete; no suspect identified,
43dc06d5555daf0e0343561dd7fcec4a006e0a141dfa83847f97632ff6b11848,2017-03,Sussex Police,Sussex Police,0.181164,51.044260,On or near Mount Pleasant,E01021151,Wealden 006A,Other theft,Investigation complete; no suspect identified,
a67df891b18314db737cca1527645c8bbbcf63d355d300e7335a5ea222427d37,2017-03,Sussex Police,Sussex Police,0.182033,51.041185,On or near Hadlow Down Road,E01021151,Wealden 006A,Public order,Further investigation is not in the public interest,
78297665dd1bbab345b7b4bcacdedb6a0cea05cab58eee6a18ace713d7ecdfc0,2017-03,Sussex Police,Sussex Police,0.168170,51.043998,On or near Rotherhill Road,E01021151,Wealden 006A,Public order,Further investigation is not in the public interest,
a87ee6a7e5d56a41960a428a40548ed089f25ed1b8f10ebf4bc70ded093bb266,2017-03,Sussex Police,Sussex Police,0.167771,51.047980,On or near Alamein Close,E01021151,Wealden 006A,Vehicle crime,Investigation complete; no suspect identified,
1a9071e58b58339b5e8d91632ae74f63b2934a8ada23794fd9072ede406499b0,2017-03,Sussex Police,Sussex Police,0.167771,51.047980,On or near Alamein Close,E01021151,Wealden 006A,Vehicle crime,Investigation complete; no suspect identified,
04826f580980f4cd1374c8d12a71fe75c639e45893772fe65abec1d903e8c5c4,2017-03,Sussex Police,Sussex Police,0.182033,51.041185,On or near Hadlow Down Road,E01021151,Wealden 006A,Violence and sexual offences,Unable to prosecute suspect,
,2017-03,Sussex Police,Sussex Police,0.167827,51.041846,On or near Aldervale Cottages,E01021152,Wealden 006B,Anti-social behaviour,,
,2017-03,Sussex Police,Sussex Police,0.167827,51.041846,On or near Aldervale Cottages,E01021152,Wealden 006B,Anti-social behaviour,,
,2017-03,Sussex Police,Sussex Police,0.167827,51.041846,On or near Aldervale Cottages,E01021152,Wealden 006B,Anti-social behaviour,,
,2017-03,Sussex Police,Sussex Police,0.167827,51.041846,On or near Aldervale Cottages,E01021152,Wealden 006B,Anti-social behaviour,,
208892f79a71f9b1718aba49c24ab81f1a74184cfa5f801872f2c6b196ff55f9,2017-03,Sussex Police,Sussex Police,0.169220,51.040219,On or near Alderbrook Close,E01021152,Wealden 006B,Vehicle crime,Investigation complete; no suspect identified,
07af115b0a2c8421cf3609c06dd438ebfedd4542e17e92fb68e23e9fc20c405c,2017-03,Sussex Police,Sussex Police,0.167827,51.041846,On or near Aldervale Cottages,E01021152,Wealden 006B,Violence and sexual offences,Unable to prosecute suspect,
defbcbafdd3d1ffbe1c8f96031aa963e345c8b5e75d983821d764800e4e5f7af,2017-03,Sussex Police,Sussex Police,0.167092,51.039557,On or near Stone Cross Road,E01021152,Wealden 006B,Violence and sexual offences,Investigation complete; no suspect identified,
e4a709e33ecd9a50ea31c254c95bed59ec36ccbb6b1dd99d74268b185f977e79,2017-03,Sussex Police,Sussex Police,0.163171,51.036536,On or near Burnt Oak Road,E01021152,Wealden 006B,Violence and sexual offences,Unable to prosecute suspect,
,2017-03,Sussex Police,Sussex Police,0.166715,51.052263,On or near Hydehurst Close,E01021153,Wealden 006C,Anti-social behaviour,,
,2017-03,Sussex Police,Sussex Police,0.164484,51.050613,On or near Queens Road,E01021153,Wealden 006C,Anti-social behaviour,,
d9116ee5dd3053cb6fd245d501ded09c50ee8759e19872cdf5d986c4a7411a54,2017-03,Sussex Police,Sussex Police,0.170375,51.050576,On or near Wallis Close,E01021153,Wealden 006C,Burglary,Investigation complete; no suspect identified,
3017b54f4591a6e5ca15c81cd27299385b1ad46759b6285a2d07b1699419aa77,2017-03,Sussex Police,Sussex Police,0.171187,51.051163,On or near Buller Close,E01021153,Wealden 006C,Other theft,Unable to prosecute suspect,
4edaf7e1f9dd2ca4a27065971a566122be238ee70e6db44488ef4e63d762932c,2017-03,Sussex Police,Sussex Police,0.165328,51.049438,On or near Huntingdon Road,E01021153,Wealden 006C,Vehicle crime,Investigation complete; no suspect identified,
588de8f4401ac07584395226a60864bf0088af11eb6a33aeac166531b80be160,2017-03,Sussex Police,Sussex Police,0.173022,51.048296,On or near Martin'S Gardens,E01021153,Wealden 006C,Vehicle crime,Investigation complete; no suspect identified,
a4741ff3b33547964e5e02cd387e844bb7aa078b20c2981e089dabb091286fb7,2017-03,Sussex Police,Sussex Police,0.173022,51.048296,On or near Martin'S Gardens,E01021153,Wealden 006C,Violence and sexual offences,Status update unavailable,
fe53913e0506961b86b6ea0bbe57b6e615de6e26b5ac7ebcbb0b5e89dcee4f96,2017-03,Sussex Police,Sussex Police,0.166420,51.050227,On or near Little Sunnyside,E01021153,Wealden 006C,Violence and sexual offences,Unable to prosecute suspect,
,2017-03,Sussex Police,Sussex Police,0.186969,51.049673,On or near Bracken Close,E01021154,Wealden 006D,Anti-social behaviour,,
ced86c2dc82c96e569ef7ee8bf59697a9b383d75b0283bbce746e3ac938012af,2017-03,Sussex Police,Sussex Police,0.185567,51.049286,On or near Rodwell,E01021154,Wealden 006D,Criminal damage and arson,Unable to prosecute suspect,
3a68173a417b2fc8d6f9ee37a1bf0034445e5957486d391f672442a0ce4cf7df,2017-03,Sussex Police,Sussex Police,0.180852,51.054005,On or near Hillrise,E01021154,Wealden 006D,Theft from the person,Further investigation is not in the public interest,
85a19772e257e2418419da7256b06ebbcbb7723eeff11a64f265401d5d389b85,2017-03,Sussex Police,Sussex Police,0.189539,51.050317,On or near Brook Close,E01021154,Wealden 006D,Violence and sexual offences,Status update unavailable,
d78689ce1aa20c5c3ce5b40cbb60fa9c446431f9501e4cf41a8816f75993ada4,2017-03,Sussex Police,Sussex Police,0.191984,51.050110,On or near Forest Rise,E01021154,Wealden 006D,Other crime,Further investigation is not in the public interest,
,2017-03,Sussex Police,Sussex Police,0.192032,51.045090,On or near Mottins Hill,E01021155,Wealden 006E,Anti-social behaviour,,
,2017-03,Sussex Police,Sussex Police,0.186355,51.047535,On or near Windsor Place,E01021155,Wealden 006E,Anti-social behaviour,,
0dfff09db5694b181c8718557c3f1d36eb779ff70ca09b0119e0a5ac8d31f1b6,2017-03,Sussex Police,Sussex Police,0.192032,51.045090,On or near Mottins Hill,E01021155,Wealden 006E,Criminal damage and arson,Investigation complete; no suspect identified,
c8d7488478ad429a43f7cbe6e6651ab5568d66c1b2cddd1f1494f7bf1c7a08c9,2017-03,Sussex Police,Sussex Police,0.187985,51.044896,On or near Knowle Close,E01021155,Wealden 006E,Criminal damage and arson,Investigation complete; no suspect identified,
0bb3ada481738f5b38d9348ba7e5693503bdaeaacc55c0dcc6c4dd9a7870402e,2017-03,Sussex Police,Sussex Police,0.189243,51.047670,On or near Parking Area,E01021155,Wealden 006E,Other theft,Unable to prosecute suspect,
fbd24278a9bc4bd18c22f4bdc0c759f7be4a46a1a7c82a1212cd9b2950d02415,2017-03,Sussex Police,Sussex Police,0.189243,51.047670,On or near Parking Area,E01021155,Wealden 006E,Other theft,Unable to prosecute suspect,
,2017-03,Sussex Police,Sussex Police,0.000926,51.033725,On or near London Road,E01021163,Wealden 007A,Anti-social behaviour,,
03263b0f8c9926bf760b53a3e92a1f5b6703ec5e112d1b606771b830dfe565d0,2017-03,Sussex Police,Sussex Police,0.023763,51.048486,On or near Beaconsfield Road,E01021163,Wealden 007A,Burglary,Investigation complete; no suspect identified,
1215bf981146bb6647726f8a23e929ece9e753944164048b40e6f2e007a27101,2017-03,Sussex Police,Sussex Police,0.060033,51.038562,On or near Ashdown View,E01021163,Wealden 007A,Other theft,Investigation complete; no suspect identified,
84caf17ac5d75730c4c2f2e95491ae930a4d661a0fa97c873bbc41def5cc2a74,2017-03,Sussex Police,Sussex Police,0.036707,51.060609,On or near Wych Cross,E01021163,Wealden 007A,Public order,Unable to prosecute suspect,
a2dbde4d0db3e439f6c7563e9bf2916a581ab864efdb10f7caf5bbd939183544,2017-03,Sussex Police,Sussex Police,0.024998,51.067971,On or near Lewes Road,E01021163,Wealden 007A,Vehicle crime,Investigation complete; no suspect identified,
6c37dbcf70deb1002ae556169ad60f429b6d707f4e551c84235080bf4e076080,2017-03,Sussex Police,Sussex Police,0.024998,51.067971,On or near Lewes Road,E01021163,Wealden 007A,Vehicle crime,Investigation complete; no suspect identified,
29cccea4b201433b096ba5ab8f8ce2be5a9b718e1a84b4aa3725f34125a2479b,2017-03,Sussex Police,Sussex Police,0.023763,51.048486,On or near Beaconsfield Road,E01021163,Wealden 007A,Violence and sexual offences,Further investigation is not in the public interest,
,2017-03,Sussex Police,Sussex Police,0.054155,51.034681,On or near Ridge Close,E01021164,Wealden 007B,Anti-social behaviour,,
0bed419fea81b07fd43fbb76861cb7ce085d8949fdf9bfd27a1fead8f1ad3827,2017-03,Sussex Police,Sussex Police,0.010080,51.004978,On or near A275,E01021164,Wealden 007B,Burglary,Investigation complete; no suspect identified,
afff565bc7aa95aa14be7c92783652d4b5a599e3d2138b44be8ac611c5278dfb,2017-03,Sussex Police,Sussex Police,0.055226,51.028574,On or near The Orchard,E01021164,Wealden 007B,Other theft,Investigation complete; no suspect identified,
2e5aeec6ca126d963f9717e5deac9a5207ae84b86939a1054aaa8173e3591ae6,2017-03,Sussex Police,Sussex Police,0.010238,50.978958,On or near Jackies Lane,E01021164,Wealden 007B,Other theft,Investigation complete; no suspect identified,
62fa3a9c82b07ee1df6555e3a08f65343a84db33d43e4d4e83db7b263b019c39,2017-03,Sussex Police,Sussex Police,0.035144,50.993698,On or near Parking Area,E01021164,Wealden 007B,Vehicle crime,Investigation complete; no suspect identified,
5d4682397e3fbadef5f28f018969ded007d445f34952102e36b21bc57980bbdc,2017-03,Sussex Police,Sussex Police,0.054155,51.034681,On or near Ridge Close,E01021164,Wealden 007B,Violence and sexual offences,Unable to prosecute suspect,
,2017-03,Sussex Police,Sussex Police,0.092092,51.020671,On or near Back Lane,E01021187,Wealden 007C,Anti-social behaviour,,
72cc6697a3b130eb44047562759b9809ab812dd3b41f29a3e538a8cf5e0558fe,2017-03,Sussex Police,Sussex Police,0.101361,51.021629,On or near Oldlands Hill,E01021187,Wealden 007C,Burglary,Investigation complete; no suspect identified,
a71562ba8e04aab069e3729c5f59d4c3adee25c641c23fcf77dca36cc0bf5c41,2017-03,Sussex Police,Sussex Police,0.100786,51.077965,On or near Chuck Hatch Road,E01021187,Wealden 007C,Burglary,Investigation complete; no suspect identified,
03c03c8d0e1ef6b3b4bacb6d425f2a30b729052d6d9b387df3782538b8b3eaf7,2017-03,Sussex Police,Sussex Police,0.100786,51.077965,On or near Chuck Hatch Road,E01021187,Wealden 007C,Burglary,Investigation complete; no suspect identified,
6a0b3d7891f161eff597f7c62ad89a1fe6bc4be9c454226c2731237a40e86ee5,2017-03,Sussex Police,Sussex Police,0.095102,51.058011,On or near Parking Area,E01021187,Wealden 007C,Vehicle crime,Investigation complete; no suspect identified,
d043c517e0594faf41c2278a4b1ab2cb403de5341378bcdabbaa8681034d94e3,2017-03,Sussex Police,Sussex Police,0.096294,51.068279,On or near Parking Area,E01021187,Wealden 007C,Vehicle crime,Investigation complete; no suspect identified,
7086113cb18b3127ab020e71cc2566f175cab3c883d171466b4e5b5708e1fb9c,2017-03,Sussex Police,Sussex Police,0.095102,51.058011,On or near Parking Area,E01021187,Wealden 007C,Vehicle crime,Investigation complete; no suspect identified,
6eba6a89e7d09fc386a21070c5c5d9fe488a6a65344a53617e75a45e5ae3bf1e,2017-03,Sussex Police,Sussex Police,0.095102,51.058011,On or near Parking Area,E01021187,Wealden 007C,Vehicle crime,Investigation complete; no suspect identified,
,2017-03,Sussex Police,Sussex Police,0.118785,50.991572,On or near Sports/Recreation Area,E01021144,Wealden 008A,Anti-social behaviour,,
bd7f9f568b58629b24d6abe46066c68959656afdf0d49ee8ad0c1e385a4dfa74,2017-03,Sussex Police,Sussex Police,0.139789,50.989696,On or near Britts Farm Road,E01021144,Wealden 008A,Burglary,Unable to prosecute suspect,
77764b0791978bc119d9113470910b4b3a60b7c3dd6afb0990b502920c919121,2017-03,Sussex Police,Sussex Police,0.119429,51.005384,On or near Rocks Lane,E01021144,Wealden 008A,Burglary,Investigation complete; no suspect identified,
1626c5e65f2caf1e92c519928f066f2adbc3a7ae6a8cbf65f61ddd644b3643fc,2017-03,Sussex Police,Sussex Police,0.119429,51.005384,On or near Rocks Lane,E01021144,Wealden 008A,Criminal damage and arson,Unable to prosecute suspect,
c18a083a3d950fcaf7508de132f5e917975a473dcb4fbec8637fada7bb132c14,2017-03,Sussex Police,Sussex Police,0.100701,50.985253,On or near London Road,E01021144,Wealden 008A,Public order,Investigation complete; no suspect identified,
,2017-03,Sussex Police,Sussex Police,0.112150,51.025895,On or near Sports/Recreation Area,E01021145,Wealden 008B,Anti-social behaviour,,
6ad4ae2cc59f343b8851a2144797d20fee51e7e6fa8208fc9d130dc4a7431937,2017-03,Sussex Police,Sussex Police,0.189161,50.999916,On or near Wheelers Lane,E01021145,Wealden 008B,Burglary,Investigation complete; no suspect identified,
7622594573716c7194303761b3d38497aefd62994202a90f5dd63a0d8dd97e53,2017-03,Sussex Police,Sussex Police,0.208284,50.997424,On or near Spring Lane,E01021145,Wealden 008B,Burglary,Investigation complete; no suspect identified,
fb293fd1e1ea6be20ece171b9ce9fab18e5cd1c141fe336eb0af7ceeb214435e,2017-03,Sussex Police,Sussex Police,0.135027,51.018194,On or near Burnt Oak Road,E01021145,Wealden 008B,Criminal damage and arson,Investigation complete; no suspect identified,
22f836d246a9e5c63de1e5b9d5a8b7dd3a61e7c1ef008604b25d1259618115ce,2017-03,Sussex Police,Sussex Police,0.160742,51.006075,On or near Howbourne Lane,E01021145,Wealden 008B,Other theft,Investigation complete; no suspect identified,
ab624720d1b32f76e43c16f77096b79b595feccae392cc91fbcb0085a17a3d5e,2017-03,Sussex Police,Sussex Police,0.135027,51.018194,On or near Burnt Oak Road,E01021145,Wealden 008B,Public order,Status update unavailable,
d14e61ef92a029093776d3674e2600f4740efcf97e4d95434c1a0f03f9ec5ea7,2017-03,Sussex Police,Sussex Police,0.137949,50.993678,On or near Saint Marys Garth,E01021145,Wealden 008B,Public order,Status update unavailable,
d394093904be325325738345c4d0f8678f8bacb0f816a90b6bdb827851ad7bca,2017-03,Sussex Police,Sussex Police,0.131613,50.990089,On or near Parking Area,E01021145,Wealden 008B,Violence and sexual offences,Offender given community sentence,
c6ef9640cd36fa3bb94058309d7c7e2e7894adf884db47f9d90498fff9dd6dc9,2017-03,Sussex Police,Sussex Police,0.134116,50.988415,On or near Framfield Road,E01021145,Wealden 008B,Violence and sexual offences,Offender given a caution,
22e0f0613be2006d088d24cba8b6ac3898c3a4f41e343c08089ae31784e95e4d,2017-03,Sussex Police,Sussex Police,0.178573,50.997532,On or near St Marks Field,E01021145,Wealden 008B,Violence and sexual offences,Status update unavailable,
,2017-03,Sussex Police,Sussex Police,0.164748,50.965359,On or near John Dann Close,E01021170,Wealden 008C,Anti-social behaviour,,
,2017-03,Sussex Police,Sussex Police,0.164748,50.965359,On or near John Dann Close,E01021170,Wealden 008C,Anti-social behaviour,,
9cd78e7e96fe5e308ecc3c5ba85423d9a9ba0a77bda1b38611f2300822386020,2017-03,Sussex Police,Sussex Police,0.136370,50.943163,On or near Sand Hill Lane,E01021170,Wealden 008C,Burglary,Investigation complete; no suspect identified,
06b9bdbb0cfd993b4da8c5fa185e2adb57be130a307960960e4abb7b11f86695,2017-03,Sussex Police,Sussex Police,0.143901,50.955535,On or near Pump Lane,E01021170,Wealden 008C,Burglary,Further investigation is not in the public interest,
dd017e7d12f9f48056142088b602a6c5ed6992c7ee696c773d27a94029e8ea94,2017-03,Sussex Police,Sussex Police,0.166508,50.967376,On or near Gun Road,E01021170,Wealden 008C,Burglary,Investigation complete; no suspect identified,
d243f323f13ea88581de7fb8cab1b4b05ea1dc7f5899f02405f6bd0136e0c4e2,2017-03,Sussex Police,Sussex Police,0.146101,50.964354,On or near B2102,E01021170,Wealden 008C,Burglary,Investigation complete; no suspect identified,
b512a89dcb8390a58715bdb532cd2b7719667f1f345e679c4fad9eb13f690bbd,2017-03,Sussex Police,Sussex Police,0.207781,50.967916,On or near Warren Lane,E01021170,Wealden 008C,Violence and sexual offences,Unable to prosecute suspect,
8971a833e8a71254f8797de1942843d7d4aaa5801641b79ab86d60a278902e2d,2017-03,Sussex Police,Sussex Police,0.164748,50.965359,On or near John Dann Close,E01021170,Wealden 008C,Violence and sexual offences,Unable to prosecute suspect,
,2017-03,Sussex Police,Sussex Police,0.216347,51.042185,On or near St Peters Mead,E01021217,Wealden 008D,Anti-social behaviour,,
b310a29632923b2f094e72f6b69c28dce921168cc6ebbc1ee5b5cf98c4d2b977,2017-03,Sussex Police,Sussex Police,0.215532,51.046050,On or near Church Road,E01021217,Wealden 008D,Burglary,Investigation complete; no suspect identified,
0a88c8b8668beac917c83695e750352a70f585f4cecc7e239621667d6086599a,2017-03,Sussex Police,Sussex Police,0.213353,51.031765,On or near Castle Hill,E01021217,Wealden 008D,Burglary,Investigation complete; no suspect identified,
3f3baa95b03a9b1a05180dc254923205dcf432fc3e23b2e7f907868e7758c12a,2017-03,Sussex Police,Sussex Police,0.217521,51.044663,On or near Court Meadow,E01021217,Wealden 008D,Burglary,Investigation complete; no suspect identified,
3d852fbe4da31b6c2c3b0c117f1a24d87de77ae806cc7ea16adf35130d851054,2017-03,Sussex Police,Sussex Police,0.206565,51.022468,On or near Dewlands Hill,E01021217,Wealden 008D,Burglary,Investigation complete; no suspect identified,
fe1e0b195963df3a93af56968ad76c0b55425cc0a41f4995ac68c77c89d17f17,2017-03,Sussex Police,Sussex Police,0.221148,51.048012,On or near Hornshurst Road,E01021217,Wealden 008D,Criminal damage and arson,Investigation complete; no suspect identified,
39fd0abbe061f07ee0d64dba26d69f8505e664711b1a2a66ca104285a344933c,2017-03,Sussex Police,Sussex Police,0.160441,51.021387,On or near Fordbrook Hill,E01021217,Wealden 008D,Public order,Further investigation is not in the public interest,
bb43abf71431032d1a4ea20627ff85fbcdd11d6e315fe005b528e82d1f86968a,2017-03,Sussex Police,Sussex Police,0.174536,51.029751,On or near Hadlow Down Road,E01021217,Wealden 008D,Vehicle crime,Investigation complete; no suspect identified,
a912b9406036f9b8458476f2d554db1766b15d589f4c5747418361213f56f465,2017-03,Sussex Police,Sussex Police,0.174536,51.029751,On or near Hadlow Down Road,E01021217,Wealden 008D,Vehicle crime,Investigation complete; no suspect identified,
,2017-03,Sussex Police,Sussex Police,0.092540,50.969157,On or near Shopping Area,E01021219,Wealden 009A,Anti-social behaviour,,
,2017-03,Sussex Police,Sussex Police,0.089111,50.968922,On or near Bell Lane,E01021219,Wealden 009A,Anti-social behaviour,,
,2017-03,Sussex Police,Sussex Police,0.092540,50.969157,On or near Shopping Area,E01021219,Wealden 009A,Anti-social behaviour,,
,2017-03,Sussex Police,Sussex Police,0.092540,50.969157,On or near Shopping Area,E01021219,Wealden 009A,Anti-social behaviour,,
e26c85a0e9b325a3164c9ce4cb1271334561c3ab13b80888f19dd288f122fb11,2017-03,Sussex Police,Sussex Police,0.081910,50.970336,On or near Princes Close,E01021219,Wealden 009A,Burglary,Investigation complete; no suspect identified,
c57cf1308d06847f056137fe4ec29d6809c888ddc604a929039da0be1d909475,2017-03,Sussex Police,Sussex Police,0.087073,50.967636,On or near Kingfisher Court,E01021219,Wealden 009A,Burglary,Investigation complete; no suspect identified,
25ea57873f4ab65cb80ad90c3e63ee4ce94069a9f5aad5ed0ff2ecc6836eb6aa,2017-03,Sussex Police,Sussex Police,0.092540,50.969157,On or near Shopping Area,E01021219,Wealden 009A,Criminal damage and arson,Investigation complete; no suspect identified,
cf73f1925f8351569ca73747988b949f9e95fcd7b377e14ae1697d86eb58d81d,2017-03,Sussex Police,Sussex Police,0.081910,50.970336,On or near Princes Close,E01021219,Wealden 009A,Vehicle crime,Investigation complete; no suspect identified,
8d7ce583b600d59f56c5738ba445af3da8bfe269bbb3d8e3b5c72b407f3b4712,2017-03,Sussex Police,Sussex Police,0.088909,50.973314,On or near Lashbrooks Road,E01021219,Wealden 009A,Vehicle crime,Investigation complete; no suspect identified,
921d20684955819246c763bc55a4501dab2d6c5722892f266acdb4edd35f31f6,2017-03,Sussex Police,Sussex Police,0.092540,50.969157,On or near Shopping Area,E01021219,Wealden 009A,Violence and sexual offences,Local resolution,
3637ae12e60c10fcf15f20746f91a5802ad598c5d02c78eb7f3a68a5af9ab24a,2017-03,Sussex Police,Sussex Police,0.092540,50.969157,On or near Shopping Area,E01021219,Wealden 009A,Violence and sexual offences,Offender given a caution,
5de67b442ae42a82005e4c424f86f47831f72dd825244141987fb47f2fef07ed,2017-03,Sussex Police,Sussex Police,0.084390,50.972585,On or near Markland Way,E01021219,Wealden 009A,Violence and sexual offences,Unable to prosecute suspect,
,2017-03,Sussex Police,Sussex Police,0.094476,50.968817,On or near Parking Area,E01021220,Wealden 009B,Anti-social behaviour,,
,2017-03,Sussex Police,Sussex Police,0.098349,50.971004,On or near Grange Road,E01021220,Wealden 009B,Anti-social behaviour,,
,2017-03,Sussex Police,Sussex Police,0.098349,50.971004,On or near Grange Road,E01021220,Wealden 009B,Anti-social behaviour,,
,2017-03,Sussex Police,Sussex Police,0.096428,50.969789,On or near Supermarket,E01021220,Wealden 009B,Anti-social behaviour,,
,2017-03,Sussex Police,Sussex Police,0.096428,50.969789,On or near Supermarket,E01021220,Wealden 009B,Anti-social behaviour,,
,2017-03,Sussex Police,Sussex Police,0.096428,50.969789,On or near Supermarket,E01021220,Wealden 009B,Anti-social behaviour,,
,2017-03,Sussex Police,Sussex Police,0.096767,50.969405,On or near River Way,E01021220,Wealden 009B,Anti-social behaviour,,
,2017-03,Sussex Police,Sussex Police,0.094794,50.969557,On or near Bell Lane,E01021220,Wealden 009B,Anti-social behaviour,,
,2017-03,Sussex Police,Sussex Police,0.094476,50.968817,On or near Parking Area,E01021220,Wealden 009B,Anti-social behaviour,,
,2017-03,Sussex Police,Sussex Police,0.095371,50.970356,On or near Civic Approach,E01021220,Wealden 009B,Anti-social behaviour,,
,2017-03,Sussex Police,Sussex Police,0.095371,50.970356,On or near Civic Approach,E01021220,Wealden 009B,Anti-social behaviour,,
,2017-03,Sussex Police,Sussex Police,0.094702,50.973840,On or near Church Street,E01021220,Wealden 009B,Anti-social behaviour,,
c91e054147f5b88efa76b629162fbe0f690e6e0cdf3b01d9ccea9729d0725825,2017-03,Sussex Police,Sussex Police,0.099436,50.972379,On or near Hempstead Road,E01021220,Wealden 009B,Burglary,Investigation complete; no suspect identified,
4d999094d88293ee0b11bbdbc10dbb01cfdbdb4b8823ff4795fa614251553e36,2017-03,Sussex Police,Sussex Police,0.096428,50.969789,On or near Supermarket,E01021220,Wealden 009B,Burglary,Investigation complete; no suspect identified,
fdd6cdc33323baeb7506977d541d09e744dc7d80f1fd5e93ca4e7b19377e6a16,2017-03,Sussex Police,Sussex Police,0.096244,50.972337,On or near Library Way,E01021220,Wealden 009B,Criminal damage and arson,Investigation complete; no suspect identified,
a12e862841da98b9d0a1db2daa538d726504ab197f1504a24c0c9399432823f0,2017-03,Sussex Police,Sussex Police,0.095371,50.970356,On or near Civic Approach,E01021220,Wealden 009B,Criminal damage and arson,Local resolution,
8a51956209e902c1df72e4a623cc595ae3f8ed7c1f48b65f4c6494326ef6ce6a,2017-03,Sussex Police,Sussex Police,0.096428,50.969789,On or near Supermarket,E01021220,Wealden 009B,Other theft,Investigation complete; no suspect identified,
a430cad6afb9e4ad5928873c32d12bf97bf7e69ef385fe8f1013544a407d0a38,2017-03,Sussex Police,Sussex Police,0.096428,50.969789,On or near Supermarket,E01021220,Wealden 009B,Public order,Investigation complete; no suspect identified,
bdd4857e7bb7d0c3bddefa0ab2f0f1acfe881987581793d042b77397059fafb9,2017-03,Sussex Police,Sussex Police,0.095371,50.970356,On or near Civic Approach,E01021220,Wealden 009B,Shoplifting,Offender given penalty notice,
9a34fb339471616876c2087a3cfb80efd36668ff2fc9cc02919d48c84f1017fd,2017-03,Sussex Police,Sussex Police,0.095371,50.970356,On or near Civic Approach,E01021220,Wealden 009B,Shoplifting,Investigation complete; no suspect identified,
af87b43fa83be50fa1bbd414deda9435a8e5d9f6edd440dfeb43c60a7f139da4,2017-03,Sussex Police,Sussex Police,0.095371,50.970356,On or near Civic Approach,E01021220,Wealden 009B,Shoplifting,Investigation complete; no suspect identified,
cd289530b837c2b255fc7a86c805a530a832dcb8d58462022f60f5eee0ece7b5,2017-03,Sussex Police,Sussex Police,0.096428,50.969789,On or near Supermarket,E01021220,Wealden 009B,Shoplifting,Investigation complete; no suspect identified,
2d36b55312cda917040392ec591cfcaf1f311eee7c78d472c0e4ffa435632e61,2017-03,Sussex Police,Sussex Police,0.096428,50.969789,On or near Supermarket,E01021220,Wealden 009B,Vehicle crime,Investigation complete; no suspect identified,
a95a5313b126425ea12cdc443174b0fda49e921b50fe89b4faccf357e0a608dc,2017-03,Sussex Police,Sussex Police,0.096571,50.973905,On or near Parking Area,E01021220,Wealden 009B,Violence and sexual offences,Court result unavailable,
15e00ecbf46466eab96d511a5554d38d17859c1635ac496c608c575c031284ed,2017-03,Sussex Police,Sussex Police,0.096571,50.973905,On or near Parking Area,E01021220,Wealden 009B,Violence and sexual offences,Unable to prosecute suspect,
ebe43cd660abac37ed5c1847803a30ee0c49112a6ae386481133dca8eb39ded8,2017-03,Sussex Police,Sussex Police,0.096571,50.973905,On or near Parking Area,E01021220,Wealden 009B,Violence and sexual offences,Court result unavailable,
299390c439b67afa31c10b8e927e44aff08fef9e2af9ec3caf34d897bc536385,2017-03,Sussex Police,Sussex Police,0.096571,50.973905,On or near Parking Area,E01021220,Wealden 009B,Violence and sexual offences,Court result unavailable,
c39d3fb3fcd2f41d8a660593d9c6c43a6960a8d48ce2d5be4af4404409d9bd7f,2017-03,Sussex Police,Sussex Police,0.096571,50.973905,On or near Parking Area,E01021220,Wealden 009B,Violence and sexual offences,Unable to prosecute suspect,
a773e482f018c9aff41826549ead46475d423f5fa65ca08246e05b58a7ba0243,2017-03,Sussex Police,Sussex Police,0.095371,50.970356,On or near Civic Approach,E01021220,Wealden 009B,Violence and sexual offences,Unable to prosecute suspect,
6d4f2965b85627c279099ca477776dce544b5f1eea5cd9b6e0cb8b4e205330f2,2017-03,Sussex Police,Sussex Police,0.095371,50.970356,On or near Civic Approach,E01021220,Wealden 009B,Violence and sexual offences,Investigation complete; no suspect identified,
417e768e97138024deb132755b1a72d87d4c1c66ee0cb4f4ae62c97bb7b477d6,2017-03,Sussex Police,Sussex Police,0.096571,50.973905,On or near Parking Area,E01021220,Wealden 009B,Violence and sexual offences,Offender sent to prison,
,2017-03,Sussex Police,Sussex Police,0.103219,50.976655,On or near Woodlands Close,E01021223,Wealden 009C,Anti-social behaviour,,
451acf0da1f9956bf9cb6ad4b6f1fe759886564dce57b5cbce75185a899aa5e3,2017-03,Sussex Police,Sussex Police,0.099343,50.976302,On or near Petrol Station,E01021223,Wealden 009C,Burglary,Unable to prosecute suspect,
0557212d8d9993d0c333bd39df4a5904e2f4bb1e5dde96afd376edd166fbe134,2017-03,Sussex Police,Sussex Police,0.099343,50.976302,On or near Petrol Station,E01021223,Wealden 009C,Shoplifting,Investigation complete; no suspect identified,
d816d6d8c863fd20cea2452b5db23bdad137923109e4773f57cf40befa564a46,2017-03,Sussex Police,Sussex Police,0.101216,50.975207,On or near Lime Close,E01021223,Wealden 009C,Violence and sexual offences,Investigation complete; no suspect identified,
b9187a2f9739e1d03cdd2e011bc9b673d8992a59f1eac6e795a5a5ec5133e6cd,2017-03,Sussex Police,Sussex Police,0.101216,50.975207,On or near Lime Close,E01021223,Wealden 009C,Violence and sexual offences,Action to be taken by another organisation,
7c773f9b32151e69fba08fd35860ede047cfdcff88a556fe55bf6a9213ac8a22,2017-03,Sussex Police,Sussex Police,0.095639,50.977250,On or near The Drive,E01021224,Wealden 009D,Possession of weapons,Investigation complete; no suspect identified,
a2e43f2d39a6080c237a090b5dcc679ddf8ee250fdeb3364ef5e9dc3c795e860,2017-03,Sussex Police,Sussex Police,0.097824,50.977678,On or near Manor End,E01021224,Wealden 009D,Public order,Unable to prosecute suspect,
cfd9594df971603da439bdbf67b12c911b4513d19bc42b52828d98f0b32e70a4,2017-03,Sussex Police,Sussex Police,0.095639,50.977250,On or near The Drive,E01021224,Wealden 009D,Violence and sexual offences,Investigation complete; no suspect identified,
00f722ed654c424b0caf570fd3f4d7ae4c13e4d39ab49f0c4a7e1114d47e1934,2017-03,Sussex Police,Sussex Police,0.096759,50.975862,On or near Crown Close,E01021224,Wealden 009D,Violence and sexual offences,Status update unavailable,
,2017-03,Sussex Police,Sussex Police,0.097349,50.980735,On or near Claremont Rise,E01021225,Wealden 009E,Anti-social behaviour,,
,2017-03,Sussex Police,Sussex Police,0.110789,50.977085,On or near The Laurels,E01021226,Wealden 009F,Anti-social behaviour,,
,2017-03,Sussex Police,Sussex Police,0.110789,50.977085,On or near The Laurels,E01021226,Wealden 009F,Anti-social behaviour,,
,2017-03,Sussex Police,Sussex Police,0.104039,50.977764,On or near Supermarket,E01021226,Wealden 009F,Anti-social behaviour,,
,2017-03,Sussex Police,Sussex Police,0.104039,50.977764,On or near Supermarket,E01021226,Wealden 009F,Anti-social behaviour,,
b95ba314bcc05ad2a44ce84101f1e6f8215b06cbc12ee47b2513ed1c21f6a7a8,2017-03,Sussex Police,Sussex Police,0.108984,50.975930,On or near Weald Chase,E01021226,Wealden 009F,Criminal damage and arson,Investigation complete; no suspect identified,
2327e0d0adca10b6e63cf96caf3f9196f1e9313ffb9f9c806c1e10e328747073,2017-03,Sussex Police,Sussex Police,0.104039,50.977764,On or near Supermarket,E01021226,Wealden 009F,Shoplifting,Investigation complete; no suspect identified,
9f647d10076bf494cb11c5073bbeda11013e8837c345d83e9e1d7397bef59db3,2017-03,Sussex Police,Sussex Police,0.104039,50.977764,On or near Supermarket,E01021226,Wealden 009F,Shoplifting,Offender given penalty notice,
1dd12b8c6139a7f0cc45a6d23a1657a518df81782861a97ed8031e50dc323478,2017-03,Sussex Police,Sussex Police,0.113185,50.979020,On or near Sports/Recreation Area,E01021226,Wealden 009F,Violence and sexual offences,Unable to prosecute suspect,
2f03540a75d0ee1a3b345b5bbebfa3f09ba96fb888a44dc3338c95738c5acd30,2017-03,Sussex Police,Sussex Police,0.113185,50.979020,On or near Sports/Recreation Area,E01021226,Wealden 009F,Violence and sexual offences,Unable to prosecute suspect,
,2017-03,Sussex Police,Sussex Police,0.245392,50.968989,On or near Mill Road,E01021150,Wealden 010A,Anti-social behaviour,,
,2017-03,Sussex Police,Sussex Police,0.245850,50.969619,On or near Parking Area,E01021150,Wealden 010A,Anti-social behaviour,,
,2017-03,Sussex Police,Sussex Police,0.242158,50.969258,On or near Wealdview Road,E01021150,Wealden 010A,Anti-social behaviour,,
,2017-03,Sussex Police,Sussex Police,0.240865,50.970218,On or near Nursery Way,E01021150,Wealden 010A,Anti-social behaviour,,
4bde696a17aeba42ef35eac3d89a044c87ebf20d5eb4f3fbb857ba71a273f252,2017-03,Sussex Police,Sussex Police,0.224120,50.974217,On or near Petrol Station,E01021150,Wealden 010A,Other theft,Further investigation is not in the public interest,
6bee2273e5c3287cdc529df6a64c6c09dc05dffe7dcdfc0ef4470b8b88d1bc2a,2017-03,Sussex Police,Sussex Police,0.234320,50.970964,On or near Park/Open Space,E01021150,Wealden 010A,Other theft,Unable to prosecute suspect,
67cae6cedb83e0fea52792ae313851ab8aba66a5b9e8e321dc9432da6e74220d,2017-03,Sussex Police,Sussex Police,0.224120,50.974217,On or near Petrol Station,E01021150,Wealden 010A,Other theft,Investigation complete; no suspect identified,
1b959867bede981c5101e606339a95f8f89f7335daf860efd5cc752b0ef30188,2017-03,Sussex Police,Sussex Police,0.224120,50.974217,On or near Petrol Station,E01021150,Wealden 010A,Robbery,Investigation complete; no suspect identified,
b10d2f5853d9f1221a58abad9996c7767bfe0f27b6b86c44b7e075e581a15f01,2017-03,Sussex Police,Sussex Police,0.234320,50.970964,On or near Park/Open Space,E01021150,Wealden 010A,Violence and sexual offences,Formal action is not in the public interest,
a16653b02219092d4d1d2184d5e3aa3297d890bbb1efe2376e0699af30277211,2017-03,Sussex Police,Sussex Police,0.242158,50.969258,On or near Wealdview Road,E01021150,Wealden 010A,Violence and sexual offences,Status update unavailable,
,2017-03,Sussex Police,Sussex Police,0.257367,50.973012,On or near Mutton Hall Hill,E01021191,Wealden 010B,Anti-social behaviour,,
,2017-03,Sussex Police,Sussex Police,0.251766,50.971780,On or near High Street,E01021191,Wealden 010B,Anti-social behaviour,,
,2017-03,Sussex Police,Sussex Police,0.249785,50.972358,On or near Cherwell Road,E01021191,Wealden 010B,Anti-social behaviour,,
,2017-03,Sussex Police,Sussex Police,0.246753,50.971202,On or near Parking Area,E01021191,Wealden 010B,Anti-social behaviour,,
b55fcdacfdce27aad94b011c22ecf4eef1e545249f9d51c2c53f1ced3d83e95a,2017-03,Sussex Police,Sussex Police,0.249785,50.972358,On or near Cherwell Road,E01021191,Wealden 010B,Criminal damage and arson,Investigation complete; no suspect identified,
ece23b1db530abf9f12888916fcbd1e9faf99a51212c7d03135dfacad46c4365,2017-03,Sussex Police,Sussex Police,0.248722,50.971578,On or near Streatfield Road,E01021191,Wealden 010B,Other theft,Unable to prosecute suspect,
0511a8fa8a061e8a476259154aac2a7348f3ff7e53c5d6db67fabb365da8804f,2017-03,Sussex Police,Sussex Police,0.251766,50.971780,On or near High Street,E01021191,Wealden 010B,Shoplifting,Investigation complete; no suspect identified,
1ee9e3f4631fb5b4f854b6e0f3d66a3aa1a2dc33fbc6dddc6589f8bb4083b1f7,2017-03,Sussex Police,Sussex Police,0.246753,50.971202,On or near Parking Area,E01021191,Wealden 010B,Shoplifting,Unable to prosecute suspect,
d18eba85b11dcaea6da8cf7b5741af8b013ab4766a21bf4087cc3789cc584489,2017-03,Sussex Police,Sussex Police,0.251766,50.971780,On or near High Street,E01021191,Wealden 010B,Shoplifting,Investigation complete; no suspect identified,
a2f113b359f4f17d26b288439bf0540ab86fe1611710689e60a898c39daa0e88,2017-03,Sussex Police,Sussex Police,0.250314,50.970612,On or near Supermarket,E01021191,Wealden 010B,Violence and sexual offences,Unable to prosecute suspect,
a62f23b0540efd3986941d0cc4ea714d0cceb925cc1337789416c3c6132a3f52,2017-03,Sussex Police,Sussex Police,0.259782,50.961148,On or near Mulberry Way,E01021192,Wealden 010C,Burglary,Unable to prosecute suspect,
5ce2fcad0e6769fa32a40fe7615a574d7c14f994f7a9fde8f2b838a5922530e1,2017-03,Sussex Police,Sussex Police,0.255824,50.963814,On or near Prospect Road,E01021192,Wealden 010C,Violence and sexual offences,Further investigation is not in the public interest,
15cb01103eb8a47b5b5251ef83981c1e5ef67da4db34d3c6eb930f188247d7a1,2017-03,Sussex Police,Sussex Police,0.254896,50.966998,On or near Ash Tree Close,E01021192,Wealden 010C,Violence and sexual offences,Unable to prosecute suspect,
40976e5693b49f04f7a41343d57581fc3ebf4cab131fb04986a289b1765b0711,2017-03,Sussex Police,Sussex Police,0.253711,50.959880,On or near Mill Gardens,E01021192,Wealden 010C,Violence and sexual offences,Unable to prosecute suspect,
57c0854e6fe6c276ec24a49f154dd019e0ec0a00eb29eef3fb30fd777e1df095,2017-03,Sussex Police,Sussex Police,0.254566,50.965772,On or near Harley Lane,E01021192,Wealden 010C,Violence and sexual offences,Unable to prosecute suspect,
88ec8b77f4373c9b296e19e9e6ad0429b98e3e7532577271a4031bb6484769a1,2017-03,Sussex Police,Sussex Police,0.259400,50.962360,On or near Lime Way,E01021192,Wealden 010C,Violence and sexual offences,Unable to prosecute suspect,
,2017-03,Sussex Police,Sussex Police,0.252798,50.959250,On or near Theobalds Green,E01021193,Wealden 010D,Anti-social behaviour,,
,2017-03,Sussex Police,Sussex Police,0.252798,50.959250,On or near Theobalds Green,E01021193,Wealden 010D,Anti-social behaviour,,
,2017-03,Sussex Police,Sussex Police,0.251340,50.959737,On or near Rowan Close,E01021193,Wealden 010D,Anti-social behaviour,,
,2017-03,Sussex Police,Sussex Police,0.251091,50.969014,On or near Browning Road,E01021193,Wealden 010D,Anti-social behaviour,,
,2017-03,Sussex Police,Sussex Police,0.249960,50.969773,On or near Station Approach,E01021193,Wealden 010D,Anti-social behaviour,,
375d1aec34a37a4137074cf238a1ac365747557098f08f4ec6b2f14a34877f65,2017-03,Sussex Police,Sussex Police,0.252798,50.959250,On or near Theobalds Green,E01021193,Wealden 010D,Burglary,Investigation complete; no suspect identified,
7323df64bf3ed28feb82888de43e24840ccfa64985ddb33992c3bcfc664e7011,2017-03,Sussex Police,Sussex Police,0.249693,50.964256,On or near Ghyll Road,E01021193,Wealden 010D,Criminal damage and arson,Investigation complete; no suspect identified,
9c6aaf3a3487f698ab1e558184947ac663e32b4980ccea5525ffd99391d61da1,2017-03,Sussex Police,Sussex Police,0.247577,50.968515,On or near Tilsmore Road,E01021193,Wealden 010D,Criminal damage and arson,Investigation complete; no suspect identified,
337387c4568c265fbdc1f3bac42a93cd9bdf0a60419e6f77832b7c8b25a4b211,2017-03,Sussex Police,Sussex Police,0.248109,50.964476,On or near Holms Close,E01021193,Wealden 010D,Public order,Investigation complete; no suspect identified,
b3e2480a5815c58e813d8c2a0889eedf80115665b194cfd9e8da50bbbfcb5ec2,2017-03,Sussex Police,Sussex Police,0.252798,50.959250,On or near Theobalds Green,E01021193,Wealden 010D,Public order,Further investigation is not in the public interest,
e49662a4811ed1969e3742dfc083073540b1fc8cf28b83b81ba1788c2123cf0b,2017-03,Sussex Police,Sussex Police,0.249626,50.967298,On or near Waldron Thorns,E01021193,Wealden 010D,Vehicle crime,Investigation complete; no suspect identified,
,2017-03,Sussex Police,Sussex Police,0.257825,50.965709,On or near Parkside,E01021194,Wealden 010E,Anti-social behaviour,,
cf74b1abe05753204c9179fade7942d1d70a921db2ccf746e36f6f4ae3e9b20a,2017-03,Sussex Police,Sussex Police,0.261483,50.961564,On or near Magnolia Close,E01021194,Wealden 010E,Other theft,Unable to prosecute suspect,
605e0a96cf5c4e290531c7ea3b68f4216c2b1136a4c2831dfdd0c1956d9e83f9,2017-03,Sussex Police,Sussex Police,0.253344,50.970239,On or near Wren Close,E01021194,Wealden 010E,Public order,Unable to prosecute suspect,
c2fca91aceb0845aab5c8b8a898447607e4d6502bfdc82c3e619775cb3fa6ef0,2017-03,Sussex Police,Sussex Police,0.256305,50.964929,On or near Vale View Road,E01021194,Wealden 010E,Vehicle crime,Investigation complete; no suspect identified,
f9213512ca1d37f92020ef20dfa6ad5e717bca50a4c50872a08a630a0d6b75c7,2017-03,Sussex Police,Sussex Police,0.255604,50.965141,On or near Hailsham Road,E01021194,Wealden 010E,Vehicle crime,Investigation complete; no suspect identified,
,2017-03,Sussex Police,Sussex Police,0.219410,51.007772,On or near Holly Bech Lane,E01021149,Wealden 011A,Anti-social behaviour,,
0447b791b3e72991335f6f900801d5b86d16e47fc56fb84928410d0067ef9d3a,2017-03,Sussex Police,Sussex Police,0.218646,50.974429,On or near Dads Hill,E01021149,Wealden 011A,Other theft,Investigation complete; no suspect identified,
430a9cfd1ce0d52b2bafefe5e29ffce5c88656ca7880637458b0a111bd6bfd0f,2017-03,Sussex Police,Sussex Police,0.226516,51.016243,On or near Horleigh Green Road,E01021149,Wealden 011A,Vehicle crime,Investigation complete; no suspect identified,
18794c3c4c083d702b62bf963a36cc1b78e87dacfd114e44b5a5fbf0c8249708,2017-03,Sussex Police,Sussex Police,0.225472,50.972698,On or near Sports/Recreation Area,E01021149,Wealden 011A,Violence and sexual offences,Court result unavailable,
cae694ed951fac0e538ce365451ecd57acd40522b6236438818e41bc0f54cb60,2017-03,Sussex Police,Sussex Police,0.207857,50.973122,On or near Park/Open Space,E01021149,Wealden 011A,Violence and sexual offences,Unable to prosecute suspect,
2978e1717f3d880d9c6d227497d5bf922847d69f610d7c50691184143d75474c,2017-03,Sussex Police,Sussex Police,0.225472,50.972698,On or near Sports/Recreation Area,E01021149,Wealden 011A,Violence and sexual offences,Court result unavailable,
4665ba3f9d331a150bd099f441b6901385dfb303f6df706fd8a9981e299fc2a4,2017-03,Sussex Police,Sussex Police,0.225472,50.972698,On or near Sports/Recreation Area,E01021149,Wealden 011A,Violence and sexual offences,Court result unavailable,
afa37845c3919f589192ad5232c9760d33f253f76613b9557fb50a58e2cca924,2017-03,Sussex Police,Sussex Police,0.314174,50.963248,On or near Mill Lane,E01021189,Wealden 011B,Public order,Investigation complete; no suspect identified,
049ab6b7dc8f0a8289287b88252a5ec03898075c620e243cea0246734d02f26c,2017-03,Sussex Police,Sussex Police,0.279554,50.965899,On or near Sports/Recreation Area,E01021189,Wealden 011B,Violence and sexual offences,Local resolution,
e871f469cf2c5ec497727ea52ff20dbba8738ae2cdbd840641142ecb53719b46,2017-03,Sussex Police,Sussex Police,0.279554,50.965899,On or near Sports/Recreation Area,E01021189,Wealden 011B,Violence and sexual offences,Further investigation is not in the public interest,
,2017-03,Sussex Police,Sussex Police,0.274072,50.974388,On or near Burwash Road,E01021190,Wealden 011C,Anti-social behaviour,,
57caef11aaa239a861c88fceb72a52cc64f707eb786c1c19334bac16684c4ec6,2017-03,Sussex Police,Sussex Police,0.269847,50.974803,On or near Burwash Road,E01021190,Wealden 011C,Burglary,Investigation complete; no suspect identified,
9826226a094fa3d16f17939869d09fefa4b2c308028faa750fb093321b7c6976,2017-03,Sussex Police,Sussex Police,0.244388,50.932494,On or near Beauford Road,E01021200,Wealden 011D,Criminal damage and arson,Offender given a caution,
6eec5067c6549bd762d37a059b2609e666c6bd7c8af404f97af764f7ec115e90,2017-03,Sussex Police,Sussex Police,0.244528,50.934515,On or near Parking Area,E01021200,Wealden 011D,Other theft,Unable to prosecute suspect,
b541c0498cef47f4e1debdbb0471cbdfc8a53e2284606a3cbdd9cdf2d570a15f,2017-03,Sussex Police,Sussex Police,0.244353,50.933529,On or near Meadow Rise,E01021200,Wealden 011D,Public order,Unable to prosecute suspect,
6d2e0d9f8712a593d9438bedffe3d271320728d9f0386682041fc6212f94eb0b,2017-03,Sussex Police,Sussex Police,0.241082,50.936263,On or near Little London Road,E01021200,Wealden 011D,Public order,Status update unavailable,
2a1dfd7a2beabd10c73de02bd5df7d9eba8ef50770adfae064cf09d3fcd860f4,2017-03,Sussex Police,Sussex Police,0.244388,50.932494,On or near Beauford Road,E01021200,Wealden 011D,Vehicle crime,Investigation complete; no suspect identified,
6d4c92b4c05c12c01e9cab8958a269a418c0b2566bda385f55da73921da563c8,2017-03,Sussex Police,Sussex Police,0.239389,50.930341,On or near Sports/Recreation Area,E01021200,Wealden 011D,Violence and sexual offences,Investigation complete; no suspect identified,
fda71803ea31a907da013296504ef4f025b652c07401536918a1eaabc65a3880,2017-03,Sussex Police,Sussex Police,0.239389,50.930341,On or near Sports/Recreation Area,E01021200,Wealden 011D,Violence and sexual offences,Unable to prosecute suspect,
61530eac16152fcf065d935b03c65f6c8bff64cd7594cb49c981396e1ddd025d,2017-03,Sussex Police,Sussex Police,0.239389,50.930341,On or near Sports/Recreation Area,E01021200,Wealden 011D,Violence and sexual offences,Unable to prosecute suspect,
00442cea43f3ed9f35cb166c9fc670ce781004da8897720c07ae66e43f7d69ac,2017-03,Sussex Police,Sussex Police,0.247695,50.945291,On or near Tubwell Lane,E01021201,Wealden 011E,Vehicle crime,Investigation complete; no suspect identified,
e0ddfc1a193083ba26138b01a07c4a3797fd9e16809109027a40249a56c292f2,2017-03,Sussex Police,Sussex Police,0.244531,50.935765,On or near The Avenue,E01021201,Wealden 011E,Vehicle crime,Investigation complete; no suspect identified,
eac31718d2a466b63c371e36eb0523d98eb08876870415715791f215e2b21c24,2017-03,Sussex Police,Sussex Police,0.244531,50.935765,On or near The Avenue,E01021201,Wealden 011E,Violence and sexual offences,Unable to prosecute suspect,
,2017-03,Sussex Police,Sussex Police,0.096095,50.965559,On or near Old Timbers Lane,E01021221,Wealden 012A,Anti-social behaviour,,
f3ae9b40083d78f9f8aca96f312236ac30b163937c0b8dc34a0c346ff1f9015a,2017-03,Sussex Police,Sussex Police,0.103641,50.964551,On or near Selby Gardens,E01021221,Wealden 012A,Burglary,Unable to prosecute suspect,
cb50d714142e3dd3726b12f7551570108ceb897be07e8c1617d6f4ab442fa604,2017-03,Sussex Police,Sussex Police,0.096095,50.965559,On or near Old Timbers Lane,E01021221,Wealden 012A,Criminal damage and arson,Investigation complete; no suspect identified,
96ac1d05ff993a5f2ebf451f299269ecb859d6a9348bc71a9d16cc06e6dd3e06,2017-03,Sussex Police,Sussex Police,0.091784,50.967552,On or near Anvil Close,E01021221,Wealden 012A,Other theft,Investigation complete; no suspect identified,
84e98c626147b1657a33f50c0992126355bcd7c47c1a28da8109c7eeb90b6542,2017-03,Sussex Police,Sussex Police,0.094431,50.966236,On or near Forge Close,E01021221,Wealden 012A,Violence and sexual offences,Local resolution,
582ee63eff3aab17d4fb307f84b6e5c7ee98299e921b4857a9d5809bca561a5b,2017-03,Sussex Police,Sussex Police,0.103641,50.964551,On or near Selby Gardens,E01021221,Wealden 012A,Violence and sexual offences,Unable to prosecute suspect,
,2017-03,Sussex Police,Sussex Police,0.101032,50.966711,On or near Framfield Road,E01021222,Wealden 012B,Anti-social behaviour,,
e0b4bce8ad2adf7c7d8521ce8f5ce450eb8be9c40c82a1f4072fb0d085922ac5,2017-03,Sussex Police,Sussex Police,0.101285,50.965690,On or near Vernon Road,E01021222,Wealden 012B,Burglary,Investigation complete; no suspect identified,
f8d1006dd86d60b1d763962b3ee92a9a6524ec27c363f6dfa5c6dff0ae3833e1,2017-03,Sussex Police,Sussex Police,0.098475,50.965894,On or near Harcourt Close,E01021222,Wealden 012B,Criminal damage and arson,Investigation complete; no suspect identified,
,2017-03,Sussex Police,Sussex Police,0.103994,50.955974,On or near New Road,E01021227,Wealden 012C,Anti-social behaviour,,
252ead01f253c3ec271912634d5023f6ba67fb99e64cb01e87919a65fe93926d,2017-03,Sussex Police,Sussex Police,0.102208,50.958353,On or near Highview Lane,E01021227,Wealden 012C,Burglary,Investigation complete; no suspect identified,
e8b76952c837ba78048af99709d85e985183d7e43d38a9ac5d3091093481cce3,2017-03,Sussex Police,Sussex Police,0.100437,50.957306,On or near Nursery Lane,E01021227,Wealden 012C,Criminal damage and arson,Unable to prosecute suspect,
32f03cd4aeb68d510896f050c7977c4cbf259fdff42dce696f088ac83fdd31de,2017-03,Sussex Police,Sussex Police,0.099216,50.956743,On or near Lewes Road,E01021227,Wealden 012C,Other theft,Investigation complete; no suspect identified,
7fae9713e9c1c02666ce01060ed5ba54e32f89d2ce775e72fb7b527223614132,2017-03,Sussex Police,Sussex Police,0.099216,50.956743,On or near Lewes Road,E01021227,Wealden 012C,Other theft,Investigation complete; no suspect identified,
344ce0fb02d9a36696daf1a6e8438edec3b033b6b4cf65735680ba8a247bd5d3,2017-03,Sussex Police,Sussex Police,0.099216,50.956743,On or near Lewes Road,E01021227,Wealden 012C,Other theft,Investigation complete; no suspect identified,
7920bfe5dd84a54c94cbfdbaaaa0083a24a246589aebd520cd45522f5566cfb0,2017-03,Sussex Police,Sussex Police,0.105701,50.957508,On or near The Potteries,E01021227,Wealden 012C,Violence and sexual offences,Unable to prosecute suspect,
1414ed91f928a4154ad6e5c74e709ac0ac80f6d65d7d4431583ea2e4543bdd48,2017-03,Sussex Police,Sussex Police,0.097683,50.961600,On or near New Barn Lane,E01021228,Wealden 012D,Criminal damage and arson,Unable to prosecute suspect,
dd354d3707fe59ddf2bd2d4f76c40d3134b6e3c3df3c729864db400ed55c603e,2017-03,Sussex Police,Sussex Police,0.097683,50.961600,On or near New Barn Lane,E01021228,Wealden 012D,Violence and sexual offences,Unable to prosecute suspect,
51d14d1c1951852df7aa254d29c0eef472b6e145cd587a18b2145bce9fb8a2b7,2017-03,Sussex Police,Sussex Police,0.097715,50.962625,On or near Shepherds Way,E01021228,Wealden 012D,Other crime,Unable to prosecute suspect,
,2017-03,Sussex Police,Sussex Police,0.077087,50.996000,On or near Queens Drive,E01021146,Wealden 013A,Anti-social behaviour,,
,2017-03,Sussex Police,Sussex Police,0.100063,50.996686,On or near Cobdown Lane,E01021146,Wealden 013A,Anti-social behaviour,,
,2017-03,Sussex Police,Sussex Police,0.082482,50.994896,On or near Field End,E01021146,Wealden 013A,Anti-social behaviour,,
4fd3ab726a46c01d8af519c54defc8e1c438924c24009a9aeb7587514ebe2e96,2017-03,Sussex Police,Sussex Police,0.100063,50.996686,On or near Cobdown Lane,E01021146,Wealden 013A,Other theft,Unable to prosecute suspect,
adf81328fd4fde0a602fecbcb2719d96773fe07c76ed261389972b4f6cf0c8ec,2017-03,Sussex Police,Sussex Police,0.077087,50.996000,On or near Queens Drive,E01021146,Wealden 013A,Other theft,Investigation complete; no suspect identified,
15dd90e51239d1328013b8f60516faaaf1c7df8c94d48683ca5b9b74e14b54f3,2017-03,Sussex Police,Sussex Police,0.094224,50.992339,On or near London Road,E01021146,Wealden 013A,Other theft,Status update unavailable,
7d89817ca7652651c71fdf20fd508d50e0ffcfd4e93998bba0da63a049f4730f,2017-03,Sussex Police,Sussex Police,0.094224,50.992339,On or near London Road,E01021146,Wealden 013A,Public order,Investigation complete; no suspect identified,
75b507ce99208897ef0303807671c07df318a52ed5ea6f11503248e674a650de,2017-03,Sussex Police,Sussex Police,0.094224,50.992339,On or near London Road,E01021146,Wealden 013A,Violence and sexual offences,Unable to prosecute suspect,
40fc772b0c163cb0a045ad47c8e9fab0e8df1f23e15b880eb8255e4043b6daae,2017-03,Sussex Police,Sussex Police,0.094224,50.992339,On or near London Road,E01021146,Wealden 013A,Violence and sexual offences,Investigation complete; no suspect identified,
b124997207c8b3b53160358daa5bea28878eaa3cb4ec14d112355ed2592ea8df,2017-03,Sussex Police,Sussex Police,0.100063,50.996686,On or near Cobdown Lane,E01021146,Wealden 013A,Violence and sexual offences,Unable to prosecute suspect,
f07489fa8fcfba5f9ddce3f1ea53883c0da123fdaf88e82b4c841cdf474c3d96,2017-03,Sussex Police,Sussex Police,0.091642,50.996091,On or near Park/Open Space,E01021146,Wealden 013A,Violence and sexual offences,Further investigation is not in the public interest,
4c91c27a65716ba035374c8b192a1146d53b9f73528feb7dd6d3ba20955819c3,2017-03,Sussex Police,Sussex Police,0.082482,50.994896,On or near Field End,E01021146,Wealden 013A,Violence and sexual offences,Unable to prosecute suspect,
2e08d7b330780ddedf08fb99f1b8e4106c2871253cfcf94ef4e16d0d51b091fc,2017-03,Sussex Police,Sussex Police,0.087053,50.997351,On or near Parking Area,E01021146,Wealden 013A,Other crime,Investigation complete; no suspect identified,
5bc686217a03ac24cdb01b523cc96888054c701d51f0425dfcd5928dae390b88,2017-03,Sussex Police,Sussex Police,0.183487,50.891127,On or near Petrol Station,E01021147,Wealden 013B,Criminal damage and arson,Local resolution,
165c3d4048aa7bf6bc83b8e790e126c613d1110b364aa02a8cf01336245eba6c,2017-03,Sussex Police,Sussex Police,0.166895,50.897605,On or near Broomham Lane,E01021147,Wealden 013B,Violence and sexual offences,Unable to prosecute suspect,
3a44c1156720131f3775d795ff9b89c45ccd6f76645c60d87eebb8de9f098e5f,2017-03,Sussex Police,Sussex Police,0.137676,50.930360,On or near Old Heath Close,E01021147,Wealden 013B,Violence and sexual offences,Unable to prosecute suspect,
b9e46955c2df39222d3d060a133b855a2b4b679e3c2a9586ea8b8afe3010ae2f,2017-03,Sussex Police,Sussex Police,0.219028,50.917590,On or near Stonehill,E01021147,Wealden 013B,Violence and sexual offences,Investigation complete; no suspect identified,
e30be183ad9a10af4b1904fc6e875af18e4f32a0212162bed8a1dfc10538f823,2017-03,Sussex Police,Sussex Police,0.166895,50.897605,On or near Broomham Lane,E01021147,Wealden 013B,Violence and sexual offences,Unable to prosecute suspect,
,2017-03,Sussex Police,Sussex Police,0.161188,50.924234,On or near Church Marks Lane,E01021148,Wealden 013C,Anti-social behaviour,,
0626a51adeb5d5bf0eef471b559bc048707589a7db8804ca6ba35cc34c13fd60,2017-03,Sussex Police,Sussex Police,0.125362,50.919037,On or near B2192,E01021148,Wealden 013C,Criminal damage and arson,Investigation complete; no suspect identified,
9c21cad142e4f1225f73956bb2ed9a669b9c3c0fbe08cff5776c8ccf932b80ca,2017-03,Sussex Police,Sussex Police,0.118430,50.898594,On or near Laughton Road,E01021148,Wealden 013C,Public order,Unable to prosecute suspect,
22ee9e0b842fa5c59ad4259898ba0fabad83ee42d4808134c0775080ec4b55e8,2017-03,Sussex Police,Sussex Police,0.164418,50.925163,On or near High Street,E01021148,Wealden 013C,Public order,Investigation complete; no suspect identified,
2b50f77c0f51fac22a58819491878bd6e70715e6740edf634605fdd8d4a5791b,2017-03,Sussex Police,Sussex Police,0.122679,50.916037,On or near The Broyle,E01021148,Wealden 013C,Vehicle crime,Investigation complete; no suspect identified,
e42208f2c7fda39683c43caa93107af58556b3cbd180a0b59dc32871074e904b,2017-03,Sussex Police,Sussex Police,0.079905,50.971056,On or near A22,E01021165,Wealden 013D,Burglary,Investigation complete; no suspect identified,
469a376f41649a7b07a7b40501e1109fb8e9ad52cd9a29cc76feb74d0bffe441,2017-03,Sussex Police,Sussex Police,0.064849,50.932174,On or near Lewes Road,E01021165,Wealden 013D,Burglary,Investigation complete; no suspect identified,
8836deeab2dad9be7d1dffe9cc8bd0e1c7372699e1149ad154795ee871d91d9e,2017-03,Sussex Police,Sussex Police,0.092457,50.944183,On or near Sports/Recreation Area,E01021165,Wealden 013D,Criminal damage and arson,Further investigation is not in the public interest,
6ea86d041866d3a9037ac8a6960017a782153ef1847d5f3eb74201fa78b936d4,2017-03,Sussex Police,Sussex Police,0.077812,50.935946,On or near Horsted Lane,E01021165,Wealden 013D,Violence and sexual offences,Unable to prosecute suspect,
fe80680b46cd427d3e660f75a598a29c62ab1d9110d5ef79d2b5ff3b6410b502,2017-03,Sussex Police,Sussex Police,0.317631,50.891031,On or near Chestnut Close,E01021198,Wealden 014B,Burglary,Status update unavailable,
bcc487bb829e1f7c60d83fe49ceaa575cb228fa344ac6b3795ef967d13abc31e,2017-03,Sussex Police,Sussex Police,0.317631,50.891031,On or near Chestnut Close,E01021198,Wealden 014B,Burglary,Status update unavailable,
715247e618f98ac6bd94d668163e574a493ac9485a4631044183c11e93701f6b,2017-03,Sussex Police,Sussex Police,0.317631,50.891031,On or near Chestnut Close,E01021198,Wealden 014B,Burglary,Status update unavailable,
d398ed527c0bdecc06b6e2c6c603c6920eddf22e20337eaaddd763878d2ce71a,2017-03,Sussex Police,Sussex Police,0.340097,50.886751,On or near Middleway,E01021198,Wealden 014B,Criminal damage and arson,Status update unavailable,
427c4a8250bb7ebc0561e95224f93b83773831ef447876b7fb5586d656197191,2017-03,Sussex Police,Sussex Police,0.317631,50.891031,On or near Chestnut Close,E01021198,Wealden 014B,Public order,Investigation complete; no suspect identified,
54ed6f36137da3ea348aab7d6826d007a410fc1d83575d33bb3ca9b0ed780186,2017-03,Sussex Police,Sussex Police,0.340097,50.886751,On or near Middleway,E01021198,Wealden 014B,Public order,Unable to prosecute suspect,
92526a1e06f64c3b8141caa9db0a9ac010da98c57091fd2d318a2bb043862bb6,2017-03,Sussex Police,Sussex Police,0.317631,50.891031,On or near Chestnut Close,E01021198,Wealden 014B,Vehicle crime,Status update unavailable,
6fa5640bb80900d7e995279d196b0591c85b5b72163fb002ca23c832b158933e,2017-03,Sussex Police,Sussex Police,0.320332,50.889574,On or near Dacre Road,E01021198,Wealden 014B,Violence and sexual offences,Status update unavailable,
02bb3d7d5136acf6d9ac4f10ddb3eee8ef92b5faf01c90302797ad0b078fa444,2017-03,Sussex Police,Sussex Police,0.320332,50.889574,On or near Dacre Road,E01021198,Wealden 014B,Violence and sexual offences,Status update unavailable,
0be795d9bab8a6cd904a929c6ed78108f8df45ebdc76ffb25ccf4ba8e5248b06,2017-03,Sussex Police,Sussex Police,0.322116,50.889710,On or near Parking Area,E01021198,Wealden 014B,Violence and sexual offences,Unable to prosecute suspect,
8a0e9aac81689821b88f484663b08210395db4146dfc88c7abfce6054089f296,2017-03,Sussex Police,Sussex Police,0.317595,50.888585,On or near Buckwell Rise,E01021198,Wealden 014B,Violence and sexual offences,Status update unavailable,
,2017-03,Sussex Police,Sussex Police,0.314718,50.910003,On or near New Road,E01021199,Wealden 014C,Anti-social behaviour,,
795465aaf340510b853d7f5205c0cb63245ed74fc6b5116d2d5dbe355e0dab3e,2017-03,Sussex Police,Sussex Police,0.332411,50.871220,On or near Church Road,E01021199,Wealden 014C,Criminal damage and arson,Investigation complete; no suspect identified,
37ca9a820b54c8df3de89e6263e2c25c7912a42d5e7435092bf3529fc7417257,2017-03,Sussex Police,Sussex Police,0.308026,50.885420,On or near Hailsham Road,E01021199,Wealden 014C,Other theft,Investigation complete; no suspect identified,
536ab9270ca012b693e2b5979dcaa929ba305e426e36b063cd0f596926ad8612,2017-03,Sussex Police,Sussex Police,0.316900,50.876008,On or near Lower Road,E01021199,Wealden 014C,Other theft,Investigation complete; no suspect identified,
a47c50850ff0a61854967e4795861ca5fb84f8b0107e715590c04eba0d486aa5,2017-03,Sussex Police,Sussex Police,0.348824,50.868021,On or near Parking Area,E01021199,Wealden 014C,Violence and sexual offences,Court result unavailable,
595ec1d1505c09cb2356f49f3ff7d51874863804223927fc21438f4dfebe618b,2017-03,Sussex Police,Sussex Police,0.425738,50.884040,On or near Smith Close,E01021204,Wealden 014D,Criminal damage and arson,Unable to prosecute suspect,
5880cb1ff28a0f4bd8144f54c573c77d4cfc805424e780b38028a1ba43b8e0b9,2017-03,Sussex Police,Sussex Police,0.418458,50.877176,On or near B2095,E01021204,Wealden 014D,Criminal damage and arson,Unable to prosecute suspect,
8b9f43d249513cf5ccdfce90c64bd4794f7f9b47b65803b41868741035070b80,2017-03,Sussex Police,Sussex Police,0.444004,50.872560,On or near Potman'S Lane,E01021204,Wealden 014D,Other theft,Investigation complete; no suspect identified,
bc0d9329a132d55a620679b670a01a0a68f75a6b951f4644c17a511a86828ce9,2017-03,Sussex Police,Sussex Police,0.418458,50.877176,On or near B2095,E01021204,Wealden 014D,Violence and sexual offences,Action to be taken by another organisation,
4a0e4243f6092eb0e199528dc9bbd17a350bbfbd0535f1bf2153f023a6d7e18a,2017-03,Sussex Police,Sussex Police,0.443337,50.869858,On or near Peartree Lane,E01021204,Wealden 014D,Violence and sexual offences,Local resolution,
e37709b10dc32fbb66806fae746248f97fb26ea238587f042c32036907562b21,2017-03,Sussex Police,Sussex Police,0.416406,50.889711,On or near Coombe Shaw,E01021204,Wealden 014D,Violence and sexual offences,Status update unavailable,
d8fe22a31bd2fcfafae41c48ac59aae903c8acf1df156b5bd2ca697fc117fbe8,2017-03,Sussex Police,Sussex Police,0.424834,50.881423,On or near Lower Street,E01021204,Wealden 014D,Other crime,Investigation complete; no suspect identified,
560b6f43b74382e39a6725c0066d26322dbbadbdb308707a28b1af3e7109c085,2017-03,Sussex Police,Sussex Police,0.425738,50.884040,On or near Smith Close,E01021204,Wealden 014D,Other crime,Status update unavailable,
,2017-03,Sussex Police,Sussex Police,0.384894,50.856290,On or near Kiln Lane,E01021205,Wealden 014E,Anti-social behaviour,,
,2017-03,Sussex Police,Sussex Police,0.362344,50.858260,On or near Horsewalk,E01021205,Wealden 014E,Anti-social behaviour,,
4267e36fc3d0b06f067613e4bfb3a16347e8823ff46fc4dfbdd9767133d896e5,2017-03,Sussex Police,Sussex Police,0.362958,50.868437,On or near Boreham Lane,E01021205,Wealden 014E,Burglary,Investigation complete; no suspect identified,
fd58e3bd909852588e2b82596c16479bd492a702521b9bdc8c0e80271e3329a7,2017-03,Sussex Police,Sussex Police,0.356918,50.881394,On or near A271,E01021205,Wealden 014E,Violence and sexual offences,Investigation complete; no suspect identified,
e7e84f42dfb0dce68c30ad2b804979dbee7dde75c20ba7e5d0be454b8a3d4df7,2017-03,Sussex Police,Sussex Police,0.404087,50.870565,On or near Park/Open Space,E01021205,Wealden 014E,Violence and sexual offences,Unable to prosecute suspect,
77a9b8d2d64a2acda598db8e1577558951161f99f2a95dab9d93426a22bfc67c,2017-03,Sussex Police,Sussex Police,0.384894,50.856290,On or near Kiln Lane,E01021205,Wealden 014E,Violence and sexual offences,Status update unavailable,
,2017-03,Sussex Police,Sussex Police,0.265620,50.877356,On or near A271,E01021174,Wealden 015A,Anti-social behaviour,,
,2017-03,Sussex Police,Sussex Police,0.261567,50.874089,On or near Oak Tree Way,E01021174,Wealden 015A,Anti-social behaviour,,
,2017-03,Sussex Police,Sussex Police,0.261567,50.874089,On or near Oak Tree Way,E01021174,Wealden 015A,Anti-social behaviour,,
,2017-03,Sussex Police,Sussex Police,0.261567,50.874089,On or near Oak Tree Way,E01021174,Wealden 015A,Anti-social behaviour,,
7e35781e05d87c378438f8262fb47016e527545fb52029cc71ac531ec253f7b7,2017-03,Sussex Police,Sussex Police,0.261567,50.874089,On or near Oak Tree Way,E01021174,Wealden 015A,Criminal damage and arson,Investigation complete; no suspect identified,
71737ec950f1075a200bc7815a2631ea448300469592de4833d6fce31f91385f,2017-03,Sussex Police,Sussex Police,0.262663,50.875300,On or near Harebeating Gardens,E01021174,Wealden 015A,Other theft,Investigation complete; no suspect identified,
5bc875e39ff309c7a15137da548361378c22db276db3e83c9dc6616d1bd6a891,2017-03,Sussex Police,Sussex Police,0.265620,50.877356,On or near A271,E01021174,Wealden 015A,Vehicle crime,Investigation complete; no suspect identified,
7227608d610d06e827dcd9feb75dbb5b08e730ecad95964458bf3447983bd8f0,2017-03,Sussex Police,Sussex Police,0.263675,50.874192,On or near North Heath Close,E01021174,Wealden 015A,Vehicle crime,Investigation complete; no suspect identified,
8806b2b0ea5de5d1bb02fd46882da4dbb90ef2c9ac5d35c250338dba3312740a,2017-03,Sussex Police,Sussex Police,0.260289,50.870894,On or near Farmland Way,E01021174,Wealden 015A,Violence and sexual offences,Unable to prosecute suspect,
6f47eae3c217ab2221e7cb65016750761af2efdd271da1fa7514e1d4bace55b3,2017-03,Sussex Police,Sussex Police,0.265620,50.877356,On or near A271,E01021174,Wealden 015A,Violence and sexual offences,Further investigation is not in the public interest,
63641ed749054f318cc85c525ce9f7588320caaeed2886a558b4056f1fbb6898,2017-03,Sussex Police,Sussex Police,0.290315,50.888143,On or near Squab Lane,E01021174,Wealden 015A,Other crime,Further investigation is not in the public interest,
,2017-03,Sussex Police,Sussex Police,0.256911,50.878928,On or near Hawkstown View,E01021175,Wealden 015B,Anti-social behaviour,,
,2017-03,Sussex Police,Sussex Police,0.256911,50.878928,On or near Hawkstown View,E01021175,Wealden 015B,Anti-social behaviour,,
a549e480a5df132a07a1c026821885c94a55bdf16bcadb125172d5f5a9496ff2,2017-03,Sussex Police,Sussex Police,0.257115,50.870209,On or near Willow Avenue,E01021175,Wealden 015B,Other crime,Investigation complete; no suspect identified,
80ceede2cf51080a7a6c349b0100f7e5604f86d80af0fc541d88074fd004af5b,2017-03,Sussex Police,Sussex Police,0.253603,50.874900,On or near Prison,E01021176,Wealden 015C,Criminal damage and arson,Unable to prosecute suspect,
51a834c7e4b26e10576b6393ead9c797e62351d1b6c1e3df4198d574ad7fecdb,2017-03,Sussex Police,Sussex Police,0.257845,50.866786,On or near Battle Crescent,E01021176,Wealden 015C,Drugs,Further investigation is not in the public interest,
64f960a40016c78c39e85e3522fd3324f338f2d3b509fd06d372b746c3e31412,2017-03,Sussex Police,Sussex Police,0.257845,50.866786,On or near Battle Crescent,E01021176,Wealden 015C,Violence and sexual offences,Unable to prosecute suspect,
d803aaace3be6171ab4febeee27e43366454e7e874cee0eafaefe68d946b72f6,2017-03,Sussex Police,Sussex Police,0.257845,50.866786,On or near Battle Crescent,E01021176,Wealden 015C,Violence and sexual offences,Further investigation is not in the public interest,
f7a209e64ae2c71929803ce23491c526d6505bc0b35e6bdf25a0f70726124814,2017-03,Sussex Police,Sussex Police,0.255281,50.874337,On or near Howlett Drive,E01021176,Wealden 015C,Violence and sexual offences,Unable to prosecute suspect,
,2017-03,Sussex Police,Sussex Police,0.260832,50.860370,On or near Ashford Close,E01021177,Wealden 015D,Anti-social behaviour,,
,2017-03,Sussex Police,Sussex Police,0.261334,50.861943,On or near Burtenshaw Lane,E01021177,Wealden 015D,Anti-social behaviour,,
,2017-03,Sussex Police,Sussex Police,0.261282,50.862933,On or near Vicarage Road,E01021177,Wealden 015D,Anti-social behaviour,,
,2017-03,Sussex Police,Sussex Police,0.260045,50.864081,On or near Supermarket,E01021177,Wealden 015D,Anti-social behaviour,,
,2017-03,Sussex Police,Sussex Police,0.260045,50.864081,On or near Supermarket,E01021177,Wealden 015D,Anti-social behaviour,,
,2017-03,Sussex Police,Sussex Police,0.259411,50.863015,On or near Supermarket,E01021177,Wealden 015D,Anti-social behaviour,,
,2017-03,Sussex Police,Sussex Police,0.258597,50.864119,On or near High Street,E01021177,Wealden 015D,Anti-social behaviour,,
,2017-03,Sussex Police,Sussex Police,0.258597,50.864119,On or near High Street,E01021177,Wealden 015D,Anti-social behaviour,,
,2017-03,Sussex Police,Sussex Police,0.258597,50.864119,On or near High Street,E01021177,Wealden 015D,Anti-social behaviour,,
,2017-03,Sussex Police,Sussex Police,0.258597,50.864119,On or near High Street,E01021177,Wealden 015D,Anti-social behaviour,,
,2017-03,Sussex Police,Sussex Police,0.258650,50.861383,On or near Victoria Road,E01021177,Wealden 015D,Anti-social behaviour,,
,2017-03,Sussex Police,Sussex Police,0.258650,50.861383,On or near Victoria Road,E01021177,Wealden 015D,Anti-social behaviour,,
,2017-03,Sussex Police,Sussex Police,0.258650,50.861383,On or near Victoria Road,E01021177,Wealden 015D,Anti-social behaviour,,
,2017-03,Sussex Police,Sussex Police,0.258650,50.861383,On or near Victoria Road,E01021177,Wealden 015D,Anti-social behaviour,,
7d323e40a7aef456bf970e6b37344d9bbf1cb057ae01efeb62221c3f80ece3e2,2017-03,Sussex Police,Sussex Police,0.264818,50.861992,On or near Pedestrian Subway,E01021177,Wealden 015D,Burglary,Investigation complete; no suspect identified,
f37f314069f03f86b021d1772d4744adbd33cad82fd5fae0d0b5c92ad4c62c1e,2017-03,Sussex Police,Sussex Police,0.264818,50.861992,On or near Pedestrian Subway,E01021177,Wealden 015D,Criminal damage and arson,Investigation complete; no suspect identified,
3ae9ca9b1b5e57db9726cf9e84aa4d5a2230f8f7bbef85fa1971af8ddfc43994,2017-03,Sussex Police,Sussex Police,0.258341,50.863521,On or near Hailsham Quintins,E01021177,Wealden 015D,Criminal damage and arson,Investigation complete; no suspect identified,
f4986a1f481ab160e145eb3958fa77cf497c9fce0a830cf82ef3687aa7c85019,2017-03,Sussex Police,Sussex Police,0.258341,50.863521,On or near Hailsham Quintins,E01021177,Wealden 015D,Other theft,Investigation complete; no suspect identified,
7e0658e0cff71d8f31dc640542a7c68ab2ca87da76f6ed3da2dd8e2b56d98ff3,2017-03,Sussex Police,Sussex Police,0.259290,50.862279,On or near George Street,E01021177,Wealden 015D,Possession of weapons,Status update unavailable,
b5bb220aecacc580681daf3846ab9f4c4ef9430354c3448139eaf5bc4e8d3834,2017-03,Sussex Police,Sussex Police,0.261334,50.861943,On or near Burtenshaw Lane,E01021177,Wealden 015D,Public order,Investigation complete; no suspect identified,
63c3834ed2d6733a2bbc8e7fb4732ffa5685742fa9a3d447f4a698df5f928a65,2017-03,Sussex Police,Sussex Police,0.256717,50.864614,On or near Supermarket,E01021177,Wealden 015D,Public order,Local resolution,
1cae0d6e501a947f633b7410d4c3eeae3d7ed1786b545b83da5b883fbe248b42,2017-03,Sussex Police,Sussex Police,0.258597,50.864119,On or near High Street,E01021177,Wealden 015D,Shoplifting,Investigation complete; no suspect identified,
4f20d487a1aecf4985bc67e236b667b50d2e8f66f8139039ec63055e2f5687c2,2017-03,Sussex Police,Sussex Police,0.258597,50.864119,On or near High Street,E01021177,Wealden 015D,Shoplifting,Investigation complete; no suspect identified,
80a4b5d0535896fc4ca4378d2a83f3076605e64f0327b231cf5979c32b095ec5,2017-03,Sussex Police,Sussex Police,0.256717,50.864614,On or near Supermarket,E01021177,Wealden 015D,Shoplifting,Unable to prosecute suspect,
2f97a9ac8a47ffc4bd0c2c2417c0f6f5b8ef5ab118d977016477fdcff8f41a3b,2017-03,Sussex Police,Sussex Police,0.259290,50.862279,On or near George Street,E01021177,Wealden 015D,Theft from the person,Investigation complete; no suspect identified,
7de1d5f2022383f236f76ac956909435ba9da0d39d1bf779af844cda962260db,2017-03,Sussex Police,Sussex Police,0.264818,50.861992,On or near Pedestrian Subway,E01021177,Wealden 015D,Vehicle crime,Investigation complete; no suspect identified,
6df2376f9d94236ba1f2e51c1cd1d7aeb6a013b2cb75ff215a945118b3a60afa,2017-03,Sussex Police,Sussex Police,0.260045,50.864081,On or near Supermarket,E01021177,Wealden 015D,Vehicle crime,Investigation complete; no suspect identified,
69f3dabd66c12939b9b22b014a85cb84a3f460507734c9a961034a893832f27b,2017-03,Sussex Police,Sussex Police,0.256717,50.864614,On or near Supermarket,E01021177,Wealden 015D,Violence and sexual offences,Court result unavailable,
30c4b67b0a7d4cf5d725cd5767eb22b6f51ac3afaeb4dbdb320b52dbe1883599,2017-03,Sussex Police,Sussex Police,0.258597,50.864119,On or near High Street,E01021177,Wealden 015D,Violence and sexual offences,Unable to prosecute suspect,
2ed87aa6bc23089383d80534b164f7f78131cfb13facf4f2eed515d946a3e51c,2017-03,Sussex Police,Sussex Police,0.263191,50.861250,On or near The Stiles,E01021177,Wealden 015D,Violence and sexual offences,Unable to prosecute suspect,
84f97f88ff3849a2007e6eae307ced7885498b5b07f4d0a4a236c5379c3ee27c,2017-03,Sussex Police,Sussex Police,0.260045,50.864081,On or near Supermarket,E01021177,Wealden 015D,Violence and sexual offences,Investigation complete; no suspect identified,
d5c84bd0c378c2a6bb98dd5e9c5a0b2cf78039681f986408a2ae233093e920d0,2017-03,Sussex Police,Sussex Police,0.258597,50.864119,On or near High Street,E01021177,Wealden 015D,Violence and sexual offences,Defendant found not guilty,
f954b95e2295f24a98cebd958eea5e0e82764f716e7cd9d2e1fc539376cb4726,2017-03,Sussex Police,Sussex Police,0.260045,50.864081,On or near Supermarket,E01021177,Wealden 015D,Violence and sexual offences,Unable to prosecute suspect,
,2017-03,Sussex Police,Sussex Police,0.249969,50.857009,On or near South Road,E01021180,Wealden 016A,Anti-social behaviour,,
,2017-03,Sussex Police,Sussex Police,0.246248,50.858214,On or near Carpenters Way,E01021180,Wealden 016A,Anti-social behaviour,,
4d7d90a10a2f5b9c2cca428eca2717f944515a3cc3a3abdfaaa7df26c819cfa1,2017-03,Sussex Police,Sussex Police,0.248789,50.845772,On or near Coldthorn Lane,E01021180,Wealden 016A,Burglary,Investigation complete; no suspect identified,
77e32e31be912b68b94ba058165a9b75564519885fbe093a06a9558309536f17,2017-03,Sussex Police,Sussex Police,0.245439,50.858841,On or near Factory Lane,E01021180,Wealden 016A,Burglary,Unable to prosecute suspect,
06bd4557658cdc5f849374e992492ac713ba4881c4bf71342961e5d5d45fa439,2017-03,Sussex Police,Sussex Police,0.248789,50.845772,On or near Coldthorn Lane,E01021180,Wealden 016A,Burglary,Investigation complete; no suspect identified,
3859809d3526e1cfd6e2ea6981e4d0e7a58525a801221d452eadaad9e381f9ba,2017-03,Sussex Police,Sussex Police,0.248789,50.845772,On or near Coldthorn Lane,E01021180,Wealden 016A,Other theft,Investigation complete; no suspect identified,
8125dcc6cb96de0422447c5ef85ac205a6c5290a41d1573e3231029d653d2071,2017-03,Sussex Police,Sussex Police,0.243538,50.847941,On or near Woodside Way,E01021180,Wealden 016A,Other theft,Investigation complete; no suspect identified,
ab7ac6f48b9e38b979dc9074b5961f4dc53b0488ccb00c22d0a2555615aa0f6c,2017-03,Sussex Police,Sussex Police,0.251670,50.854557,On or near Sandbanks Grove,E01021180,Wealden 016A,Robbery,Further investigation is not in the public interest,
c55d15ff205ea5623f654df7b910fa0180fe276f7712c845d9f9227995751cb3,2017-03,Sussex Police,Sussex Police,0.251670,50.854557,On or near Sandbanks Grove,E01021180,Wealden 016A,Violence and sexual offences,Unable to prosecute suspect,
93b27871077be024b0de6c562e7dd62bce3fe355bf155cff41088cbb9bf87986,2017-03,Sussex Police,Sussex Police,0.248789,50.845772,On or near Coldthorn Lane,E01021180,Wealden 016A,Other crime,Investigation complete; no suspect identified,
,2017-03,Sussex Police,Sussex Police,0.249985,50.867954,On or near Grovelands Road,E01021181,Wealden 016B,Anti-social behaviour,,
,2017-03,Sussex Police,Sussex Police,0.244719,50.867813,On or near Holyhead Close,E01021181,Wealden 016B,Anti-social behaviour,,
fe0f8eec740c62568a5026a894c177ae911df59fd497ba2d0bdc76b0ae056cc8,2017-03,Sussex Police,Sussex Police,0.244569,50.871189,On or near St Andrews Close,E01021181,Wealden 016B,Criminal damage and arson,Investigation complete; no suspect identified,
36f8f74dffab30d54c5a1a527143a14013c4954c079f71281505d601628e8950,2017-03,Sussex Police,Sussex Police,0.244481,50.863447,On or near The Belfry,E01021181,Wealden 016B,Public order,Investigation complete; no suspect identified,
b4e4f7460004bbbf972c0f1f577b8ad508e1fc66fcfbdd7c06c446ea698caec2,2017-03,Sussex Police,Sussex Police,0.244481,50.863447,On or near The Belfry,E01021181,Wealden 016B,Vehicle crime,Investigation complete; no suspect identified,
acfdb6c8266aa2e7c0e1828ac8cf9e5449886cd6cb229e7d4aafbee382fe5414,2017-03,Sussex Police,Sussex Police,0.245615,50.865745,On or near Mountain Ash Close,E01021181,Wealden 016B,Vehicle crime,Investigation complete; no suspect identified,
12f7099340af42b554631dfbfb52c860a875d412f8ac3b89ab4e5e23aabf0ed8,2017-03,Sussex Police,Sussex Police,0.255639,50.863204,On or near Maryan Court,E01021182,Wealden 016C,Burglary,Investigation complete; no suspect identified,
c25d669b65221860957b1d5699c40755eae092d6b9733c01c9b704d34f8d788e,2017-03,Sussex Police,Sussex Police,0.252985,50.859730,On or near Petrol Station,E01021182,Wealden 016C,Other theft,Further investigation is not in the public interest,
75664beee365f4be2ae3a85ed0df9b64975aeb6a1bd36a83027e057372fe87c8,2017-03,Sussex Police,Sussex Police,0.252985,50.859730,On or near Petrol Station,E01021182,Wealden 016C,Other theft,Investigation complete; no suspect identified,
6a16d50eca9d622a4b286757e6f5a8fb91eee6d90b2ae8c1ce00baa5e6784ae0,2017-03,Sussex Police,Sussex Police,0.252985,50.859730,On or near Petrol Station,E01021182,Wealden 016C,Public order,Further investigation is not in the public interest,
a2f27c98d9c1570137e026e7635097e73d03745f90e6c34db5198243f0e4880b,2017-03,Sussex Police,Sussex Police,0.252985,50.859730,On or near Petrol Station,E01021182,Wealden 016C,Public order,Unable to prosecute suspect,
c99e0157e9db6eb221d232728e9a070b64e68d012e56eb5b7ead537a8ae95b80,2017-03,Sussex Police,Sussex Police,0.252985,50.859730,On or near Petrol Station,E01021182,Wealden 016C,Public order,Defendant sent to Crown Court,
091a6fdc62bdc33b839c639e910d7d803a2a2b0a9589327b0cf2f1a5b495899d,2017-03,Sussex Police,Sussex Police,0.252985,50.859730,On or near Petrol Station,E01021182,Wealden 016C,Shoplifting,Defendant sent to Crown Court,
e03eda794d3f6dc7bc471fe04c266a1437a1fcc7c4699cb3e8de394298962fcd,2017-03,Sussex Police,Sussex Police,0.252985,50.859730,On or near Petrol Station,E01021182,Wealden 016C,Shoplifting,Investigation complete; no suspect identified,
86fe2fd81e28029cb253f1a4f956a964aa1e81fa600d36ec2787d78feed6bf90,2017-03,Sussex Police,Sussex Police,0.252790,50.860112,On or near Croft Works,E01021182,Wealden 016C,Vehicle crime,Investigation complete; no suspect identified,
57a4521585b6c988f32872a67b351582c1658747ee529d14f1d8af8e53e393af,2017-03,Sussex Police,Sussex Police,0.252790,50.860112,On or near Croft Works,E01021182,Wealden 016C,Vehicle crime,Investigation complete; no suspect identified,
cc5e35531fe63b173a992922c7887015abef208e405be9ac3220ec27c597bbde,2017-03,Sussex Police,Sussex Police,0.253687,50.866039,On or near Silverdale Court,E01021182,Wealden 016C,Violence and sexual offences,Awaiting court outcome,
86ce2681c8e17b5832445f3f0d3b91528051297dccdb364f39ce1adde5b2a736,2017-03,Sussex Police,Sussex Police,0.252291,50.865679,On or near Rope Walk,E01021182,Wealden 016C,Violence and sexual offences,Unable to prosecute suspect,
c62e23177e036a6ae326a1253f2dd0382c81353b3f3962e1f50fb6f10d311a4f,2017-03,Sussex Police,Sussex Police,0.249920,50.863953,On or near Hamelsham Court,E01021182,Wealden 016C,Violence and sexual offences,Unable to prosecute suspect,
ee85277e36a1c41c36e3a7bd8f6ac48f2119c0abbe80d6cae80f908f0e4bd180,2017-03,Sussex Police,Sussex Police,0.251810,50.863953,On or near Sussex Close,E01021182,Wealden 016C,Violence and sexual offences,Further investigation is not in the public interest,
c3ee761a7f46ad9b07b67702fd3a1b20eeca9b752f7437f1b14a0d179180c7eb,2017-03,Sussex Police,Sussex Police,0.253687,50.866039,On or near Silverdale Court,E01021182,Wealden 016C,Violence and sexual offences,Awaiting court outcome,
76955a6241e1537c9fe105c5fe8d2450bd2d8eb423dc5f61d0a535cc994cf822,2017-03,Sussex Police,Sussex Police,0.252985,50.859730,On or near Petrol Station,E01021182,Wealden 016C,Violence and sexual offences,Unable to prosecute suspect,
52a92bd9afe8584929cae413e51fd44a5ff76bfd700898041ac5d0715aecca16,2017-03,Sussex Police,Sussex Police,0.252985,50.859730,On or near Petrol Station,E01021182,Wealden 016C,Violence and sexual offences,Unable to prosecute suspect,
f80a36c1542a64fcb0ab3c77e1c49acb64a0538b8fb06fdfb1cd86ca450d267f,2017-03,Sussex Police,Sussex Police,0.251129,50.863669,On or near Sussex Avenue,E01021182,Wealden 016C,Violence and sexual offences,Unable to prosecute suspect,
232dd51ac6e797c2bad3b3f703ae6328953d0e65a0e1ce913b7da4e06ef36aac,2017-03,Sussex Police,Sussex Police,0.250738,50.862346,On or near Bramble Drive,E01021182,Wealden 016C,Violence and sexual offences,Unable to prosecute suspect,
,2017-03,Sussex Police,Sussex Police,0.251906,50.857970,On or near South Close,E01021183,Wealden 016D,Anti-social behaviour,,
,2017-03,Sussex Police,Sussex Police,0.248549,50.864115,On or near Busheyfields,E01021183,Wealden 016D,Anti-social behaviour,,
,2017-03,Sussex Police,Sussex Police,0.247346,50.862438,On or near Pine Way,E01021183,Wealden 016D,Anti-social behaviour,,
4c39e6f96406d15abf7d44bfb08755d76cde57946f6fc9bb0a4d8c46a5345f64,2017-03,Sussex Police,Sussex Police,0.248549,50.864115,On or near Busheyfields,E01021183,Wealden 016D,Public order,Unable to prosecute suspect,
a186a9aa6eeb148417e4a0df43fe9f5ad98bf42b703af2b8ac68e650eba4bbad,2017-03,Sussex Police,Sussex Police,0.246249,50.862675,On or near The Hawthorns,E01021183,Wealden 016D,Shoplifting,Further investigation is not in the public interest,
33cdc113cf9b3d020261160b4cfdce4de56064e8ffa947ed8c898cf09ac19881,2017-03,Sussex Police,Sussex Police,0.248603,50.861092,On or near Diplocks Way,E01021183,Wealden 016D,Vehicle crime,Investigation complete; no suspect identified,
169854a99b787c7a77480c4b35b7b9a88f1d640e111293938050b5e4c063dc91,2017-03,Sussex Police,Sussex Police,0.248128,50.860975,On or near Crown Close,E01021183,Wealden 016D,Vehicle crime,Investigation complete; no suspect identified,
798cc1920d0d9c5ad1c368e25884d96241a3da9cd946fd827e2e7902a9d442f4,2017-03,Sussex Police,Sussex Police,0.248603,50.861092,On or near Diplocks Way,E01021183,Wealden 016D,Vehicle crime,Investigation complete; no suspect identified,
6a395e79c7409f7d9a0d2663b6f1d49a3cee02a4f3614b701486f612a8ab546b,2017-03,Sussex Police,Sussex Police,0.246249,50.862675,On or near The Hawthorns,E01021183,Wealden 016D,Violence and sexual offences,Unable to prosecute suspect,
b2de26aafe8b3f40cea204878b65ee27ac0b25b625e9ee1060e7aab7209a96e7,2017-03,Sussex Police,Sussex Police,0.247346,50.862438,On or near Pine Way,E01021183,Wealden 016D,Violence and sexual offences,Investigation complete; no suspect identified,
,2017-03,Sussex Police,Sussex Police,0.267561,50.859942,On or near Bayham Road,E01021178,Wealden 017A,Anti-social behaviour,,
,2017-03,Sussex Police,Sussex Police,0.267561,50.859942,On or near Bayham Road,E01021178,Wealden 017A,Anti-social behaviour,,
240c8fa6106662e79671fc776e3bfe41b28f4f5df1e1ba19a78818ef6c6aa3fb,2017-03,Sussex Police,Sussex Police,0.269931,50.854032,On or near Old Swan Lane,E01021178,Wealden 017A,Burglary,Investigation complete; no suspect identified,
3fda44a9809612bf060576f38c0024e3170a606d6293c3505a51357e4de429d0,2017-03,Sussex Police,Sussex Police,0.269931,50.854032,On or near Old Swan Lane,E01021178,Wealden 017A,Criminal damage and arson,Investigation complete; no suspect identified,
839f29d77aec470206a2bd470544db1f80e4d58eb6c18e441bca174f4a23ac1b,2017-03,Sussex Police,Sussex Police,0.273122,50.857424,On or near Mill Road,E01021178,Wealden 017A,Robbery,Unable to prosecute suspect,
581bcd04286ac3946c8c9a5bed4eb1f237a6766659fbc609c3daca99a1f79a13,2017-03,Sussex Police,Sussex Police,0.267561,50.859942,On or near Bayham Road,E01021178,Wealden 017A,Vehicle crime,Investigation complete; no suspect identified,
bef6ff8ec688b1b7ead41aaa3f89789bc851f810cc560a85d47948ecdf67e6f9,2017-03,Sussex Police,Sussex Police,0.267561,50.859942,On or near Bayham Road,E01021178,Wealden 017A,Violence and sexual offences,Status update unavailable,
253d970e1b1306e9035c869a16c61ddd37d17f976ad238b2d198b1209eeab9d1,2017-03,Sussex Police,Sussex Police,0.273122,50.857424,On or near Mill Road,E01021178,Wealden 017A,Violence and sexual offences,Investigation complete; no suspect identified,
fe413c4535022b7ead2bfb351442ce6e97e27ac40f4c5e29fd18a41f71481fe1,2017-03,Sussex Police,Sussex Police,0.273122,50.857424,On or near Mill Road,E01021178,Wealden 017A,Violence and sexual offences,Awaiting court outcome,
,2017-03,Sussex Police,Sussex Police,0.268967,50.861687,On or near Pedestrian Subway,E01021179,Wealden 017B,Anti-social behaviour,,
,2017-03,Sussex Police,Sussex Police,0.268967,50.861687,On or near Pedestrian Subway,E01021179,Wealden 017B,Anti-social behaviour,,
,2017-03,Sussex Police,Sussex Police,0.267452,50.858577,On or near The Acorns,E01021179,Wealden 017B,Anti-social behaviour,,
,2017-03,Sussex Police,Sussex Police,0.270713,50.862228,On or near Orion Close,E01021179,Wealden 017B,Anti-social behaviour,,
c485b36b1b7aad3e6fb3d387e9e357e6b3b7539f5108ef1e5caf2cc3700bff90,2017-03,Sussex Police,Sussex Police,0.267095,50.861768,On or near The Gages,E01021179,Wealden 017B,Criminal damage and arson,Investigation complete; no suspect identified,
46dd6c6b985059360b608cc9331f1bb1fdf58dd04fbd8ba73d0917a6b304f344,2017-03,Sussex Police,Sussex Police,0.271864,50.861927,On or near Phoenix Close,E01021179,Wealden 017B,Criminal damage and arson,Investigation complete; no suspect identified,
38fbc3e9ee5f326dbcb74b59a2f51127557ae6f486d8100e83557ca752ce4e4c,2017-03,Sussex Police,Sussex Police,0.267095,50.861768,On or near The Gages,E01021179,Wealden 017B,Public order,Unable to prosecute suspect,
e1bf99538beb466a491c453b46c3720fb085a04b57139528ad8f7cac3ac009ca,2017-03,Sussex Police,Sussex Police,0.269611,50.862079,On or near Vega Close,E01021179,Wealden 017B,Vehicle crime,Investigation complete; no suspect identified,
6f9806bb4e2ae949c85eafa66d897682376f2f4493113129004bc1b06febd01a,2017-03,Sussex Police,Sussex Police,0.267597,50.864502,On or near Marshfoot Lane,E01021179,Wealden 017B,Vehicle crime,Investigation complete; no suspect identified,
02e4a1b5484eee817f9a8241506757672acd738c01ab0acde0e39d0a8dbd21e5,2017-03,Sussex Police,Sussex Police,0.267095,50.861768,On or near The Gages,E01021179,Wealden 017B,Violence and sexual offences,Unable to prosecute suspect,
ad964f1a0bc46b1dddb2e4724413cb6a8c962a07557094a72a8c1e71407589d6,2017-03,Sussex Police,Sussex Police,0.272644,50.859861,On or near Gemma Close,E01021179,Wealden 017B,Violence and sexual offences,Unable to prosecute suspect,
0f7665c25b3421285a75e72d765c2be99b18c63462c1191424ef7fa2d702b799,2017-03,Sussex Police,Sussex Police,0.267597,50.864502,On or near Marshfoot Lane,E01021179,Wealden 017B,Violence and sexual offences,Unable to prosecute suspect,
baeb8843ecbf2d9fd77918f336482087ba5bee3327b4bbe66416e09cc8f182f2,2017-03,Sussex Police,Sussex Police,0.268967,50.861687,On or near Pedestrian Subway,E01021179,Wealden 017B,Violence and sexual offences,Local resolution,
8f07dd12f366c61e2a2233755d16e95516e44e5c7d2d9eada2332e6bc964efbe,2017-03,Sussex Police,Sussex Police,0.267065,50.862317,On or near Greenwich Road,E01021179,Wealden 017B,Violence and sexual offences,Status update unavailable,
,2017-03,Sussex Police,Sussex Police,0.256020,50.859312,On or near Old Orchard Place,E01021184,Wealden 017C,Anti-social behaviour,,
976897cbd88828a7eeed1db257576af0b7b33c89366b4bd8129cf77123995c5f,2017-03,Sussex Police,Sussex Police,0.254767,50.854551,On or near The Grove,E01021184,Wealden 017C,Burglary,Unable to prosecute suspect,
0f249f4d3991add93b61cff60c1fcf84e6fe5d2e369724f28c1deb1961493048,2017-03,Sussex Police,Sussex Police,0.254929,50.857606,On or near Windsor Road,E01021184,Wealden 017C,Burglary,Investigation complete; no suspect identified,
50286d1754c636d0a1c3bc4f9a67e4eaf7418baa1a95540471d342c58b06c851,2017-03,Sussex Police,Sussex Police,0.257586,50.853786,On or near Beechwood Close,E01021184,Wealden 017C,Criminal damage and arson,Unable to prosecute suspect,
0c5e5f35069f313282cb2dfa658c0313b5f3123a557ae032928d79b504d81227,2017-03,Sussex Police,Sussex Police,0.250549,50.853409,On or near Sandbanks Gardens,E01021184,Wealden 017C,Criminal damage and arson,Investigation complete; no suspect identified,
89255c15fc653dd7b800add07a496e8b456f174c9a0a11970e2a29cb0bc470dc,2017-03,Sussex Police,Sussex Police,0.250549,50.853409,On or near Sandbanks Gardens,E01021184,Wealden 017C,Other theft,Investigation complete; no suspect identified,
,2017-03,Sussex Police,Sussex Police,0.264177,50.856384,On or near Butts Field,E01021185,Wealden 017D,Anti-social behaviour,,
,2017-03,Sussex Police,Sussex Police,0.261871,50.859540,On or near Fletcher Close,E01021185,Wealden 017D,Anti-social behaviour,,
,2017-03,Sussex Police,Sussex Police,0.262758,50.856123,On or near The Sidings,E01021185,Wealden 017D,Anti-social behaviour,,
,2017-03,Sussex Police,Sussex Police,0.257144,50.859632,On or near Lindfield Drive,E01021185,Wealden 017D,Anti-social behaviour,,
8821e3080fd79d5034218650775bada478f04d0dbe778bf53fbff932ecf0fc42,2017-03,Sussex Police,Sussex Police,0.261331,50.857779,On or near New Barn Close,E01021185,Wealden 017D,Criminal damage and arson,Unable to prosecute suspect,
dd07ffe2ae4e9d3de5eff03b3a035fbe0b6208487e50f8c442a0c2def9414b60,2017-03,Sussex Police,Sussex Police,0.264314,50.858620,On or near Bowley Road,E01021185,Wealden 017D,Other theft,Investigation complete; no suspect identified,
58a320a1f3d1709e9c2a225959cc75b231fae03adc63f7ec43884eabec53b046,2017-03,Sussex Police,Sussex Police,0.261871,50.859540,On or near Fletcher Close,E01021185,Wealden 017D,Vehicle crime,Investigation complete; no suspect identified,
a150b5508cf9ea5610e102901a6c587d24a011b4e9fd2c966b3f0387aa1191bd,2017-03,Sussex Police,Sussex Police,0.261871,50.859540,On or near Fletcher Close,E01021185,Wealden 017D,Violence and sexual offences,Unable to prosecute suspect,
5aa5f8cea4301de3ab3aeafe0175b40d084bc07bd94fca02d8ab85f88c6c2fbc,2017-03,Sussex Police,Sussex Police,0.264177,50.856384,On or near Butts Field,E01021185,Wealden 017D,Other crime,Status update unavailable,
e6d7a94a0c3b4fd0e82292dd987f333977a6188d701defd9cfdc554c21c936a9,2017-03,Sussex Police,Sussex Police,0.140514,50.840218,On or near Sports/Recreation Area,E01021142,Wealden 018A,Drugs,Offender given a drugs possession warning,
,2017-03,Sussex Police,Sussex Police,0.153242,50.809701,On or near Saffron Gardens,E01021143,Wealden 018B,Anti-social behaviour,,
,2017-03,Sussex Police,Sussex Police,0.153386,50.806641,On or near Kings Ride,E01021143,Wealden 018B,Anti-social behaviour,,
530110eb19c98944bb76f9d3a44adb0944ca9a838623f3b1d4c6c7b2a1acdce2,2017-03,Sussex Police,Sussex Police,0.138576,50.831700,On or near The Village,E01021143,Wealden 018B,Burglary,Awaiting court outcome,
8a5d193c06a87b0644d77300fc671d10ab3557f6235842966a4c1928d717fd02,2017-03,Sussex Police,Sussex Police,0.138576,50.831700,On or near The Village,E01021143,Wealden 018B,Criminal damage and arson,Investigation complete; no suspect identified,
505eac1f98abe98325b162a55248b29f5df7ef18d8754262fdd2ab668e32b9df,2017-03,Sussex Police,Sussex Police,0.166715,50.840705,On or near Petrol Station,E01021143,Wealden 018B,Other theft,Status update unavailable,
92cea2fdaa60337dd79343f867f91b111a1a7108dabf5ae9e3122718064a5c33,2017-03,Sussex Police,Sussex Police,0.150230,50.794800,On or near Alfriston Road,E01021143,Wealden 018B,Other theft,Investigation complete; no suspect identified,
18036d363ea6e75f1fecaf643924693292c7044dc7cbe7a01dce0600099f4807,2017-03,Sussex Police,Sussex Police,0.156502,50.813904,On or near Winton Street,E01021143,Wealden 018B,Public order,Investigation complete; no suspect identified,
0373d24680aee89871606ba396d3404f9a6d6969d1222af8f2a4ece3acf848b3,2017-03,Sussex Police,Sussex Police,0.165901,50.840613,On or near Parking Area,E01021143,Wealden 018B,Vehicle crime,Investigation complete; no suspect identified,
430ce9fd41d39256faeb8b33f4405a1c570467b9fbaaf3a518273a71b02cdf0b,2017-03,Sussex Police,Sussex Police,0.153242,50.809701,On or near Saffron Gardens,E01021143,Wealden 018B,Violence and sexual offences,Unable to prosecute suspect,
,2017-03,Sussex Police,Sussex Police,0.206986,50.743158,On or near Beachy Head Road,E01021166,Wealden 018C,Anti-social behaviour,,
,2017-03,Sussex Police,Sussex Police,0.177433,50.815260,On or near Back Lane,E01021166,Wealden 018C,Anti-social behaviour,,
,2017-03,Sussex Police,Sussex Police,0.157055,50.771983,On or near Park/Open Space,E01021166,Wealden 018C,Anti-social behaviour,,
81c77b6eca5cba96d0f11bf161acef6871a42385c254204921cc48e877e3a8f5,2017-03,Sussex Police,Sussex Police,0.215126,50.762746,On or near Elven Close,E01021166,Wealden 018C,Criminal damage and arson,Investigation complete; no suspect identified,
13d92eaab3ba9703abfa93e6efdeb6494d3bbeb35be405be42f5aadcc1455bad,2017-03,Sussex Police,Sussex Police,0.192690,50.821216,On or near Ades Field,E01021166,Wealden 018C,Drugs,Offender given a drugs possession warning,
43b9da0c14b8eec64a1729d23e0a7d2982abedb9266068ef1000f5a14c2ad861,2017-03,Sussex Police,Sussex Police,0.192690,50.821216,On or near Ades Field,E01021166,Wealden 018C,Other theft,Investigation complete; no suspect identified,
105ae8e02478935f8c0a72fa57ffa9300d01a55ce3fe606814fe2ab4a0700192,2017-03,Sussex Police,Sussex Police,0.150858,50.764893,On or near Park/Open Space,E01021166,Wealden 018C,Violence and sexual offences,Investigation complete; no suspect identified,
,2017-03,Sussex Police,Sussex Police,0.264366,50.890188,On or near The Drive,E01021195,Wealden 018D,Anti-social behaviour,,
,2017-03,Sussex Police,Sussex Police,0.251303,50.886465,On or near Station Road,E01021195,Wealden 018D,Anti-social behaviour,,
,2017-03,Sussex Police,Sussex Police,0.239736,50.887201,On or near B2104,E01021195,Wealden 018D,Anti-social behaviour,,
b5ba73941bb30a9240b526beb79f77bad67363afda4b0f5d4d90851762756fb1,2017-03,Sussex Police,Sussex Police,0.237371,50.880563,On or near A271,E01021195,Wealden 018D,Burglary,Investigation complete; no suspect identified,
a3eeaa8fb372f49a32b0fae3e414906ecaa0a35fa65f466402d78838128ef446,2017-03,Sussex Police,Sussex Police,0.248593,50.891302,On or near Vicarage Lane,E01021195,Wealden 018D,Burglary,Investigation complete; no suspect identified,
fa766bc563cfa696582ca8068bd4697e495363b87b01397ff9ff7275270ef7f0,2017-03,Sussex Police,Sussex Police,0.248593,50.891302,On or near Vicarage Lane,E01021195,Wealden 018D,Burglary,Investigation complete; no suspect identified,
b8d27d11a920eef99a8a67ffc2ff2cdf10d38a7b593c1676a2d937aa9c1399e1,2017-03,Sussex Police,Sussex Police,0.251303,50.886465,On or near Station Road,E01021195,Wealden 018D,Criminal damage and arson,Investigation complete; no suspect identified,
8f9d3c8daa3e28e7cb00c8f84791ae35d2a98931e46893f42af4666116551139,2017-03,Sussex Police,Sussex Police,0.250524,50.878557,On or near Paul Close,E01021195,Wealden 018D,Criminal damage and arson,Investigation complete; no suspect identified,
daad6784e9117c28b6fbf24ffd08c37fca8eb17e46a3d953d8adae1c27582439,2017-03,Sussex Police,Sussex Police,0.205446,50.884895,On or near Golden Cross,E01021195,Wealden 018D,Criminal damage and arson,Investigation complete; no suspect identified,
8b17d61acab39a1a55f6d97fa71e157212d061b1ff4053e0e98df54fa7575a07,2017-03,Sussex Police,Sussex Police,0.205446,50.884895,On or near Golden Cross,E01021195,Wealden 018D,Public order,Further investigation is not in the public interest,
f9143744ce91c0f58110d93e48bd5315a82251dda5ffd9e1ffceeb2bb7aa66a7,2017-03,Sussex Police,Sussex Police,0.265347,50.887552,On or near Sports/Recreation Area,E01021195,Wealden 018D,Public order,Further investigation is not in the public interest,
dc275c9ea052d019d77bb6df9ac0003b677326576aa2d4f5c83fc0f367b10242,2017-03,Sussex Police,Sussex Police,0.239736,50.887201,On or near B2104,E01021195,Wealden 018D,Public order,Unable to prosecute suspect,
b3afff3219b8b287eb499df39f3695f8b62de20320347f818b38a4c24445c2c5,2017-03,Sussex Police,Sussex Police,0.264689,50.881610,On or near New Road,E01021195,Wealden 018D,Public order,Unable to prosecute suspect,
535da0f87bddbf675ec5fc8026c6152074bb402a372e8841b216d0125427c580,2017-03,Sussex Police,Sussex Police,0.250524,50.878557,On or near Paul Close,E01021195,Wealden 018D,Vehicle crime,Investigation complete; no suspect identified,
174948e6261feb9a2820f0cbfbff1d413a1c3ecd161da578e3e050233196a525,2017-03,Sussex Police,Sussex Police,0.257524,50.883377,On or near Park Road,E01021195,Wealden 018D,Vehicle crime,Investigation complete; no suspect identified,
0efbde9b6cbf38ffbd2a686f91b54f9f52c45bbb37f6a1004c1ba069aeca4dd5,2017-03,Sussex Police,Sussex Police,0.264366,50.890188,On or near The Drive,E01021195,Wealden 018D,Violence and sexual offences,Unable to prosecute suspect,
5b0f61fbe5ab527d487968002a4e38b0ce576d5792eb557889c037747963e7ed,2017-03,Sussex Police,Sussex Police,0.264366,50.890188,On or near The Drive,E01021195,Wealden 018D,Violence and sexual offences,Status update unavailable,
9814ef0b42db68008c5dce743ac9ea9df27054c8d98e42fe28c8478d6aa51011,2017-03,Sussex Police,Sussex Police,0.264366,50.890188,On or near The Drive,E01021195,Wealden 018D,Violence and sexual offences,Investigation complete; no suspect identified,
95a313fd7f779f39db6b0e5ed21e247ce6e59bffae1810801215380394527edb,2017-03,Sussex Police,Sussex Police,0.264366,50.890188,On or near The Drive,E01021195,Wealden 018D,Violence and sexual offences,Status update unavailable,
e0aa7855da35cf7a7ac42537f7e8bba5bcb5cdefa056096673c839d92844f6fc,2017-03,Sussex Police,Sussex Police,0.264366,50.890188,On or near The Drive,E01021195,Wealden 018D,Violence and sexual offences,Unable to prosecute suspect,
54c1c14be8b3f511c0b57c4de1664dcc0520f2b8faa21a04cfd1208b80796342,2017-03,Sussex Police,Sussex Police,0.264366,50.890188,On or near The Drive,E01021195,Wealden 018D,Other crime,Further investigation is not in the public interest,
,2017-03,Sussex Police,Sussex Police,0.247844,50.871314,On or near Chesnut Close,E01021196,Wealden 018E,Anti-social behaviour,,
,2017-03,Sussex Police,Sussex Police,0.244575,50.872789,On or near Goodwin Close,E01021196,Wealden 018E,Anti-social behaviour,,
cabfd4ae6827994b2060da5cb8e464adf6f5b062e6427e445c87aa4db611731d,2017-03,Sussex Police,Sussex Police,0.251807,50.878631,On or near Marlow Drive,E01021196,Wealden 018E,Bicycle theft,Investigation complete; no suspect identified,
be47bf728671614a25e8a093b4862a9c9a68ebfdfcf11275bc17da148d415a32,2017-03,Sussex Police,Sussex Police,0.244772,50.873352,On or near Farne Close,E01021196,Wealden 018E,Burglary,Unable to prosecute suspect,
2a0fc39d153b29a3997886a656dfc852f05b477b772098d31ffa9add1f495f54,2017-03,Sussex Police,Sussex Police,0.251861,50.877982,On or near Lansdowne Way,E01021196,Wealden 018E,Criminal damage and arson,Investigation complete; no suspect identified,
9e640a8d86af18c7f5ca77e157690fcdb18ce7c01189f16bde164e2365eafc08,2017-03,Sussex Police,Sussex Police,0.252162,50.873030,On or near Douglas Close,E01021196,Wealden 018E,Criminal damage and arson,Investigation complete; no suspect identified,
d341a72056ea0ba170c8aacd09cbf65070f560e83a5bdc38d6c0e0a02d58a703,2017-03,Sussex Police,Sussex Police,0.251861,50.877982,On or near Lansdowne Way,E01021196,Wealden 018E,Criminal damage and arson,Investigation complete; no suspect identified,
3bc8ed2b76a7d8afed2932df4410f7fb7972f6b10c14904c30ce0ee538329380,2017-03,Sussex Police,Sussex Police,0.251861,50.877982,On or near Lansdowne Way,E01021196,Wealden 018E,Criminal damage and arson,Investigation complete; no suspect identified,
23af00a3e075b0ad6136d296bf16354b735fe60936292c9e020553dc050be96f,2017-03,Sussex Police,Sussex Police,0.251807,50.878631,On or near Marlow Drive,E01021196,Wealden 018E,Other theft,Investigation complete; no suspect identified,
16dd07ca58afafa979110964715a7a43584977525ec87fdb263318ef55b1ae7a,2017-03,Sussex Police,Sussex Police,0.247844,50.871314,On or near Chesnut Close,E01021196,Wealden 018E,Vehicle crime,Investigation complete; no suspect identified,
0c3c74e5286144285915d5b9172adf65523f134f28dd9fbf4f6ff93cb8ae3ee1,2017-03,Sussex Police,Sussex Police,0.248819,50.872681,On or near Moray Walk,E01021196,Wealden 018E,Violence and sexual offences,Investigation complete; no suspect identified,
fb0c95fee0f2b2fe1f09695a03bfb977b633756df263513c92b5cd0e888230ae,2017-03,Sussex Police,Sussex Police,0.248819,50.872681,On or near Moray Walk,E01021196,Wealden 018E,Other crime,Investigation complete; no suspect identified,
,2017-03,Sussex Police,Sussex Police,0.244872,50.877802,On or near Shetland Close,E01021197,Wealden 018F,Anti-social behaviour,,
,2017-03,Sussex Police,Sussex Police,0.237091,50.874129,On or near A22,E01021197,Wealden 018F,Anti-social behaviour,,
,2017-03,Sussex Police,Sussex Police,0.206139,50.868567,On or near Sports/Recreation Area,E01021197,Wealden 018F,Anti-social behaviour,,
,2017-03,Sussex Police,Sussex Police,0.206139,50.868567,On or near Sports/Recreation Area,E01021197,Wealden 018F,Anti-social behaviour,,
b56e99bbfd271f8204739f6593e52a466c4d6199489336f011eb759c0a0b0ebd,2017-03,Sussex Police,Sussex Police,0.231051,50.879506,On or near Petrol Station,E01021197,Wealden 018F,Burglary,Investigation complete; no suspect identified,
46e6701e7d3dc7a76be1902a50b966688d0523a6b567fa7c178b5d7897df0508,2017-03,Sussex Police,Sussex Police,0.244428,50.876830,On or near Lundy Walk,E01021197,Wealden 018F,Burglary,Investigation complete; no suspect identified,
cd4ad1e74f7985e7c2ada5f2c27df7f0f06f68bd858eb21ac00070add48a1131,2017-03,Sussex Police,Sussex Police,0.244428,50.876830,On or near Lundy Walk,E01021197,Wealden 018F,Burglary,Investigation complete; no suspect identified,
9d81467fa4d889d27e7a20c564133aec05aed647cf0ef06ef9c1f5f8c940ad63,2017-03,Sussex Police,Sussex Police,0.247135,50.873424,On or near Medway,E01021197,Wealden 018F,Criminal damage and arson,Unable to prosecute suspect,
b141b8adc2e655e1e40312f325c823d30d63a9b9e3607589e7b4cb26629b9e0c,2017-03,Sussex Police,Sussex Police,0.206139,50.868567,On or near Sports/Recreation Area,E01021197,Wealden 018F,Other theft,Investigation complete; no suspect identified,
6dff3f17a117ac282d10d3d4869a9c7481106d044419970cb8b0a901e8c0666c,2017-03,Sussex Police,Sussex Police,0.244311,50.874998,On or near Stroma Gardens,E01021197,Wealden 018F,Other theft,Unable to prosecute suspect,
580909563282a784c8ae06a5f024ac9d42e99fc7007d8eb2bb36e3a24b247f35,2017-03,Sussex Police,Sussex Police,0.221332,50.880501,On or near A22,E01021197,Wealden 018F,Public order,Status update unavailable,
d588f8174eda21b4c9cc0200cfb0140f885a25fc87b4f9d40ce5bca8d3c09c4f,2017-03,Sussex Police,Sussex Police,0.206139,50.868567,On or near Sports/Recreation Area,E01021197,Wealden 018F,Public order,Status update unavailable,
85f77192c9f9a7410ded3903d48e30b7fb1cb00f67247b5204277447dfdc367c,2017-03,Sussex Police,Sussex Police,0.202781,50.842854,On or near Park/Open Space,E01021197,Wealden 018F,Vehicle crime,Unable to prosecute suspect,
d2308533f9126edcdb76afd3aadd6009ce37ce5eec786bf1f6e9a7ee615e9eeb,2017-03,Sussex Police,Sussex Police,0.206139,50.868567,On or near Sports/Recreation Area,E01021197,Wealden 018F,Violence and sexual offences,Status update unavailable,
a089336fcc8877f8eb08cd3423993a61bd5d972ee631e919bf5ba2bcb4cc3b79,2017-03,Sussex Police,Sussex Police,0.211050,50.843795,On or near Parking Area,E01021197,Wealden 018F,Violence and sexual offences,Unable to prosecute suspect,
3b1fdd8f694da8dbac3c8f990ab2db426f17effa385a87cb1c8f09680ff39243,2017-03,Sussex Police,Sussex Police,0.237091,50.874129,On or near A22,E01021197,Wealden 018F,Violence and sexual offences,Unable to prosecute suspect,
7a01d6b85687d69a57574ff7d72a26b3eedec349d478620e8910bdd70ffd7bb6,2017-03,Sussex Police,Sussex Police,0.237091,50.874129,On or near A22,E01021197,Wealden 018F,Violence and sexual offences,Investigation complete; no suspect identified,
56cb96c11977718d743a18b9eb7033bcd4d91a423a571b335b6812f9cdb801b4,2017-03,Sussex Police,Sussex Police,0.247135,50.873424,On or near Medway,E01021197,Wealden 018F,Violence and sexual offences,Unable to prosecute suspect,
97cc356cc2f3fac42c7a6de9637dc55f4209f974f1e01e6445377358dda16ee0,2017-03,Sussex Police,Sussex Police,0.247135,50.873424,On or near Medway,E01021197,Wealden 018F,Violence and sexual offences,Unable to prosecute suspect,
16ce2dff999b68dc0a47f1353994a807bee835a98ff5633cbd1a93bb01626b08,2017-03,Sussex Police,Sussex Police,0.247135,50.873424,On or near Medway,E01021197,Wealden 018F,Violence and sexual offences,Offender given a caution,
347c51bfe2d52708e3b2bf2d8a2f66f3eebf06fd0090cc3e887dc794c27d3fdf,2017-03,Sussex Police,Sussex Police,0.244311,50.874998,On or near Stroma Gardens,E01021197,Wealden 018F,Violence and sexual offences,Unable to prosecute suspect,
e717cd5cee76abf2403ba1d3d90c47e7a06ae84400bbef6307ee60c6b76d513a,2017-03,Sussex Police,Sussex Police,0.247135,50.873424,On or near Medway,E01021197,Wealden 018F,Violence and sexual offences,Further investigation is not in the public interest,
,2017-03,Sussex Police,Sussex Police,0.267600,50.820323,On or near Dittons Road,E01021212,Wealden 019A,Anti-social behaviour,,
,2017-03,Sussex Police,Sussex Police,0.267600,50.820323,On or near Dittons Road,E01021212,Wealden 019A,Anti-social behaviour,,
,2017-03,Sussex Police,Sussex Police,0.267600,50.820323,On or near Dittons Road,E01021212,Wealden 019A,Anti-social behaviour,,
2ccfb552c802dab88461520689bc61fe4a0cf12e2c2dd6c99a42d35ce972dbd1,2017-03,Sussex Police,Sussex Police,0.263761,50.820218,On or near Blenheim Way,E01021212,Wealden 019A,Burglary,Investigation complete; no suspect identified,
ed37c1536dfb36ca48e624704ea0295aec2a3e87205ef34b88d0e077a912b350,2017-03,Sussex Police,Sussex Police,0.262899,50.820298,On or near Russet Close,E01021212,Wealden 019A,Criminal damage and arson,Unable to prosecute suspect,
332dc9c2f1743de7313e62355ab98d5bfcb0d8f7800773ded9b2c67665b92a05,2017-03,Sussex Police,Sussex Police,0.253284,50.824369,On or near North Close,E01021212,Wealden 019A,Other theft,Investigation complete; no suspect identified,
1db9c8011feb9bfe27d7662fcc77b93d8290475dae39b1aef8103edf850310b3,2017-03,Sussex Police,Sussex Police,0.255951,50.823131,On or near Romney Road,E01021212,Wealden 019A,Other theft,Investigation complete; no suspect identified,
1a130a6262b238fa8e8353b3d97565d57dfdc6d11f6855c9f69ed62e1bd8cb39,2017-03,Sussex Police,Sussex Police,0.255951,50.823131,On or near Romney Road,E01021212,Wealden 019A,Other theft,Investigation complete; no suspect identified,
d6d6f6d1713957276363bdd2dc4ca93d91f926703ea7ff7c019607f0ca46db2b,2017-03,Sussex Police,Sussex Police,0.267600,50.820323,On or near Dittons Road,E01021212,Wealden 019A,Violence and sexual offences,Status update unavailable,
8a71c90abf9876b1d41a51e0a4b27a936e31dc2a90e54c68642a94e778485ab3,2017-03,Sussex Police,Sussex Police,0.262899,50.820298,On or near Russet Close,E01021212,Wealden 019A,Violence and sexual offences,Further investigation is not in the public interest,
24f2d8151c95e816c21322a57b047b2ffa773605ae452ef3cdf6a9386b214163,2017-03,Sussex Police,Sussex Police,0.253885,50.821803,On or near Nursery Close,E01021212,Wealden 019A,Violence and sexual offences,Status update unavailable,
,2017-03,Sussex Police,Sussex Police,0.243962,50.820952,On or near High Street,E01021213,Wealden 019B,Anti-social behaviour,,
,2017-03,Sussex Police,Sussex Police,0.243962,50.820952,On or near High Street,E01021213,Wealden 019B,Anti-social behaviour,,
,2017-03,Sussex Police,Sussex Police,0.242208,50.822271,On or near Brook Street,E01021213,Wealden 019B,Anti-social behaviour,,
1775c63a0c23f3e88248f1e4bf9bb92ac14aa4aebf586e3d735dabbd2d0e4425,2017-03,Sussex Police,Sussex Police,0.243875,50.823292,On or near Albert Place,E01021213,Wealden 019B,Criminal damage and arson,Investigation complete; no suspect identified,
07792213bdb23fb2d1f3b40539eea897b65ddb732707a6ec6c336c633c038a9b,2017-03,Sussex Police,Sussex Police,0.244552,50.821417,On or near Supermarket,E01021213,Wealden 019B,Criminal damage and arson,Investigation complete; no suspect identified,
08e69fa39d4bc264bf53032c974e8522c572e2b554a42cbcdd72263da12aae57,2017-03,Sussex Police,Sussex Police,0.243875,50.823292,On or near Albert Place,E01021213,Wealden 019B,Criminal damage and arson,Investigation complete; no suspect identified,
0dd75c53564f7855298210454925de67a0f832d707451e9e2d46e82ce2cdea94,2017-03,Sussex Police,Sussex Police,0.243962,50.820952,On or near High Street,E01021213,Wealden 019B,Other theft,Investigation complete; no suspect identified,
4031343245f3b3e7dc128ac8bd62775721c0148a089a035a75b5e4de738a5d9a,2017-03,Sussex Police,Sussex Police,0.243962,50.820952,On or near High Street,E01021213,Wealden 019B,Shoplifting,Investigation complete; no suspect identified,
8bca33cd03c7fb8955305c7d03af840e6e7e1870e7671c562893335bdbb2fb0d,2017-03,Sussex Police,Sussex Police,0.249645,50.822515,On or near New Road,E01021213,Wealden 019B,Shoplifting,Investigation complete; no suspect identified,
6be0a623ddeb19d6f64e38dfe4edfe46c1da103cd15fcddbae4ec66f8bfe6be4,2017-03,Sussex Police,Sussex Police,0.249645,50.822515,On or near New Road,E01021213,Wealden 019B,Violence and sexual offences,Status update unavailable,
b11a9e424049ed29c7e1f937bdb27283ed1a7119849cd5f5fecc00e9193db03d,2017-03,Sussex Police,Sussex Police,0.243962,50.820952,On or near High Street,E01021213,Wealden 019B,Violence and sexual offences,Investigation complete; no suspect identified,
b6fa0093f4b672513fd551340cc8ed1de31627a33952b187697922132ca03c81,2017-03,Sussex Police,Sussex Police,0.246470,50.821434,On or near Parking Area,E01021213,Wealden 019B,Violence and sexual offences,Status update unavailable,
e2544aee6d9d044edc762face1dc935d0f1ab3372063e823a711c9b8fcd2a97a,2017-03,Sussex Police,Sussex Police,0.246608,50.824030,On or near School Lane,E01021213,Wealden 019B,Violence and sexual offences,Unable to prosecute suspect,
46b1dd33062af96b494fb5f38f880d8e74f625d65d4181c7f556bd41d95fff97,2017-03,Sussex Police,Sussex Police,0.246470,50.821434,On or near Parking Area,E01021213,Wealden 019B,Violence and sexual offences,Unable to prosecute suspect,
62cea2f2e5a2c70e0142f9140ac04056b6665268788847d0a3819ddc4fe3f404,2017-03,Sussex Police,Sussex Police,0.249645,50.822515,On or near New Road,E01021213,Wealden 019B,Violence and sexual offences,Investigation complete; no suspect identified,
7c6f77208d73b78554dd9da492386cc6cc4edecaf1c638c79d3dea3bdffe6e0c,2017-03,Sussex Police,Sussex Police,0.250772,50.822034,On or near Junction Street,E01021213,Wealden 019B,Violence and sexual offences,Unable to prosecute suspect,
60ba229cbb7bb20540d7c07f9d9f3feb125c63b37451ba90689edb9124e3c16f,2017-03,Sussex Police,Sussex Police,0.249645,50.822515,On or near New Road,E01021213,Wealden 019B,Violence and sexual offences,Unable to prosecute suspect,
,2017-03,Sussex Police,Sussex Police,0.241243,50.830582,On or near Bay Tree Lane,E01021214,Wealden 019C,Anti-social behaviour,,
,2017-03,Sussex Police,Sussex Police,0.241243,50.830582,On or near Bay Tree Lane,E01021214,Wealden 019C,Anti-social behaviour,,
a0586d0eb54d77bc154880b606ffb9734824f6daea9709b07024b0debd06dba7,2017-03,Sussex Police,Sussex Police,0.241243,50.830582,On or near Bay Tree Lane,E01021214,Wealden 019C,Burglary,Investigation complete; no suspect identified,
64488c0f5257045e402232ac4c6a49f553e02417de1fe4f251885e2be0889620,2017-03,Sussex Police,Sussex Police,0.241140,50.825467,On or near Hailsham Road,E01021214,Wealden 019C,Criminal damage and arson,Investigation complete; no suspect identified,
40162c98bf2a302bcb75bed2e0956c489a315cd1bd9883f1856eb1a2205ffb4c,2017-03,Sussex Police,Sussex Police,0.241243,50.830582,On or near Bay Tree Lane,E01021214,Wealden 019C,Other theft,Investigation complete; no suspect identified,
e5f2892b4b6c44ee7809edf47eb7b618ea2200ded2f9fb91e48c24a5f55554c2,2017-03,Sussex Police,Sussex Police,0.241243,50.830582,On or near Bay Tree Lane,E01021214,Wealden 019C,Other theft,Investigation complete; no suspect identified,
6b55c1da9c5bfc13370ebdf47402120ebf4eaa59e2b6c1b672721ba00f1e16c0,2017-03,Sussex Police,Sussex Police,0.241243,50.830582,On or near Bay Tree Lane,E01021214,Wealden 019C,Shoplifting,Investigation complete; no suspect identified,
b5d8b4dda63e8daafda4f5f13c3639e6c418996882af15695ec2d6b8e8814f5b,2017-03,Sussex Police,Sussex Police,0.241243,50.830582,On or near Bay Tree Lane,E01021214,Wealden 019C,Violence and sexual offences,Investigation complete; no suspect identified,
abb7f9628f24d54a05ab004842acd9a026e4358ebfbc5b91769c94525e12cc23,2017-03,Sussex Police,Sussex Police,0.245079,50.828251,On or near Mapleleaf Gardens,E01021214,Wealden 019C,Violence and sexual offences,Unable to prosecute suspect,
04de48d12edb9ce38ee003c179fad146e2cbd17feafdfcc2fab55eb7ecec24ef,2017-03,Sussex Police,Sussex Police,0.241140,50.825467,On or near Hailsham Road,E01021214,Wealden 019C,Violence and sexual offences,Local resolution,
06b197040db844c4c982bbf439383de76b9eb1ee56c229cbac423dfa87cc94d9,2017-03,Sussex Police,Sussex Police,0.241243,50.830582,On or near Bay Tree Lane,E01021214,Wealden 019C,Other crime,Unable to prosecute suspect,
,2017-03,Sussex Police,Sussex Police,0.242559,50.818352,On or near Eastbourne Road,E01021215,Wealden 019D,Anti-social behaviour,,
75e1c9169c012945e8f74421f1dad4f7fbd36d605e3120e32928cbac166f34f8,2017-03,Sussex Police,Sussex Police,0.248626,50.818730,On or near Windmill Road,E01021215,Wealden 019D,Other theft,Investigation complete; no suspect identified,
6034c6e2cb2699d754a971f2cbcd2964623d871f556c6ae831734224ad94f4f9,2017-03,Sussex Police,Sussex Police,0.244885,50.816824,On or near Supermarket,E01021215,Wealden 019D,Other theft,Investigation complete; no suspect identified,
816728471a1052bd6085f83f80e4048dc697cd9b72ff295f2fde2a17d07b751e,2017-03,Sussex Police,Sussex Police,0.245311,50.819478,On or near St John'S Road,E01021215,Wealden 019D,Robbery,Unable to prosecute suspect,
6d5811ffe5f77cd44a93debeb43db621a4d3360c28bcd2412cd46cb7aeac855d,2017-03,Sussex Police,Sussex Police,0.244885,50.816824,On or near Supermarket,E01021215,Wealden 019D,Shoplifting,Investigation complete; no suspect identified,
b1ed26f1eb06ed4f160ebc94871e93f499b8de89de4887723915ff664eed8ffc,2017-03,Sussex Police,Sussex Police,0.244885,50.816824,On or near Supermarket,E01021215,Wealden 019D,Violence and sexual offences,Investigation complete; no suspect identified,
a6a72c5b21551ef7899ac4fff120fda3936a0c476481af5d138f1e7781d15ec2,2017-03,Sussex Police,Sussex Police,0.249134,50.819845,On or near Manor Way,E01021215,Wealden 019D,Violence and sexual offences,Unable to prosecute suspect,
45b09b6170e3a6702c84c896c5b40e550acc449f986f81721456f8fe56e8a973,2017-03,Sussex Police,Sussex Police,0.247230,50.820421,On or near Burnside,E01021215,Wealden 019D,Violence and sexual offences,Investigation complete; no suspect identified,
,2017-03,Sussex Police,Sussex Police,0.239664,50.815989,On or near Southfield,E01021216,Wealden 019E,Anti-social behaviour,,
26582bce351d78ec4b523d4ccd38527abd66002d5a22cd6f4ff72c924776832a,2017-03,Sussex Police,Sussex Police,0.234281,50.821011,On or near Jevington Road,E01021216,Wealden 019E,Burglary,Investigation complete; no suspect identified,
7dcb75edb02d890bc326dbe05fc4cdc010da6577e7cae2ac673e33de33725716,2017-03,Sussex Police,Sussex Police,0.231274,50.820475,On or near Hyperion Avenue,E01021216,Wealden 019E,Other theft,Investigation complete; no suspect identified,
822b17ed583911d757e42550b19d4100452b72f99988b3f81cf0a59014a686bb,2017-03,Sussex Police,Sussex Police,0.239664,50.815989,On or near Southfield,E01021216,Wealden 019E,Violence and sexual offences,Unable to prosecute suspect,
,2017-03,Sussex Police,Sussex Police,0.338708,50.820952,On or near Bridge End,E01021206,Wealden 020A,Anti-social behaviour,,
,2017-03,Sussex Police,Sussex Police,0.337341,50.820008,On or near Church Lane,E01021206,Wealden 020A,Anti-social behaviour,,
f6f5b5179d97c3444a30597b623f96b55fa4c96cf2d3e312978990ce36c31567,2017-03,Sussex Police,Sussex Police,0.321012,50.817411,On or near Springfield Close,E01021206,Wealden 020A,Burglary,Investigation complete; no suspect identified,
26187b2a0feadd27161c5436479673f5bfe349285482a56d54f140c35722ab00,2017-03,Sussex Police,Sussex Police,0.332917,50.820142,On or near Castle Road,E01021206,Wealden 020A,Criminal damage and arson,Investigation complete; no suspect identified,
0aafce7ea7f8ebe0afdbf608efdb1edeb342f59dc9301f544e5201416c7b597c,2017-03,Sussex Police,Sussex Police,0.338708,50.820952,On or near Bridge End,E01021206,Wealden 020A,Criminal damage and arson,Investigation complete; no suspect identified,
ae3980fb51206721d66b8a7d340837d1ae0ba1c7f54eda0e0d288d54761134d5,2017-03,Sussex Police,Sussex Police,0.350808,50.825808,On or near A259,E01021206,Wealden 020A,Drugs,Offender fined,
726bd33ecc75f270b64eddd291d6b850e8cc14bbce7280a818b0b4b4805c41ef,2017-03,Sussex Police,Sussex Police,0.338708,50.820952,On or near Bridge End,E01021206,Wealden 020A,Other theft,Unable to prosecute suspect,
13591fed29dd2e1ad5a43b26b11bcddb0e1c6636e163d60c41cadac7cf4da91c,2017-03,Sussex Police,Sussex Police,0.337712,50.805268,On or near Eastbourne Road,E01021206,Wealden 020A,Other theft,Investigation complete; no suspect identified,
034bf7a532fcaf32b7515eae3ebcebc0da1aac6e575feee732d8e37c1d14cfc6,2017-03,Sussex Police,Sussex Police,0.324071,50.813546,On or near Eastbourne Road,E01021206,Wealden 020A,Vehicle crime,Investigation complete; no suspect identified,
04113a86743e4369b0617dd0287fa5ec7f555f28258269337077f21ecf0669b6,2017-03,Sussex Police,Sussex Police,0.323281,50.814218,On or near Hobney Rise,E01021206,Wealden 020A,Violence and sexual offences,Unable to prosecute suspect,
56d60243ea888106028a65fccbf1c8031daaf28c4216b439ad7612ff9aeebddf,2017-03,Sussex Police,Sussex Police,0.323281,50.814218,On or near Hobney Rise,E01021206,Wealden 020A,Violence and sexual offences,Offender given a caution,
fdb826147346fe2ed7021694bf014ff65787b457dd0f63c2205a8bb35cb0887d,2017-03,Sussex Police,Sussex Police,0.326557,50.818146,On or near Parking Area,E01021206,Wealden 020A,Violence and sexual offences,Unable to prosecute suspect,
b489911b52f4a9757d5dc2dcdda8e9484ea7f8402a9866706a5ccfc71df79a64,2017-03,Sussex Police,Sussex Police,0.338708,50.820952,On or near Bridge End,E01021206,Wealden 020A,Other crime,Status update unavailable,
92fd5982ec7d91b992a6c0ab22cdc649b7407fbf8f36e346979444cc21ce8fff,2017-03,Sussex Police,Sussex Police,0.310987,50.819976,On or near Ash Grove,E01021206,Wealden 020A,Other crime,Investigation complete; no suspect identified,
,2017-03,Sussex Police,Sussex Police,0.287901,50.815907,On or near Beaulieu Drive,E01021208,Wealden 020C,Anti-social behaviour,,
617f7a7db313bde7e5782e4f6d580f1542b784d130c723e859335403ec82b248,2017-03,Sussex Police,Sussex Police,0.291764,50.815660,On or near Orwell Close,E01021208,Wealden 020C,Burglary,Investigation complete; no suspect identified,
0e83b8f9557c510d9a6fa630dce5cd3ee01d741ca56b9545a27c8ea4499a82c6,2017-03,Sussex Police,Sussex Police,0.288841,50.815394,On or near Meon Close,E01021208,Wealden 020C,Criminal damage and arson,Investigation complete; no suspect identified,
d7c99a24b35992625767a459fd7fd6df66a6d753ad11a6572ca2115e008e1d89,2017-03,Sussex Police,Sussex Police,0.281524,50.817893,On or near Dittons Road,E01021208,Wealden 020C,Criminal damage and arson,Investigation complete; no suspect identified,
a8380ad5f745495f1fddfae5b540fe425f384cd51044a675ede8893042d74c46,2017-03,Sussex Police,Sussex Police,0.293865,50.815079,On or near Lion Hill,E01021208,Wealden 020C,Other theft,Status update unavailable,
e35cf40f6b8c4abdc62a5fe36bfbe8c1f726cd6ee035d40e5a960aa3db169a9c,2017-03,Sussex Police,Sussex Police,0.290028,50.816737,On or near Supermarket,E01021208,Wealden 020C,Public order,Unable to prosecute suspect,
296006a7ce1ef76b5039091b68001db626fad0c68e474eabacca8a760c23667a,2017-03,Sussex Police,Sussex Police,0.288841,50.815394,On or near Meon Close,E01021208,Wealden 020C,Public order,Further investigation is not in the public interest,
cca824836ca61c185f97899d36f698f393d6014c56ba48e403ee6ad95f50784e,2017-03,Sussex Police,Sussex Police,0.287901,50.815907,On or near Beaulieu Drive,E01021208,Wealden 020C,Violence and sexual offences,Further investigation is not in the public interest,
41162e396567fc37a10164dc7b254c41d1c9300e41084e6c46169320ef2f3114,2017-03,Sussex Police,Sussex Police,0.281524,50.817893,On or near Dittons Road,E01021208,Wealden 020C,Violence and sexual offences,Unable to prosecute suspect,
7c27e07a54ad4b0d90977bcaaae9c30c47e48282159e8b3f66cca88306f2534b,2017-03,Sussex Police,Sussex Police,0.277440,50.837256,On or near Parking Area,E01021208,Wealden 020C,Violence and sexual offences,Further investigation is not in the public interest,
bea1d48e4c38b1d1510f997577dc3a5ec748a2c5575fcd81d07b3f8e31511f65,2017-03,Sussex Police,Sussex Police,0.293741,50.815720,On or near Mill Crest,E01021208,Wealden 020C,Violence and sexual offences,Status update unavailable,
5e2d375acde01b7b67305cc8e29ebf42eefad5a75b01ca01ab8c8a8418c62a90,2017-03,Sussex Police,Sussex Police,0.295547,50.822439,On or near Hankham Road,E01021208,Wealden 020C,Violence and sexual offences,Further investigation is not in the public interest,
ae9fb0f26f6cfec5dece7c2f5c000d4923717c1e2552e1d1f230a38cd6f3c9ab,2017-03,Sussex Police,Sussex Police,0.292550,50.823011,On or near Milton Street,E01021208,Wealden 020C,Other crime,Investigation complete; no suspect identified,
,2017-03,Sussex Police,Sussex Police,0.300982,50.810820,On or near Buttermere Way,E01021209,Wealden 020D,Anti-social behaviour,,
1e07436ab5d82a4ca499fdd3372c910513296a100d289bfddb4b850951faf555,2017-03,Sussex Police,Sussex Police,0.306745,50.817451,On or near Mill View Close,E01021209,Wealden 020D,Burglary,Investigation complete; no suspect identified,
4faf2a550443f26f68060fb5a2dc65eab78ed066d9231d1d097724c9581aa2f5,2017-03,Sussex Police,Sussex Police,0.314673,50.819291,On or near Gallows Lane,E01021209,Wealden 020D,Vehicle crime,Investigation complete; no suspect identified,
20ceb25a037e8d41b6bfd65cbc9504dd12a73cd7dd82477bd8a5f849687dfb72,2017-03,Sussex Police,Sussex Police,0.288169,50.814139,On or near Wellsbourne Road,E01021210,Wealden 020E,Criminal damage and arson,Unable to prosecute suspect,
a5c839fccda8bf183fb202fafcd942e6ddd93bc2f8086ca795c8e3d651c8e001,2017-03,Sussex Police,Sussex Police,0.288169,50.814139,On or near Wellsbourne Road,E01021210,Wealden 020E,Violence and sexual offences,Formal action is not in the public interest,
7561ec392520717c2d8967d7763fdb0538e6f29febd20a9e1f6550faa20a985f,2017-03,Sussex Police,Sussex Police,0.350230,50.813741,On or near Priory Close,E01021211,Wealden 020F,Burglary,Investigation complete; no suspect identified,
d22f7621b4eb5d1ec559d8b93743a268f2339cec7026d01eb34adc6f2095b6b2,2017-03,Sussex Police,Sussex Police,0.344236,50.807431,On or near Millward Road,E01021211,Wealden 020F,Burglary,Investigation complete; no suspect identified,
e733444c080c3475ded1a96bd74a875e53167c9f4827fb66002cc7e37d79d5d5,2017-03,Sussex Police,Sussex Police,0.347335,50.811497,On or near Castle Drive,E01021211,Wealden 020F,Criminal damage and arson,Unable to prosecute suspect,
2a3492613015252f9e944e8ddf9c65bb5d954be28907c6624dcb2002c6c30fb0,2017-03,Sussex Police,Sussex Police,0.353382,50.812607,On or near Marine Terrace,E01021211,Wealden 020F,Criminal damage and arson,Investigation complete; no suspect identified,
a21e5375e767e974b735f67c15dc4ccfd4b8e3c24e838927c8eecc6972818b14,2017-03,Sussex Police,Sussex Police,0.352686,50.811758,On or near Parking Area,E01021211,Wealden 020F,Other theft,Status update unavailable,
,2017-03,Sussex Police,Sussex Police,0.252938,50.806550,On or near Parking Area,E01021232,Wealden 021A,Anti-social behaviour,,
,2017-03,Sussex Police,Sussex Police,0.251329,50.804099,On or near Cleevelands,E01021232,Wealden 021A,Anti-social behaviour,,
,2017-03,Sussex Police,Sussex Police,0.250517,50.808162,On or near St Annes Road,E01021232,Wealden 021A,Anti-social behaviour,,
,2017-03,Sussex Police,Sussex Police,0.248358,50.802816,On or near Manor Close,E01021232,Wealden 021A,Anti-social behaviour,,
,2017-03,Sussex Police,Sussex Police,0.245454,50.808547,On or near Southdown Avenue,E01021232,Wealden 021A,Anti-social behaviour,,
687722b04d2c63be6f594b9d83327e8de744f5304446fd4d4cda1114a9a4747c,2017-03,Sussex Police,Sussex Police,0.251576,50.804202,On or near St Mary'S Close,E01021232,Wealden 021A,Burglary,Unable to prosecute suspect,
4d6d54613c1d3de4740b9190ef845bd4209f6ff8e97a802e46b6e00fc1cf44dd,2017-03,Sussex Police,Sussex Police,0.246872,50.806442,On or near Gorringe Drive,E01021232,Wealden 021A,Burglary,Investigation complete; no suspect identified,
bc710c3fcf058eddc6c505c69c58743358124b8a75ec8bb8c2398ab40788e1d9,2017-03,Sussex Police,Sussex Police,0.255775,50.809166,On or near Hawksbridge Close,E01021232,Wealden 021A,Burglary,Investigation complete; no suspect identified,
adc7c74dc961324adad4540a288cf210bb6f78af0b95ea2972ec126cece7265f,2017-03,Sussex Police,Sussex Police,0.248514,50.808434,On or near Willingdon Court,E01021232,Wealden 021A,Other theft,Investigation complete; no suspect identified,
592976b15a25fe75da0c46887eeff184a5f0583c9f8c52ddb00da63d5863e207,2017-03,Sussex Police,Sussex Police,0.251954,50.807945,On or near Bailey Crescent,E01021232,Wealden 021A,Public order,Unable to prosecute suspect,
5c745527dd6b2355170035a5e64fdafb0bbb8676d79e93fb95407d8437e669e8,2017-03,Sussex Police,Sussex Police,0.252938,50.806550,On or near Parking Area,E01021232,Wealden 021A,Shoplifting,Awaiting court outcome,
3affb5b7d7788aa4297c100e19e49c7055c050861a56d58dd9091fdece189f81,2017-03,Sussex Police,Sussex Police,0.255775,50.809166,On or near Hawksbridge Close,E01021232,Wealden 021A,Violence and sexual offences,Unable to prosecute suspect,
,2017-03,Sussex Police,Sussex Police,0.240437,50.806935,On or near The Grove,E01021234,Wealden 021C,Anti-social behaviour,,
b7e1f0238fc2059bd7feade7ff943011dda522c8778e3b05f9f952b238f9bd2e,2017-03,Sussex Police,Sussex Police,0.244251,50.809803,On or near Oldfield Avenue,E01021234,Wealden 021C,Violence and sexual offences,Action to be taken by another organisation,
d22525322fafe2991e72ab146cd90d47259c0ca2000980439d6887027c039b1b,2017-03,Sussex Police,Sussex Police,0.250303,50.799865,On or near Chalk Farm Close,E01021235,Wealden 021D,Burglary,Offender sent to prison,
d8f5d20b460349811678f0a9b6f8d8b2875823f59013b95c908060c69805675f,2017-03,Sussex Police,Sussex Police,0.251852,50.799610,On or near The Croft,E01021235,Wealden 021D,Criminal damage and arson,Investigation complete; no suspect identified,
f3d0e5d2a3225db3f93f7457328e52c8f44eabfbff4e544e09999901d2f6ff3c,2017-03,Sussex Police,Sussex Police,0.259983,50.805469,On or near Freshway,E01021235,Wealden 021D,Vehicle crime,Investigation complete; no suspect identified,
64c3565512f47cd912d2e7c715c7860fb0c4921adec7374cdba152c7f05b4eff,2017-03,Sussex Police,Sussex Police,0.255472,50.802292,On or near Canterbury Close,E01021235,Wealden 021D,Other crime,Investigation complete; no suspect identified,
260002bfe8ac3df3f3d690732faf0148bfedcdce7f5dbf40ee73d624c85a9c62,2017-03,Sussex Police,Sussex Police,0.242616,50.814799,On or near Watermill Close,E01021236,Wealden 021E,Burglary,Further investigation is not in the public interest,
ce4f5cc82ea9389757e6bc7ad6bf8941e865c0ce0ad29404b8477c3ce3f6f640,2017-03,Sussex Police,Sussex Police,0.243367,50.814164,On or near Park Croft,E01021236,Wealden 021E,Criminal damage and arson,Investigation complete; no suspect identified,
2bb96c01e154188e6ebfe60e5169dc891345940d01edf7bd85a8d9df64da7712,2017-03,Sussex Police,Sussex Police,0.242616,50.814799,On or near Watermill Close,E01021236,Wealden 021E,Public order,Unable to prosecute suspect,
c0660a522dd1e567653b373162ea19cf2b603c89e227cf679b30f2612796ee79,2017-03,Sussex Police,Sussex Police,0.241977,50.811537,On or near Broad Road,E01021236,Wealden 021E,Violence and sexual offences,Investigation complete; no suspect identified,
431eb0db5e6c9d45df29eb6b9ce24024a3aee2bfb7403d33138ec9f6c2983689,2017-03,Sussex Police,Sussex Police,0.242487,50.814180,On or near Windmill Place,E01021236,Wealden 021E,Violence and sexual offences,Unable to prosecute suspect,
e621c33a8803f28cedffee2e402821fd85cbcf0385ad1b4b4068a4604b01ea0a,2017-03,Sussex Police,Sussex Police,0.241977,50.811537,On or near Broad Road,E01021236,Wealden 021E,Violence and sexual offences,Further investigation is not in the public interest,
2fc539476e50d3b27fe37462136ee1ea65b5e89958f9d7f421f545b243d982be,2017-03,Sussex Police,Sussex Police,0.243084,50.812712,On or near Farmlands Close,E01021236,Wealden 021E,Violence and sexual offences,Unable to prosecute suspect,
128c56bfe28382485eeebae678a08e8d86e678d2950bc49b58abb3e7144b6165,2017-03,Sussex Police,Sussex Police,0.242487,50.814180,On or near Windmill Place,E01021236,Wealden 021E,Other crime,Status update unavailable,
c4bd0157a070c0926cd2912c147991381fa1ca5fb6038049c0d2e9a5d2507daa,2017-03,Sussex Police,Sussex Police,-1.254332,50.885064,On or near Oak Coppice Road,E01032860,Winchester 013G,Other theft,Unable to prosecute suspect,
,2017-03,Sussex Police,Sussex Police,-0.417568,50.840767,On or near Hollyacres,E01031793,Worthing 001A,Anti-social behaviour,,
e32af4ee33f3de6de8b385ac380aaae859958a30803e3adb08b198f9cb084674,2017-03,Sussex Police,Sussex Police,-0.417040,50.835822,On or near New Road,E01031793,Worthing 001A,Burglary,Investigation complete; no suspect identified,
4f83fb16551bf20cd9b90f9aedd519a0499f798871567ae837581352fcfd6f0d,2017-03,Sussex Police,Sussex Police,-0.417568,50.840767,On or near Hollyacres,E01031793,Worthing 001A,Public order,Unable to prosecute suspect,
,2017-03,Sussex Police,Sussex Police,-0.395522,50.855331,On or near Long Meadow,E01031820,Worthing 001B,Anti-social behaviour,,
,2017-03,Sussex Police,Sussex Police,-0.399057,50.854579,On or near May Tree Avenue,E01031820,Worthing 001B,Anti-social behaviour,,
8eb48f3ee1664911e7d4187f30ab75d09a0343491cdbb3c943ea183ec63199fd,2017-03,Sussex Police,Sussex Police,-0.395945,50.843826,On or near Greatham Road,E01031820,Worthing 001B,Violence and sexual offences,Further investigation is not in the public interest,
,2017-03,Sussex Police,Sussex Police,-0.400299,50.849443,On or near Vale Drive,E01031821,Worthing 001C,Anti-social behaviour,,
,2017-03,Sussex Police,Sussex Police,-0.397353,50.847919,On or near Findon Road,E01031821,Worthing 001C,Anti-social behaviour,,
a7f4f0c52149c6841a548501f9c488a99d9f2f2608a544ef80122f5634db6c0c,2017-03,Sussex Police,Sussex Police,-0.397457,50.848640,On or near Supermarket,E01031821,Worthing 001C,Bicycle theft,Investigation complete; no suspect identified,
eea4b993fcd6e5c25b691344f8e7c2459461fde2039101e5f3082e11e9d48c3a,2017-03,Sussex Police,Sussex Police,-0.399079,50.850200,On or near Petrol Station,E01031821,Worthing 001C,Other theft,Investigation complete; no suspect identified,
f64b515e1deaa63dafc796113d5cedb9653deff31d07c0443be52300cfe387b8,2017-03,Sussex Police,Sussex Police,-0.403172,50.855157,On or near Bost Hill,E01031821,Worthing 001C,Public order,Offender fined,
eedd02c1678243ab5c6597b9ee3f1889b78bc2383612fb83e4f0f8aae0b53283,2017-03,Sussex Police,Sussex Police,-0.392250,50.839350,On or near Fontwell Drive,E01031821,Worthing 001C,Vehicle crime,Investigation complete; no suspect identified,
6aec3851de891a7f5230ef1d57d12cedceef4a991b7ad160ff7ba609723e4e70,2017-03,Sussex Police,Sussex Police,-0.401713,50.852116,On or near Marshall Avenue,E01031821,Worthing 001C,Violence and sexual offences,Unable to prosecute suspect,
a06d026102edf5f0cb17965aaf14eaf33a2e18b1514daf9e5c2b4d7a9da7968f,2017-03,Sussex Police,Sussex Police,-0.395649,50.843354,On or near Wantley Road,E01031821,Worthing 001C,Violence and sexual offences,Unable to prosecute suspect,
31ed2354dffe745de73abb695c41f452236a1c2229cf4772ecf55955570661af,2017-03,Sussex Police,Sussex Police,-0.413208,50.852066,On or near Honeysuckle Lane,E01031828,Worthing 001D,Violence and sexual offences,Status update unavailable,
,2017-03,Sussex Police,Sussex Police,-0.414075,50.840737,On or near Petrol Station,E01031829,Worthing 001E,Anti-social behaviour,,
37b83fcfa52628a08fe3b8751e119d05fa2be0fa28f94e7fc32a5edb889c4967,2017-03,Sussex Police,Sussex Police,-0.411916,50.842434,On or near Hospital,E01031829,Worthing 001E,Criminal damage and arson,Investigation complete; no suspect identified,
3756600322c0a65149b73d605015a1831c6d2b1b4ec2815dd55cb9c48cff8236,2017-03,Sussex Police,Sussex Police,-0.411916,50.842434,On or near Hospital,E01031829,Worthing 001E,Other theft,Investigation complete; no suspect identified,
a186e1a9c35042cb56d2c24eb90a2b7523877c715785febd32489fb64b1a600d,2017-03,Sussex Police,Sussex Police,-0.414075,50.840737,On or near Petrol Station,E01031829,Worthing 001E,Other theft,Investigation complete; no suspect identified,
7e38eb20e9250f9c21ed8f685e628f559fb22546238422d77a29b137d4c16e51,2017-03,Sussex Police,Sussex Police,-0.414075,50.840737,On or near Petrol Station,E01031829,Worthing 001E,Other theft,Investigation complete; no suspect identified,
f5975b97a0b01a3116e461df724eae4ba4d94534fa93b5bcf2e328172d284cf3,2017-03,Sussex Police,Sussex Police,-0.414075,50.840737,On or near Petrol Station,E01031829,Worthing 001E,Other theft,Investigation complete; no suspect identified,
2bc720f6d30e8832ade32a9585f8957a655f45a369e98220e76c67025140d179,2017-03,Sussex Police,Sussex Police,-0.411916,50.842434,On or near Hospital,E01031829,Worthing 001E,Public order,Further investigation is not in the public interest,
55638e9dc428ee6d6eeb0e357093b347cc38b484792f25af72313355b96eb222,2017-03,Sussex Police,Sussex Police,-0.412089,50.840665,On or near Whylands Crescent,E01031829,Worthing 001E,Violence and sexual offences,Unable to prosecute suspect,
7e930f3a9e6a36bd7dd7f86be0f4d074ea3149bce5bfe1056b9656c755ca8edd,2017-03,Sussex Police,Sussex Police,-0.410380,50.843322,On or near Wellingham Lane,E01031829,Worthing 001E,Violence and sexual offences,Unable to prosecute suspect,
84c59c5e3690a9af6819998b2e06383912075f2781c098c364d7eef7fbc4003b,2017-03,Sussex Police,Sussex Police,-0.411916,50.842434,On or near Hospital,E01031829,Worthing 001E,Violence and sexual offences,Further investigation is not in the public interest,
,2017-03,Sussex Police,Sussex Police,-0.392038,50.830219,On or near Rectory Road,E01031822,Worthing 002A,Anti-social behaviour,,
,2017-03,Sussex Police,Sussex Police,-0.392038,50.830219,On or near Rectory Road,E01031822,Worthing 002A,Anti-social behaviour,,
13c2d824b8e435d606e0aa9ecbab530e2bd46bb90fa2a1ffae2825699d431e64,2017-03,Sussex Police,Sussex Police,-0.389611,50.840501,On or near Links Road,E01031822,Worthing 002A,Criminal damage and arson,Investigation complete; no suspect identified,
fa53ef81c921b94ccfaa7c30b4770773af559a4f3e2478ab8d09d28f9b11161d,2017-03,Sussex Police,Sussex Police,-0.393186,50.841045,On or near Petrol Station,E01031822,Worthing 002A,Other theft,Offender fined,
1d60a7a2c872388adcc05bcfb2926c13efb878b9ffe8af135aebdc491b27a096,2017-03,Sussex Police,Sussex Police,-0.393186,50.841045,On or near Petrol Station,E01031822,Worthing 002A,Other theft,Investigation complete; no suspect identified,
4f8d369f0982b9c77823ffdeb90d064ac6ca6c2b6f290aca4303e93d2dfb451e,2017-03,Sussex Police,Sussex Police,-0.387439,50.834715,On or near Shirley Close,E01031822,Worthing 002A,Violence and sexual offences,Offender fined,
8bce6bdeedb4a6ef4ec997e0f098f898c04394a9ef30c0528edd7ef34291a17a,2017-03,Sussex Police,Sussex Police,-0.391637,50.830735,On or near Parking Area,E01031822,Worthing 002A,Violence and sexual offences,Unable to prosecute suspect,
6e8b7745c930cfee7ab83db9dd8cea09bc4cc45df05b1e6cab760bc9eb0a62c6,2017-03,Sussex Police,Sussex Police,-0.389397,50.835165,On or near Hall Avenue,E01031822,Worthing 002A,Violence and sexual offences,Unable to prosecute suspect,
,2017-03,Sussex Police,Sussex Police,-0.401533,50.836591,On or near Edgehill Close,E01031825,Worthing 002B,Anti-social behaviour,,
f1b9a7ce1c201924dec13d3880ed16d0f9ff87e70b95a3447dc97f242f4ad204,2017-03,Sussex Police,Sussex Police,-0.399767,50.834669,On or near Barn Close,E01031825,Worthing 002B,Burglary,Unable to prosecute suspect,
f4fd343c900730f257dd2ec37082ce11b0e34ee92ef3d520e4779b0c103d8049,2017-03,Sussex Police,Sussex Police,-0.401533,50.836591,On or near Edgehill Close,E01031825,Worthing 002B,Other theft,Investigation complete; no suspect identified,
63227ea74dae6f3332e14d86a06bb682f6755187c3444e74ef9da8df220eeffb,2017-03,Sussex Police,Sussex Police,-0.393538,50.837812,On or near Goodwood Road,E01031825,Worthing 002B,Violence and sexual offences,Unable to prosecute suspect,
,2017-03,Sussex Police,Sussex Police,-0.408833,50.837437,On or near Exmoor Drive,E01031826,Worthing 002C,Anti-social behaviour,,
,2017-03,Sussex Police,Sussex Police,-0.405380,50.835403,On or near Salvington Road,E01031826,Worthing 002C,Anti-social behaviour,,
776bb41cb152d159ee8c70f9526c0eae4907cf60d3f97500195e6b4b9387b4a4,2017-03,Sussex Police,Sussex Police,-0.405149,50.831343,On or near Roedean Road,E01031826,Worthing 002C,Burglary,Investigation complete; no suspect identified,
53efa51645e28621878037f4e541ec30c7c3930febfbfa7e164e2628105210fb,2017-03,Sussex Police,Sussex Police,-0.404802,50.835682,On or near Cumbrian Close,E01031826,Worthing 002C,Public order,Status update unavailable,
f1afa24de930b131884f1e9bddcd912f006ad762b42f58d4d52a0332cf0d76d3,2017-03,Sussex Police,Sussex Police,-0.404802,50.835682,On or near Cumbrian Close,E01031826,Worthing 002C,Violence and sexual offences,Unable to prosecute suspect,
ab8ebc7b099cc4ac382e43a35b389f8f75978bc9206ed8fd8de68768c39aa2ee,2017-03,Sussex Police,Sussex Police,-0.399618,50.832383,On or near Stone Lane,E01031826,Worthing 002C,Violence and sexual offences,Unable to prosecute suspect,
,2017-03,Sussex Police,Sussex Police,-0.395037,50.833876,On or near Ashacre Lane,E01031827,Worthing 002D,Anti-social behaviour,,
d7c4554097ae91c5ea0ba40eeab681af20f5437967e7891f070e0c4d8e365902,2017-03,Sussex Police,Sussex Police,-0.397991,50.829708,On or near Littlehampton Road,E01031827,Worthing 002D,Violence and sexual offences,Unable to prosecute suspect,
,2017-03,Sussex Police,Sussex Police,-0.398063,50.828854,On or near Leeward Road,E01031839,Worthing 002E,Anti-social behaviour,,
,2017-03,Sussex Police,Sussex Police,-0.396003,50.827234,On or near Pelham Road,E01031839,Worthing 002E,Anti-social behaviour,,
,2017-03,Sussex Police,Sussex Police,-0.392875,50.826103,On or near High Street,E01031839,Worthing 002E,Anti-social behaviour,,
,2017-03,Sussex Police,Sussex Police,-0.391656,50.826473,On or near Rectory Road,E01031839,Worthing 002E,Anti-social behaviour,,
,2017-03,Sussex Police,Sussex Police,-0.395599,50.827831,On or near Barton Close,E01031839,Worthing 002E,Anti-social behaviour,,
1c6b31000ba6d92bc3906519b452c0e2832835714c7cd89c0654c17564dd8972,2017-03,Sussex Police,Sussex Police,-0.394475,50.825819,On or near Church Way Close,E01031839,Worthing 002E,Burglary,Investigation complete; no suspect identified,
dde39625847aa3e9dc834c9d4e8ca3786129cd4602873baceb037a2e40ded9db,2017-03,Sussex Police,Sussex Police,-0.394802,50.829529,On or near Northfield Road,E01031839,Worthing 002E,Criminal damage and arson,Investigation complete; no suspect identified,
c16acef697fea3ea96da5722aaa3bbd3deca4fc30c1dffe7ca559c53ca19a87d,2017-03,Sussex Police,Sussex Police,-0.392875,50.826103,On or near High Street,E01031839,Worthing 002E,Criminal damage and arson,Investigation complete; no suspect identified,
13c7a050771d0aee0fc4dc3451d956a63d12ef34631cf6f1da2fcac2f8ba09bd,2017-03,Sussex Police,Sussex Police,-0.392875,50.826103,On or near High Street,E01031839,Worthing 002E,Drugs,Further investigation is not in the public interest,
af415979350c17a060ecf81795028aa8a8201b87301f3408bebd59c671bf97b1,2017-03,Sussex Police,Sussex Police,-0.391656,50.826473,On or near Rectory Road,E01031839,Worthing 002E,Shoplifting,Court result unavailable,
deb6237ce1d48508d9da17aaa5761ecd609f395f54ebc5beef2325c239422fdd,2017-03,Sussex Police,Sussex Police,-0.391656,50.826473,On or near Rectory Road,E01031839,Worthing 002E,Shoplifting,Status update unavailable,
d95c823ca5ebe402d1dcaed6cc8f1b4b2f5e2a454bc3a862cfe4e92210a28a23,2017-03,Sussex Police,Sussex Police,-0.395900,50.829400,On or near Chantry Road,E01031839,Worthing 002E,Shoplifting,Investigation complete; no suspect identified,
31163119d2a1d52f96374bef057574dbc8a187d7aa6ca4401a546d02db625216,2017-03,Sussex Police,Sussex Police,-0.393620,50.829629,On or near Highfield Road,E01031839,Worthing 002E,Violence and sexual offences,Awaiting court outcome,
1238ef832c813ec7ef7256d1c8af5aaabbf83480a22dd9e757c917ded96b38a2,2017-03,Sussex Police,Sussex Police,-0.395900,50.829400,On or near Chantry Road,E01031839,Worthing 002E,Violence and sexual offences,Unable to prosecute suspect,
3375d8ffb0078531a5a9f1f26fe846644cd7d7dc1317cbe0210819b56737a5e0,2017-03,Sussex Police,Sussex Police,-0.393620,50.829629,On or near Highfield Road,E01031839,Worthing 002E,Violence and sexual offences,Unable to prosecute suspect,
2df8d5df2f990d2e3ce1e8caa55c7fae923643a87db5a17eb4d5c3edc6898e87,2017-03,Sussex Police,Sussex Police,-0.394475,50.825819,On or near Church Way Close,E01031839,Worthing 002E,Violence and sexual offences,Unable to prosecute suspect,
,2017-03,Sussex Police,Sussex Police,-0.415134,50.838422,On or near Ivydore Avenue,E01031792,Worthing 003A,Anti-social behaviour,,
,2017-03,Sussex Police,Sussex Police,-0.413672,50.833357,On or near Birkdale Close,E01031792,Worthing 003A,Anti-social behaviour,,
05d318344707d99db63c8529cf62339863648b0c368d379822694d562715628b,2017-03,Sussex Police,Sussex Police,-0.413889,50.832839,On or near Birkdale Road,E01031792,Worthing 003A,Criminal damage and arson,Investigation complete; no suspect identified,
809898943edd4584a061549105c147c615b14feaca512df46af37f3e6b65023c,2017-03,Sussex Police,Sussex Police,-0.415134,50.838422,On or near Ivydore Avenue,E01031792,Worthing 003A,Public order,Unable to prosecute suspect,
7cafe44db183ac7dec225fe0a060c7fdeff28060c234e9b0718fff70209c9b53,2017-03,Sussex Police,Sussex Police,-0.414569,50.836634,On or near Ivydore Close,E01031792,Worthing 003A,Violence and sexual offences,Further investigation is not in the public interest,
51a2530e8d662f24d574e957ae2dd876cb8559b5ad8bfdba8161ffb8d6b9b66b,2017-03,Sussex Police,Sussex Police,-0.411778,50.835598,On or near Supermarket,E01031792,Worthing 003A,Violence and sexual offences,Investigation complete; no suspect identified,
,2017-03,Sussex Police,Sussex Police,-0.408144,50.833462,On or near Twyford Gardens,E01031794,Worthing 003B,Anti-social behaviour,,
d3b972e5b6417770d330fe82ef4d462e1da076cf06f93ae11a2ed53a755ccdc6,2017-03,Sussex Police,Sussex Police,-0.406003,50.829215,On or near Petrol Station,E01031794,Worthing 003B,Burglary,Investigation complete; no suspect identified,
32dd53f91ba3bb888ffe513a17a23d70e323171ea8a2b53a6529cc72193d999b,2017-03,Sussex Police,Sussex Police,-0.406003,50.829215,On or near Petrol Station,E01031794,Worthing 003B,Other theft,Investigation complete; no suspect identified,
e168b5f64e64498564f9292ee70ce9e44a515955197a53d6f48b871beaede9db,2017-03,Sussex Police,Sussex Police,-0.406003,50.829215,On or near Petrol Station,E01031794,Worthing 003B,Other theft,Unable to prosecute suspect,
b2c3fb8e96019a80fb782dcafcce17cb459076a32f5ad5d8d5577d0e43202bcc,2017-03,Sussex Police,Sussex Police,-0.406003,50.829215,On or near Petrol Station,E01031794,Worthing 003B,Shoplifting,Unable to prosecute suspect,
00a05dd4a1771c34bf3c0e1ec14b51608c75b030757615751a3aba927791e17b,2017-03,Sussex Police,Sussex Police,-0.408639,50.829763,On or near Muirfield Road,E01031794,Worthing 003B,Violence and sexual offences,Unable to prosecute suspect,
2d4d1e21f6d8b630d2af8954da479e4aa56608a299d63abc282650644bf3c400,2017-03,Sussex Police,Sussex Police,-0.406003,50.829215,On or near Petrol Station,E01031794,Worthing 003B,Violence and sexual offences,Unable to prosecute suspect,
ba18461689ad5ad99dc21c082f75a5d4af44bd256d179468eb29a54437b7ef24,2017-03,Sussex Police,Sussex Police,-0.408639,50.829763,On or near Muirfield Road,E01031794,Worthing 003B,Other crime,Status update unavailable,
,2017-03,Sussex Police,Sussex Police,-0.416992,50.829661,On or near Columbia Drive,E01031795,Worthing 003C,Anti-social behaviour,,
,2017-03,Sussex Police,Sussex Police,-0.417225,50.832848,On or near Edmonton Road,E01031795,Worthing 003C,Anti-social behaviour,,
0fa1e9a6658dfff0f1a4a0154f04a9167bde24ea4c812db554df4f712daea4a0,2017-03,Sussex Police,Sussex Police,-0.415661,50.830398,On or near Vancouver Close,E01031795,Worthing 003C,Criminal damage and arson,Investigation complete; no suspect identified,
6efff583146bd286000a150d2a532326844929fe6598ef44af66e5012bc1dad5,2017-03,Sussex Police,Sussex Police,-0.416992,50.829661,On or near Columbia Drive,E01031795,Worthing 003C,Robbery,Defendant found not guilty,
b0918f332b689a8b0a5fac96f1a9170a4849c6e351574e382b1d16a22afee229,2017-03,Sussex Police,Sussex Police,-0.419634,50.830488,On or near Montreal Way,E01031795,Worthing 003C,Violence and sexual offences,Further investigation is not in the public interest,
de272e10badc13b3c2263c2969684b9f0cc624ef7074ff20ebd7629f77769a3d,2017-03,Sussex Police,Sussex Police,-0.417627,50.832305,On or near Avalon Way,E01031795,Worthing 003C,Violence and sexual offences,Status update unavailable,
e093f45320bffc82596a4cd650d72e9bd669d7b022724f8dcde76a989ee8b06a,2017-03,Sussex Police,Sussex Police,-0.420690,50.831609,On or near Shelby Road,E01031795,Worthing 003C,Violence and sexual offences,Unable to prosecute suspect,
5a14e149bf780233519ed885c00870960286429050e5943e457742dc9fea06b0,2017-03,Sussex Police,Sussex Police,-0.420690,50.831609,On or near Shelby Road,E01031795,Worthing 003C,Violence and sexual offences,Investigation complete; no suspect identified,
46afb1696d02a397a46e6a1bbc694f2cb3534e3ddb9b0f2d785f01d5fbcb63fc,2017-03,Sussex Police,Sussex Police,-0.417627,50.832305,On or near Avalon Way,E01031795,Worthing 003C,Violence and sexual offences,Unable to prosecute suspect,
9d2a38915414973793098cffec22972cc28d26a4b5d5204596234a89c91e8826,2017-03,Sussex Police,Sussex Police,-0.420690,50.831609,On or near Shelby Road,E01031795,Worthing 003C,Violence and sexual offences,Unable to prosecute suspect,
489f574b841d7ce5c25e4d7d481ca63bf01f88da6a69232abc27548ed9959e4e,2017-03,Sussex Police,Sussex Police,-0.416992,50.829661,On or near Columbia Drive,E01031795,Worthing 003C,Violence and sexual offences,Unable to prosecute suspect,
124047b5064cf99ec69f82c003cf41412e339fd05d7666d2c237c4c380200593,2017-03,Sussex Police,Sussex Police,-0.419634,50.830488,On or near Montreal Way,E01031795,Worthing 003C,Violence and sexual offences,Action to be taken by another organisation,
bad20faa82c7d0897d4d0ab87ca2cab5e65e68a5b2f632c167d7fc1235355d92,2017-03,Sussex Police,Sussex Police,-0.419634,50.830488,On or near Montreal Way,E01031795,Worthing 003C,Violence and sexual offences,Action to be taken by another organisation,
14d42f5f68440d433feb56096da6d6fd9b8c8c6c2245fbe9114bc71fd91979ea,2017-03,Sussex Police,Sussex Police,-0.420690,50.831609,On or near Shelby Road,E01031795,Worthing 003C,Violence and sexual offences,Unable to prosecute suspect,
,2017-03,Sussex Police,Sussex Police,-0.420599,50.833028,On or near Tavy Close,E01031818,Worthing 003D,Anti-social behaviour,,
,2017-03,Sussex Police,Sussex Police,-0.417361,50.828011,On or near Hildon Close,E01031818,Worthing 003D,Anti-social behaviour,,
,2017-03,Sussex Police,Sussex Police,-0.422371,50.832297,On or near Fulbeck Way,E01031818,Worthing 003D,Anti-social behaviour,,
,2017-03,Sussex Police,Sussex Police,-0.417361,50.828011,On or near Hildon Close,E01031818,Worthing 003D,Anti-social behaviour,,
,2017-03,Sussex Police,Sussex Police,-0.422371,50.832297,On or near Fulbeck Way,E01031818,Worthing 003D,Anti-social behaviour,,
,2017-03,Sussex Police,Sussex Police,-0.422371,50.832297,On or near Fulbeck Way,E01031818,Worthing 003D,Anti-social behaviour,,
,2017-03,Sussex Police,Sussex Police,-0.415914,50.829233,On or near West Tyne,E01031818,Worthing 003D,Anti-social behaviour,,
cc9e4d61b742173d2c45c270131a873c0dd7d714f43afad9fabd4ed99324e6d5,2017-03,Sussex Police,Sussex Police,-0.413742,50.829635,On or near Chalfont Way,E01031818,Worthing 003D,Burglary,Investigation complete; no suspect identified,
2bc6c1d0e2d1d9b52ba1cd0c0879510f7497c7397bdf8b35757b0e025e3ee512,2017-03,Sussex Police,Sussex Police,-0.415914,50.829233,On or near West Tyne,E01031818,Worthing 003D,Criminal damage and arson,Offender fined,
4b9a1129b839f8fd19c6ebaa7089c44ec2ebbc082a7df182f1fea846e6f8392f,2017-03,Sussex Police,Sussex Police,-0.418618,50.829027,On or near Redwood Close,E01031818,Worthing 003D,Criminal damage and arson,Investigation complete; no suspect identified,
ff1041402b77cba728253bde6d5beba529745e20c1c7b64302ac7027776fa552,2017-03,Sussex Police,Sussex Police,-0.413599,50.829228,On or near Middle Tyne,E01031818,Worthing 003D,Drugs,Status update unavailable,
f4baed3295c7d428c461fb7af5ef62576d34ef801ad911945fb36063035a84ed,2017-03,Sussex Police,Sussex Police,-0.422122,50.832509,On or near Petrol Station,E01031818,Worthing 003D,Other theft,Investigation complete; no suspect identified,
54a74de77a24f57e5ec5055b6c7bfbb1c00b3bfe27e5ec047670d0bc4de8db11,2017-03,Sussex Police,Sussex Police,-0.415914,50.829233,On or near West Tyne,E01031818,Worthing 003D,Other theft,Status update unavailable,
54f1fa57c2cea76b48488c466cd36af58f328bfc65bff062c8b03a948cd9a45f,2017-03,Sussex Police,Sussex Police,-0.422122,50.832509,On or near Petrol Station,E01031818,Worthing 003D,Other theft,Investigation complete; no suspect identified,
5be385fb6ca67d914364bdfa6ae4c109a7eeff74c8b2396af1d01a2dc2884342,2017-03,Sussex Police,Sussex Police,-0.422122,50.832509,On or near Petrol Station,E01031818,Worthing 003D,Other theft,Unable to prosecute suspect,
14dd8e430688c5c6e20515366291a7f1d20c824b9033abc66134b15a8f6078c4,2017-03,Sussex Police,Sussex Police,-0.419611,50.834535,On or near Wear Road,E01031818,Worthing 003D,Possession of weapons,Status update unavailable,
64de3f6e04b14590199934202fc66d046b05eab9a048568ea6664e1707a8050a,2017-03,Sussex Police,Sussex Police,-0.422371,50.832297,On or near Fulbeck Way,E01031818,Worthing 003D,Shoplifting,Offender given penalty notice,
0e7cd46739ffd5e2f94ef18170e331a3be097f1de78a4c8e3ac6f5eead062ccc,2017-03,Sussex Police,Sussex Police,-0.415914,50.829233,On or near West Tyne,E01031818,Worthing 003D,Violence and sexual offences,Further investigation is not in the public interest,
66d7fccb01b5d10d57b9c77d19ce0f2b0aa4aef45af60f18af3274ed79f29e0e,2017-03,Sussex Police,Sussex Police,-0.417361,50.828011,On or near Hildon Close,E01031818,Worthing 003D,Violence and sexual offences,Status update unavailable,
8ac0ea3a694d272a37cc459e04c45f7a05269059d6ec213db202f7127aab76d0,2017-03,Sussex Police,Sussex Police,-0.422371,50.832297,On or near Fulbeck Way,E01031818,Worthing 003D,Violence and sexual offences,Further investigation is not in the public interest,
47c227a00a744a16989442b507309b757b267ecfeab8a0b04328502f58d13f2f,2017-03,Sussex Police,Sussex Police,-0.419973,50.833488,On or near Tavy Road,E01031818,Worthing 003D,Violence and sexual offences,Unable to prosecute suspect,
08e717a83defb9fd76afa38405f56277345f6e40860bf89094f7f30c3aea10b1,2017-03,Sussex Police,Sussex Police,-0.420599,50.833028,On or near Tavy Close,E01031818,Worthing 003D,Violence and sexual offences,Investigation complete; no suspect identified,
aa742c1ef5fe454b402502d607d5db648c6949103bb61a843faff9123e5ce970,2017-03,Sussex Police,Sussex Police,-0.415914,50.829233,On or near West Tyne,E01031818,Worthing 003D,Other crime,Further investigation is not in the public interest,
,2017-03,Sussex Police,Sussex Police,-0.404645,50.837803,On or near Sports/Recreation Area,E01031830,Worthing 003E,Anti-social behaviour,,
1fb55dbe4b3f7311383c82cd4ca9770a552626dab85594c9a2d7dcea3e520b63,2017-03,Sussex Police,Sussex Police,-0.406193,50.836538,On or near Mendip Road,E01031830,Worthing 003E,Violence and sexual offences,Further investigation is not in the public interest,
d7825c3d214b412eec21339e4c4ab65d4ef67a65d54c556e5596434b29f68e24,2017-03,Sussex Police,Sussex Police,-0.406193,50.836538,On or near Mendip Road,E01031830,Worthing 003E,Violence and sexual offences,Unable to prosecute suspect,
4b3ab9dddf9ad40b8d9b8da1e3d4c8cc3e5c618f12fc991b95f7dd65ffe678cb,2017-03,Sussex Police,Sussex Police,-0.406414,50.837989,On or near Pentland Road,E01031830,Worthing 003E,Violence and sexual offences,Local resolution,
90c175942d8c1fa2848c87835e32578f92a83a8ac8590950a6af0da68228920d,2017-03,Sussex Police,Sussex Police,-0.406351,50.839418,On or near Cheviot Road,E01031830,Worthing 003E,Other crime,Further investigation is not in the public interest,
,2017-03,Sussex Police,Sussex Police,-0.374597,50.828674,On or near Supermarket,E01031778,Worthing 004A,Anti-social behaviour,,
,2017-03,Sussex Police,Sussex Police,-0.374597,50.828674,On or near Supermarket,E01031778,Worthing 004A,Anti-social behaviour,,
,2017-03,Sussex Police,Sussex Police,-0.375136,50.829526,On or near Parking Area,E01031778,Worthing 004A,Anti-social behaviour,,
,2017-03,Sussex Police,Sussex Police,-0.375136,50.829526,On or near Parking Area,E01031778,Worthing 004A,Anti-social behaviour,,
,2017-03,Sussex Police,Sussex Police,-0.375136,50.829526,On or near Parking Area,E01031778,Worthing 004A,Anti-social behaviour,,
,2017-03,Sussex Police,Sussex Police,-0.374597,50.828674,On or near Supermarket,E01031778,Worthing 004A,Anti-social behaviour,,
,2017-03,Sussex Police,Sussex Police,-0.374597,50.828674,On or near Supermarket,E01031778,Worthing 004A,Anti-social behaviour,,
,2017-03,Sussex Police,Sussex Police,-0.374597,50.828674,On or near Supermarket,E01031778,Worthing 004A,Anti-social behaviour,,
05d1a490463bc297532bc244b3e4091d6d36d65214481bae66cf35e6650128e5,2017-03,Sussex Police,Sussex Police,-0.380792,50.832672,On or near A27,E01031778,Worthing 004A,Burglary,Further investigation is not in the public interest,
ffb484c78ae2e9e4215e2d3d8825b880cd6211dbd7cca0961042ce29de33e7c0,2017-03,Sussex Police,Sussex Police,-0.380792,50.832672,On or near A27,E01031778,Worthing 004A,Criminal damage and arson,Awaiting court outcome,
ea55784f42f37f426c345b8b522a38d5d43712246a644d0e407d20a05bdc9620,2017-03,Sussex Police,Sussex Police,-0.374370,50.832753,On or near Hawthorn Gardens,E01031778,Worthing 004A,Criminal damage and arson,Investigation complete; no suspect identified,
a202cb2952142e6f3036d654a3278cda8115e868c50ae93360c5618cce73086f,2017-03,Sussex Police,Sussex Police,-0.378651,50.830942,On or near Broadwater Street West,E01031778,Worthing 004A,Criminal damage and arson,Investigation complete; no suspect identified,
620d9c31cd1d01b0ecae126c619c56e824b210969ddf75bf9a92b269f5b94bfb,2017-03,Sussex Police,Sussex Police,-0.378651,50.830942,On or near Broadwater Street West,E01031778,Worthing 004A,Criminal damage and arson,Investigation complete; no suspect identified,
8482f41795d28d3a765e6058041f626558f9acdc3ffddaef549460c4fdd89a31,2017-03,Sussex Police,Sussex Police,-0.377149,50.830013,On or near Cissbury Road,E01031778,Worthing 004A,Criminal damage and arson,Investigation complete; no suspect identified,
284716507ebe8ce4f84d2793e32679b8eca7ddbe084c885fe36b9740aa6cdd03,2017-03,Sussex Police,Sussex Police,-0.378651,50.830942,On or near Broadwater Street West,E01031778,Worthing 004A,Criminal damage and arson,Investigation complete; no suspect identified,
cb09b96594b6f08847a31c5bf9be35224013d3b00fe0f6642a219e2419b6082c,2017-03,Sussex Police,Sussex Police,-0.378651,50.830942,On or near Broadwater Street West,E01031778,Worthing 004A,Criminal damage and arson,Investigation complete; no suspect identified,
fd3d063cd9005bc5b3aff1e6cd85773840aecfc9adb384a33264c1a44109e058,2017-03,Sussex Police,Sussex Police,-0.378651,50.830942,On or near Broadwater Street West,E01031778,Worthing 004A,Criminal damage and arson,Investigation complete; no suspect identified,
6f39e409aaca1dc3f2b4e3b1a42dd3acd86ad84cdfc81eecfe929f4b972c77d3,2017-03,Sussex Police,Sussex Police,-0.378651,50.830942,On or near Broadwater Street West,E01031778,Worthing 004A,Criminal damage and arson,Investigation complete; no suspect identified,
9f121aea9d86a37b14cc599281f5310973aa1de775788bb8f1514908ee9f791d,2017-03,Sussex Police,Sussex Police,-0.378651,50.830942,On or near Broadwater Street West,E01031778,Worthing 004A,Criminal damage and arson,Investigation complete; no suspect identified,
4a98c8fc014de32a7edf0044506cf3002aef7378a6b9f6cd8cf2c268f775e0ed,2017-03,Sussex Police,Sussex Police,-0.374597,50.828674,On or near Supermarket,E01031778,Worthing 004A,Criminal damage and arson,Investigation complete; no suspect identified,
744caab32a7e6032731f202fed6590ea19cb88bb119ee15145f7cded8f38ddad,2017-03,Sussex Police,Sussex Police,-0.374597,50.828674,On or near Supermarket,E01031778,Worthing 004A,Shoplifting,Investigation complete; no suspect identified,
4ac8807bb6e807708cc44d54a46af144c9414dbc2988b3de0ab033e822245a89,2017-03,Sussex Police,Sussex Police,-0.374597,50.828674,On or near Supermarket,E01031778,Worthing 004A,Shoplifting,Unable to prosecute suspect,
18e930383db3dc4a0991615837d619659443f1aa8bf1cc96397a878b25321cda,2017-03,Sussex Police,Sussex Police,-0.374597,50.828674,On or near Supermarket,E01031778,Worthing 004A,Shoplifting,Investigation complete; no suspect identified,
439be68a6ce51d382ab675dcc68faf059c908fee232bd4b064f8d1d948ebca9a,2017-03,Sussex Police,Sussex Police,-0.374597,50.828674,On or near Supermarket,E01031778,Worthing 004A,Shoplifting,Investigation complete; no suspect identified,
e063183faac1f89fe1cc3e059b0819a2f1863469e2a6aa3320b29b7ab91fb7ef,2017-03,Sussex Police,Sussex Police,-0.377837,50.831875,On or near Grove Road,E01031778,Worthing 004A,Violence and sexual offences,Unable to prosecute suspect,
aed7bf51f653708497672b9f85bbd29dd836244215b655ac78b2566b93b5fcc6,2017-03,Sussex Police,Sussex Police,-0.380792,50.832672,On or near A27,E01031778,Worthing 004A,Violence and sexual offences,Offender given conditional discharge,
1ebb05aea023b21bb86a056d89ece77d610e86d390d3fa28e46c2a832a5c5cf7,2017-03,Sussex Police,Sussex Police,-0.378651,50.830942,On or near Broadwater Street West,E01031778,Worthing 004A,Violence and sexual offences,Status update unavailable,
991989ed2dedb5d9bc9c6818c6f966b257d3e38afc42445c432cfa204c010f9e,2017-03,Sussex Police,Sussex Police,-0.378651,50.830942,On or near Broadwater Street West,E01031778,Worthing 004A,Violence and sexual offences,Unable to prosecute suspect,
fb6452d69748c8ff98c8020c126f4662f9fb022a95e863e93e781dc96f3f6cd2,2017-03,Sussex Police,Sussex Police,-0.371751,50.827636,On or near Broadwater Street East,E01031778,Worthing 004A,Violence and sexual offences,Further investigation is not in the public interest,
879f386300bceacef87017a723586c31b7486e7b113bbdb080cac3966966a565,2017-03,Sussex Police,Sussex Police,-0.371751,50.827636,On or near Broadwater Street East,E01031778,Worthing 004A,Violence and sexual offences,Unable to prosecute suspect,
653b77b86b237025c94a603415ecf6d40513015ade6861d03232f0642ff0cdcc,2017-03,Sussex Police,Sussex Police,-0.374597,50.828674,On or near Supermarket,E01031778,Worthing 004A,Violence and sexual offences,Offender given community sentence,
,2017-03,Sussex Police,Sussex Police,-0.385730,50.825788,On or near Wiston Avenue,E01031797,Worthing 004B,Anti-social behaviour,,
0dacbb86d65a11ab486cb4831888f981483a80175fec97c7c2fcf2a7455fef1c,2017-03,Sussex Police,Sussex Police,-0.387146,50.826321,On or near Wiston Close,E01031797,Worthing 004B,Public order,Court result unavailable,
70271c4efd5668fac37a33e5476778e9263703c223da4800758115e055fbfae0,2017-03,Sussex Police,Sussex Police,-0.387146,50.826321,On or near Wiston Close,E01031797,Worthing 004B,Violence and sexual offences,Court result unavailable,
11cbd21bce8c0ea176c1da4d2d8e26ac555cc36fc78410dec0a69e317078dda5,2017-03,Sussex Police,Sussex Police,-0.391706,50.826662,On or near Rectory Road,E01031797,Worthing 004B,Violence and sexual offences,Status update unavailable,
4003c33afbe9b1d3e13ed0a30e64d20a86253931edc5ed64800b5cd5f26df060,2017-03,Sussex Police,Sussex Police,-0.387146,50.826321,On or near Wiston Close,E01031797,Worthing 004B,Violence and sexual offences,Court result unavailable,
5a2028a1a945ec25156f62e8eb50584242efdf8dad7a1c4de08ddd05724fc8e2,2017-03,Sussex Police,Sussex Police,-0.381250,50.826410,On or near Balcombe Avenue,E01031800,Worthing 004C,Burglary,Investigation complete; no suspect identified,
cb6d20541668986dd5a358060f95c9f54bf64ae0a599d622ea06c4ee3964b4dd,2017-03,Sussex Police,Sussex Police,-0.379853,50.822056,On or near Brockley Close,E01031800,Worthing 004C,Violence and sexual offences,Unable to prosecute suspect,
fc39d3c7d0103e73af8ac8529237c842b990f0dafd5083b42b70f6bec387bcef,2017-03,Sussex Police,Sussex Police,-0.379853,50.822056,On or near Brockley Close,E01031800,Worthing 004C,Violence and sexual offences,Formal action is not in the public interest,
3c5b7ef6c7d4934ab777bed782cc20b2ade86a19d907e8b4de6f2efd1ef0da2e,2017-03,Sussex Police,Sussex Police,-0.379732,50.823916,On or near South Farm Road,E01031800,Worthing 004C,Other crime,Investigation complete; no suspect identified,
,2017-03,Sussex Police,Sussex Police,-0.381745,50.834672,On or near Sports/Recreation Area,E01031823,Worthing 004D,Anti-social behaviour,,
,2017-03,Sussex Police,Sussex Police,-0.364094,50.835443,On or near Shopping Area,E01031823,Worthing 004D,Anti-social behaviour,,
,2017-03,Sussex Police,Sussex Police,-0.364094,50.835443,On or near Shopping Area,E01031823,Worthing 004D,Anti-social behaviour,,
,2017-03,Sussex Police,Sussex Police,-0.367560,50.837461,On or near Sports/Recreation Area,E01031823,Worthing 004D,Anti-social behaviour,,
,2017-03,Sussex Police,Sussex Police,-0.367560,50.837461,On or near Sports/Recreation Area,E01031823,Worthing 004D,Anti-social behaviour,,
71ae8512804210fbda10ac8ef0b71bc99bd851833bfcdf7ffc1c90845d3b8498,2017-03,Sussex Police,Sussex Police,-0.376388,50.838051,On or near Fifth Avenue,E01031823,Worthing 004D,Criminal damage and arson,Local resolution,
8bb52b8d9648db34779044976c5f19bcaa89983dee6ebc35426562a2e03a1592,2017-03,Sussex Police,Sussex Police,-0.375770,50.836613,On or near First Avenue,E01031823,Worthing 004D,Criminal damage and arson,Investigation complete; no suspect identified,
bed2f09125e8fb1f08c8aa426404704a3b926441bbf6a5affd7c9ed20d9af6f4,2017-03,Sussex Police,Sussex Police,-0.367560,50.837461,On or near Sports/Recreation Area,E01031823,Worthing 004D,Other theft,Status update unavailable,
e89455e2dd1f46dd534d856a83de48cd3f229d3695305e19093c9872bf5e4ee5,2017-03,Sussex Police,Sussex Police,-0.367560,50.837461,On or near Sports/Recreation Area,E01031823,Worthing 004D,Other theft,Investigation complete; no suspect identified,
5fb2709637aa455a8a21997ceeec5db27a95d9cf59ae6a756d0d7795229abbff,2017-03,Sussex Police,Sussex Police,-0.367560,50.837461,On or near Sports/Recreation Area,E01031823,Worthing 004D,Other theft,Investigation complete; no suspect identified,
1b738e17e98d3b4de3982b1ec5e3b7eac21356f1f3901eb3cc68fba07a8873b0,2017-03,Sussex Police,Sussex Police,-0.364094,50.835443,On or near Shopping Area,E01031823,Worthing 004D,Other theft,Unable to prosecute suspect,
e9036ef33a1db8bd9350b1cdb45039a8e899cd585ed2191b3545f1f8d33eba18,2017-03,Sussex Police,Sussex Police,-0.367560,50.837461,On or near Sports/Recreation Area,E01031823,Worthing 004D,Other theft,Status update unavailable,
37bfbca66f62138830c187013cb14cd4383c5935cb9aeeeed62afd7d721ac186,2017-03,Sussex Police,Sussex Police,-0.364094,50.835443,On or near Shopping Area,E01031823,Worthing 004D,Public order,Investigation complete; no suspect identified,
616001c4eb49c8da9f85e4924495cb9b2cb469c911a08e4cd31504986ce4be2f,2017-03,Sussex Police,Sussex Police,-0.367560,50.837461,On or near Sports/Recreation Area,E01031823,Worthing 004D,Shoplifting,Local resolution,
20313f2321bf4d4370c30c93ad3f8eda3cae5ddb1d1522c8d17fb323489d1abf,2017-03,Sussex Police,Sussex Police,-0.367560,50.837461,On or near Sports/Recreation Area,E01031823,Worthing 004D,Shoplifting,Unable to prosecute suspect,
e8bd3f70f30e696a39c7827db12226d75b1b99182774cf0e77573c99a1e8938c,2017-03,Sussex Police,Sussex Police,-0.367560,50.837461,On or near Sports/Recreation Area,E01031823,Worthing 004D,Shoplifting,Local resolution,
fc2d619d4b64855ccf028e7ef5ca0d31cf0bc161ab631d58b7176ee0c7000010,2017-03,Sussex Police,Sussex Police,-0.367560,50.837461,On or near Sports/Recreation Area,E01031823,Worthing 004D,Shoplifting,Offender given community sentence,
246ad7c7b9e05a9913e97463ef94d805b51a009483080dc732b05398b77817e3,2017-03,Sussex Police,Sussex Police,-0.367560,50.837461,On or near Sports/Recreation Area,E01031823,Worthing 004D,Shoplifting,Unable to prosecute suspect,
48773904ad8bc2feb338abfcc8181aa9e1c4ad8b694dcdc93b96adf22b678614,2017-03,Sussex Police,Sussex Police,-0.364094,50.835443,On or near Shopping Area,E01031823,Worthing 004D,Shoplifting,Investigation complete; no suspect identified,
6dd3361918271a27edc3ce6e48de3af71d0ce4f27776f25795cef8207519a772,2017-03,Sussex Police,Sussex Police,-0.386394,50.828765,On or near Broomfield Avenue,E01031824,Worthing 004E,Bicycle theft,Investigation complete; no suspect identified,
37d548b0be8a70e3f61d91ec944ef80db57c0f91b3936834e39534f20783c964,2017-03,Sussex Police,Sussex Police,-0.386191,50.830525,On or near Poulter'S Lane,E01031824,Worthing 004E,Violence and sexual offences,Investigation complete; no suspect identified,
decf1ae0f44ccc8dd3ea1d57d4bc9ffcc6f3851045dd83992d5675974fcd3186,2017-03,Sussex Police,Sussex Police,-0.385996,50.829596,On or near Lavington Road,E01031824,Worthing 004E,Violence and sexual offences,Further investigation is not in the public interest,
f9cba4e74cee367abbf81817b315152686fbb11db4441fd7d703b71ddf8ecb15,2017-03,Sussex Police,Sussex Police,-0.386191,50.830525,On or near Poulter'S Lane,E01031824,Worthing 004E,Violence and sexual offences,Unable to prosecute suspect,
e78675624cf0fcd395ea9357d0b38636f4fe87d68a49768668254a2fab5ae43a,2017-03,Sussex Police,Sussex Police,-0.386191,50.830525,On or near Poulter'S Lane,E01031824,Worthing 004E,Violence and sexual offences,Unable to prosecute suspect,
aaa9aca62a86b188625eed53b92f7c146038f465cc1712ab5f4a0645536f0480,2017-03,Sussex Police,Sussex Police,-0.386394,50.828765,On or near Broomfield Avenue,E01031824,Worthing 004E,Violence and sexual offences,Local resolution,
c911644b2e0145229190d62f9a497ab5898e7e3584e9ee7b57a4615368a5460f,2017-03,Sussex Police,Sussex Police,-0.383479,50.831360,On or near Gorse Avenue,E01031824,Worthing 004E,Violence and sexual offences,Unable to prosecute suspect,
878eebffd03a4f17faef9d16b1537cf75507200a3993d7e3d63c8ca63ebe88f5,2017-03,Sussex Police,Sussex Police,-0.386191,50.830525,On or near Poulter'S Lane,E01031824,Worthing 004E,Violence and sexual offences,Unable to prosecute suspect,
,2017-03,Sussex Police,Sussex Police,-0.367612,50.827821,On or near B2223,E01031776,Worthing 005A,Anti-social behaviour,,
,2017-03,Sussex Police,Sussex Police,-0.369788,50.828543,On or near Southfield Road,E01031776,Worthing 005A,Anti-social behaviour,,
,2017-03,Sussex Police,Sussex Police,-0.369788,50.828543,On or near Southfield Road,E01031776,Worthing 005A,Anti-social behaviour,,
,2017-03,Sussex Police,Sussex Police,-0.367612,50.827821,On or near B2223,E01031776,Worthing 005A,Anti-social behaviour,,
30c4f5054ae5dbdb5ab89f072a0613290377876324e3ca08efb5219b02fbd039,2017-03,Sussex Police,Sussex Police,-0.369723,50.830017,On or near Shandon Gardens,E01031776,Worthing 005A,Burglary,Unable to prosecute suspect,
e12b0b260b1d08cdee00d0928045e4d43231de5fdb6fe6ec5cea73191a5b1b8c,2017-03,Sussex Police,Sussex Police,-0.369170,50.829173,On or near Kingsland Road,E01031776,Worthing 005A,Criminal damage and arson,Investigation complete; no suspect identified,
54302077428d9df5f75a7b17ec5c851c8bbc7ee9ca22c285f483f9fed9945dad,2017-03,Sussex Police,Sussex Police,-0.369788,50.828543,On or near Southfield Road,E01031776,Worthing 005A,Other theft,Investigation complete; no suspect identified,
7388235a9426b0722e158815c3d4d74e454f5f5ecb641092992fa0efda81ddf4,2017-03,Sussex Police,Sussex Police,-0.368871,50.830824,On or near Leigh Road,E01031776,Worthing 005A,Vehicle crime,Investigation complete; no suspect identified,
8be5e9ef4e1c89c4f88a8603c37bb6f146ed2936e3ab07025e5d6f17f55f1435,2017-03,Sussex Police,Sussex Police,-0.369723,50.830017,On or near Shandon Gardens,E01031776,Worthing 005A,Violence and sexual offences,Status update unavailable,
,2017-03,Sussex Police,Sussex Police,-0.360851,50.826269,On or near Harrison Road,E01031777,Worthing 005B,Anti-social behaviour,,
,2017-03,Sussex Police,Sussex Police,-0.362099,50.824272,On or near Dominion Close,E01031777,Worthing 005B,Anti-social behaviour,,
,2017-03,Sussex Police,Sussex Police,-0.362099,50.824272,On or near Dominion Close,E01031777,Worthing 005B,Anti-social behaviour,,
1c6503dab26afbb8f1c839c3926a97c9f58b24717653737f93e84dd32d2e9ab3,2017-03,Sussex Police,Sussex Police,-0.361709,50.824069,On or near Sports/Recreation Area,E01031777,Worthing 005B,Burglary,Investigation complete; no suspect identified,
ea46a966a4fa744f7f9cd8db59eea5a9e83041a54d6e50e1e2d606c43c53c36f,2017-03,Sussex Police,Sussex Police,-0.361709,50.824069,On or near Sports/Recreation Area,E01031777,Worthing 005B,Burglary,Investigation complete; no suspect identified,
125bf24c5d189610dd0d3869923c61eceec238a1123c7e65536839ed66b08d46,2017-03,Sussex Police,Sussex Police,-0.356807,50.826608,On or near Easting Close,E01031777,Worthing 005B,Criminal damage and arson,Investigation complete; no suspect identified,
934acdf363fb8694cb5804f6a54257ab1de4f50924d55f8f2a69b66b50d8ceba,2017-03,Sussex Police,Sussex Police,-0.365219,50.828848,On or near Penfold Road,E01031777,Worthing 005B,Other theft,Offender given a caution,
26ddb6a72ad1718190e8dd75c81e20c6092dc4d8be1a8d75ec1f516912a0b0c3,2017-03,Sussex Police,Sussex Police,-0.361443,50.824362,On or near Dominion Road,E01031777,Worthing 005B,Public order,Unable to prosecute suspect,
c4c241baf2fe3b061d1c32c2918acf7042c7a340c08ab7d92ccf2a3dfca6a84b,2017-03,Sussex Police,Sussex Police,-0.365762,50.825906,On or near Marlowe Road,E01031777,Worthing 005B,Violence and sexual offences,Unable to prosecute suspect,
,2017-03,Sussex Police,Sussex Police,-0.368948,50.825348,On or near Beaumont Road,E01031780,Worthing 005C,Anti-social behaviour,,
29ef9989b5f80d7d13a1741ab560c41e55d81c816995cecbcd7b46f111dad4ec,2017-03,Sussex Police,Sussex Police,-0.368507,50.822122,On or near Marston Road,E01031780,Worthing 005C,Other theft,Investigation complete; no suspect identified,
c84fd899a703cbf80a497b6dc0613ce81b8b72f92ab39cc55cd94ec039178e0b,2017-03,Sussex Police,Sussex Police,-0.368507,50.822122,On or near Marston Road,E01031780,Worthing 005C,Violence and sexual offences,Status update unavailable,
0cc4130710ffc283d2dc80a840a242662dc40205bbdba2decb5a03b21e8ea01a,2017-03,Sussex Police,Sussex Police,-0.368967,50.821140,On or near Bashfords Lane,E01031780,Worthing 005C,Violence and sexual offences,Further investigation is not in the public interest,
9c351bd052c20d000d0997f817cbe596cb6d52fa2b7eeee07408a7e4c8c3b68d,2017-03,Sussex Police,Sussex Police,-0.363960,50.821016,On or near Sackville Way,E01031780,Worthing 005C,Other crime,Investigation complete; no suspect identified,
de6cc681eddebda0b61a91b28e4374bc0fcacad4e59f7c3cf6f5dab2c9b108b9,2017-03,Sussex Police,Sussex Police,-0.367275,50.830972,On or near Sompting Road,E01031781,Worthing 005D,Criminal damage and arson,Status update unavailable,
10e6193de984679a3da7e0679cbf2ed32691b5354ec6cca19235377c69608980,2017-03,Sussex Police,Sussex Police,-0.367275,50.830972,On or near Sompting Road,E01031781,Worthing 005D,Criminal damage and arson,Investigation complete; no suspect identified,
db75cdfccf3bfb91d59e734f02c3e63dad8843c7eab33a1eb50460a1ac6fb304,2017-03,Sussex Police,Sussex Police,-0.365498,50.833475,On or near Gainsborough Avenue,E01031781,Worthing 005D,Criminal damage and arson,Investigation complete; no suspect identified,
3f6c99b1bc2579973591ef0a1e6a27ac9fb4f445d98d1c5d39d16a6b4c938d2e,2017-03,Sussex Police,Sussex Police,-0.366864,50.833800,On or near Downlands Gardens,E01031781,Worthing 005D,Other theft,Unable to prosecute suspect,
997fe48331d529ad148575936501aea7461b9b0e13326010f3405f496e2e400c,2017-03,Sussex Police,Sussex Police,-0.367848,50.834101,On or near Upper Brighton Road,E01031781,Worthing 005D,Other theft,Unable to prosecute suspect,
1dd871c4429f2a7564ebca755f36a9ce74d60f84fef8314ca93e5aa55c5b6c5f,2017-03,Sussex Police,Sussex Police,-0.361745,50.831147,On or near Clarendon Road,E01031781,Worthing 005D,Other theft,Investigation complete; no suspect identified,
cddec8632bd17c725bb28e9f4558a2ca02b90e6baf28359d9b9ba77c76b4e79d,2017-03,Sussex Police,Sussex Police,-0.364910,50.831200,On or near Northbrook Road,E01031781,Worthing 005D,Other theft,Investigation complete; no suspect identified,
605c4a31de78713b3933e82c71f92d1b6aad5c280a162dac37184b58376db6a0,2017-03,Sussex Police,Sussex Police,-0.367848,50.834101,On or near Upper Brighton Road,E01031781,Worthing 005D,Other theft,Investigation complete; no suspect identified,
318106c5d0af29e16a81fc014cb1dfdbe582a98a1e2f01ea7d886c0abc9c6252,2017-03,Sussex Police,Sussex Police,-0.366864,50.833800,On or near Downlands Gardens,E01031781,Worthing 005D,Violence and sexual offences,Further investigation is not in the public interest,
645ffd181f220e75abb1ba71c8661c975cb1bf5f1fd7175f8b40948862970625,2017-03,Sussex Police,Sussex Police,-0.366864,50.833800,On or near Downlands Gardens,E01031781,Worthing 005D,Violence and sexual offences,Further investigation is not in the public interest,
a1beb0f89952d5ff0efdbaf4ceeae95cde8e658898af94a60edfb649c53948e3,2017-03,Sussex Police,Sussex Police,-0.367848,50.834101,On or near Upper Brighton Road,E01031781,Worthing 005D,Violence and sexual offences,Further investigation is not in the public interest,
011fddc983cdcaebb15604bbb2521dda97c0acd342816e12aba23d89f297abaf,2017-03,Sussex Police,Sussex Police,-0.366470,50.832067,On or near Radbone Close,E01031781,Worthing 005D,Other crime,Investigation complete; no suspect identified,
,2017-03,Sussex Police,Sussex Police,-0.374465,50.819400,On or near Bridge Road,E01031798,Worthing 005E,Anti-social behaviour,,
,2017-03,Sussex Police,Sussex Police,-0.371035,50.820044,On or near King Edward Avenue,E01031798,Worthing 005E,Anti-social behaviour,,
c8243f917355591b4ae84954adbb34b1028e577ae54fe114f03b3f86c2152bf1,2017-03,Sussex Police,Sussex Police,-0.371093,50.824101,On or near Georgia Avenue,E01031798,Worthing 005E,Public order,Investigation complete; no suspect identified,
847463b4f7266a70f53209a0583948a062fe84c1b866bd65b60c87627aa6af21,2017-03,Sussex Police,Sussex Police,-0.374465,50.819400,On or near Bridge Road,E01031798,Worthing 005E,Other crime,Investigation complete; no suspect identified,
,2017-03,Sussex Police,Sussex Police,-0.420560,50.821553,On or near The Avenue,E01031783,Worthing 006A,Anti-social behaviour,,
,2017-03,Sussex Police,Sussex Police,-0.420560,50.821553,On or near The Avenue,E01031783,Worthing 006A,Anti-social behaviour,,
,2017-03,Sussex Police,Sussex Police,-0.422705,50.821105,On or near Maybridge Square,E01031783,Worthing 006A,Anti-social behaviour,,
,2017-03,Sussex Police,Sussex Police,-0.422736,50.822284,On or near Melville Way,E01031783,Worthing 006A,Anti-social behaviour,,
,2017-03,Sussex Police,Sussex Police,-0.422736,50.822284,On or near Melville Way,E01031783,Worthing 006A,Anti-social behaviour,,
,2017-03,Sussex Police,Sussex Police,-0.422736,50.822284,On or near Melville Way,E01031783,Worthing 006A,Anti-social behaviour,,
,2017-03,Sussex Police,Sussex Police,-0.422736,50.822284,On or near Melville Way,E01031783,Worthing 006A,Anti-social behaviour,,
,2017-03,Sussex Police,Sussex Police,-0.418763,50.820980,On or near Collingwood Road,E01031783,Worthing 006A,Anti-social behaviour,,
,2017-03,Sussex Police,Sussex Police,-0.418763,50.820980,On or near Collingwood Road,E01031783,Worthing 006A,Anti-social behaviour,,
aa26063aa61f04ab36ab41f74f48f3d1757362c8c4f439fb5995ff87cdf35aa1,2017-03,Sussex Police,Sussex Police,-0.420785,50.818678,On or near Keystone Close,E01031783,Worthing 006A,Criminal damage and arson,Offender given community sentence,
600caba5ff1ccc09944ae04911be379274deb118c8e536f3b6d52544db2e669b,2017-03,Sussex Police,Sussex Police,-0.418391,50.818537,On or near Cavendish Close,E01031783,Worthing 006A,Other theft,Investigation complete; no suspect identified,
b0e700b43a908e3063e365bd73de7e298f037043fd007a6d9ad1f2921179a4b6,2017-03,Sussex Police,Sussex Police,-0.415664,50.818563,On or near Burlington Road,E01031783,Worthing 006A,Other theft,Investigation complete; no suspect identified,
84378bc518a581e4c81bab67a2efa818c21731a34fc0abdcd46c2fbba2538808,2017-03,Sussex Police,Sussex Police,-0.420560,50.821553,On or near The Avenue,E01031783,Worthing 006A,Public order,Investigation complete; no suspect identified,
5a088b28bc1063eefbe8c2694866ac6a961ffa01691b9ee57a50cb189df74084,2017-03,Sussex Police,Sussex Police,-0.418763,50.820980,On or near Collingwood Road,E01031783,Worthing 006A,Violence and sexual offences,Unable to prosecute suspect,
a4de2d881b07436de8a0c4c48f2e4be9e20a06bc0e35ae6b2ebcb8ae4812ac61,2017-03,Sussex Police,Sussex Police,-0.422736,50.822284,On or near Melville Way,E01031783,Worthing 006A,Violence and sexual offences,Unable to prosecute suspect,
41611c6ea62c52c751165268808c90cf0305868aec4880191349297e95c80649,2017-03,Sussex Police,Sussex Police,-0.418391,50.818537,On or near Cavendish Close,E01031783,Worthing 006A,Violence and sexual offences,Offender given community sentence,
37c1b6672c8c20d4a9ab1e84aa9c91da264f07d2cf09e9870e902aedbf3055a1,2017-03,Sussex Police,Sussex Police,-0.422736,50.822284,On or near Melville Way,E01031783,Worthing 006A,Violence and sexual offences,Unable to prosecute suspect,
a7ff402b896ff30fa7c26d5a292cc3beed627b11f12f793c373ef19b6df9785d,2017-03,Sussex Police,Sussex Police,-0.422736,50.822284,On or near Melville Way,E01031783,Worthing 006A,Violence and sexual offences,Unable to prosecute suspect,
197c8dc909cf71eba3b781547f61f0001a22e2b251ef263b093733566931d7f4,2017-03,Sussex Police,Sussex Police,-0.422736,50.822284,On or near Melville Way,E01031783,Worthing 006A,Violence and sexual offences,Investigation complete; no suspect identified,
9585f9a270acae96b92c9e45dd0fe191f1d8e7ebf304ad6c739807d8fbd28b11,2017-03,Sussex Police,Sussex Police,-0.420785,50.818678,On or near Keystone Close,E01031783,Worthing 006A,Violence and sexual offences,Offender given community sentence,
428718a74a7e85147a4d155061926f74e5c989d5c039198e192dcf1bb4147aee,2017-03,Sussex Police,Sussex Police,-0.422705,50.821105,On or near Maybridge Square,E01031783,Worthing 006A,Violence and sexual offences,Unable to prosecute suspect,
,2017-03,Sussex Police,Sussex Police,-0.427879,50.821337,On or near Poling Close,E01031785,Worthing 006B,Anti-social behaviour,,
fca344c8476c3bf41de006d6776cff2661336cad3fc5f7c4ce4e1af7bd6e32ea,2017-03,Sussex Police,Sussex Police,-0.429081,50.821910,On or near Boxgrove,E01031785,Worthing 006B,Burglary,Unable to prosecute suspect,
590fda17112957700647faca2609d1e14dd3f13180665775b0a9c521311dfb89,2017-03,Sussex Police,Sussex Police,-0.430929,50.819309,On or near Coleridge Road,E01031785,Worthing 006B,Criminal damage and arson,Investigation complete; no suspect identified,
fecfee7b96da216a4547172fbe4288a02c3c0b8653fd0ee1fe4e2cc785a3082a,2017-03,Sussex Police,Sussex Police,-0.430929,50.819309,On or near Coleridge Road,E01031785,Worthing 006B,Public order,Investigation complete; no suspect identified,
126f7ee76a0a6d96f981da020083547813b95b3e837b823d0aad4ef778b59660,2017-03,Sussex Police,Sussex Police,-0.426127,50.822797,On or near Kithurst Close,E01031786,Worthing 006C,Criminal damage and arson,Investigation complete; no suspect identified,
f89e729b5611d9dccaa432e5c6157023ff40ac70a83219fa51faed21bbf22e50,2017-03,Sussex Police,Sussex Police,-0.423001,50.824958,On or near Littlehampton Road,E01031786,Worthing 006C,Drugs,Offender given a drugs possession warning,
35785fb00aae3e618987f348bb92cd3ce52a5fd3c2b5a61ecc91d60aee00374f,2017-03,Sussex Police,Sussex Police,-0.423001,50.824958,On or near Littlehampton Road,E01031786,Worthing 006C,Drugs,Offender given a drugs possession warning,
2cc27306306b9402ee043ec84f335bf8cde68feeabc946f99ce4040b1e617a0c,2017-03,Sussex Police,Sussex Police,-0.422925,50.819201,On or near Alexandra Court,E01031786,Worthing 006C,Other theft,Investigation complete; no suspect identified,
a09a7ede01845300df4475f193899c217d647a19ffbb2ab25b78f3d9d48b5abd,2017-03,Sussex Police,Sussex Police,-0.422926,50.818770,On or near Lavinia Court,E01031786,Worthing 006C,Violence and sexual offences,Unable to prosecute suspect,
592e075ce89f909b876af4acb1bcfe21e7fe0b660f1ad8712b617da3f629d4e7,2017-03,Sussex Police,Sussex Police,-0.423683,50.819877,On or near Limbrick Close,E01031786,Worthing 006C,Violence and sexual offences,Status update unavailable,
dff991e7a246fe8a691e48a65096261b81e60e172572dec475f94f63c20bc001,2017-03,Sussex Police,Sussex Police,-0.422926,50.818770,On or near Lavinia Court,E01031786,Worthing 006C,Violence and sexual offences,Status update unavailable,
57b020b78123037c5896b6f54104d898103d373fc18fe1530d1592d7e03cde78,2017-03,Sussex Police,Sussex Police,-0.423683,50.819877,On or near Limbrick Close,E01031786,Worthing 006C,Violence and sexual offences,Investigation complete; no suspect identified,
e4332127056a87c535b58b18521bf7e5ebbfc4b663714497473309d33df889ac,2017-03,Sussex Police,Sussex Police,-0.428799,50.830747,On or near Callon Close,E01031817,Worthing 006D,Burglary,Investigation complete; no suspect identified,
59d2ea90a699666f885d74527fffe345c406c7daf1ebd52193354eedd69d4a35,2017-03,Sussex Police,Sussex Police,-0.429780,50.827316,On or near Harlech Close,E01031817,Worthing 006D,Criminal damage and arson,Offender sent to prison,
4db69b09b4677b8f07ab90a97d6813e7cdef8f04c17653830d5a8ded381dce8e,2017-03,Sussex Police,Sussex Police,-0.429024,50.827854,On or near Corfe Close,E01031817,Worthing 006D,Criminal damage and arson,Investigation complete; no suspect identified,
1320caeb8fa8e968661cba70e80addf3d5541bed7d5393bbfab4c77ca631a4a2,2017-03,Sussex Police,Sussex Police,-0.429780,50.827316,On or near Harlech Close,E01031817,Worthing 006D,Criminal damage and arson,Status update unavailable,
fce6a20e08a9f687d8c2a8a4d763644554131e4aa52a793fa5010a6c72da0d4e,2017-03,Sussex Police,Sussex Police,-0.428799,50.830747,On or near Callon Close,E01031817,Worthing 006D,Other theft,Offender given community sentence,
310730b7f7b8a33163b6f58b5b27fd712d7931415c137313c1006c7d4c3de434,2017-03,Sussex Police,Sussex Police,-0.429780,50.827316,On or near Harlech Close,E01031817,Worthing 006D,Other theft,Investigation complete; no suspect identified,
fad1446ca8f84ac2ec0335425ce4217209d1ead0c5d25ab6699e414df8342257,2017-03,Sussex Police,Sussex Police,-0.425256,50.826302,On or near Holly Close,E01031817,Worthing 006D,Violence and sexual offences,Unable to prosecute suspect,
131bec660b7e2af735276c7ea86db5f7c9644a2f052391ad60288326703109e4,2017-03,Sussex Police,Sussex Police,-0.428031,50.829082,On or near Shetland Court,E01031817,Worthing 006D,Violence and sexual offences,Unable to prosecute suspect,
2e7bb6cf4fc112d43f500cacb220d74e9812a8ab15095ac746e557b3e1d25628,2017-03,Sussex Police,Sussex Police,-0.428799,50.830747,On or near Callon Close,E01031817,Worthing 006D,Violence and sexual offences,Unable to prosecute suspect,
,2017-03,Sussex Police,Sussex Police,-0.424335,50.827944,On or near Whitebeam Road,E01031819,Worthing 006E,Anti-social behaviour,,
,2017-03,Sussex Police,Sussex Police,-0.425883,50.827938,On or near Jevington Close,E01031819,Worthing 006E,Anti-social behaviour,,
,2017-03,Sussex Police,Sussex Police,-0.425883,50.827938,On or near Jevington Close,E01031819,Worthing 006E,Anti-social behaviour,,
,2017-03,Sussex Police,Sussex Police,-0.425909,50.828855,On or near Ashburnham Close,E01031819,Worthing 006E,Anti-social behaviour,,
c6a73d5c558cec567860176a2a45d3d89b5969ac57aa9db708c842268aab77bd,2017-03,Sussex Police,Sussex Police,-0.425909,50.828855,On or near Ashburnham Close,E01031819,Worthing 006E,Bicycle theft,Investigation complete; no suspect identified,
83cb90a7761c39202b4e8ba1b4e2c2871d7b0dd85c8ae4e73e7b80a0052063a3,2017-03,Sussex Police,Sussex Police,-0.425388,50.828282,On or near Walnut Tree Way,E01031819,Worthing 006E,Criminal damage and arson,Offender given a caution,
7a97af60ff136b902ffc7b69df1c08d491dbe437ed55379f54e1bca17f05fe88,2017-03,Sussex Police,Sussex Police,-0.424335,50.827944,On or near Whitebeam Road,E01031819,Worthing 006E,Criminal damage and arson,Unable to prosecute suspect,
c82ca20bb82dcdc85840c9b9d5ea447dca1a13b360dc3bb570f24373ca5b9e9f,2017-03,Sussex Police,Sussex Police,-0.429925,50.829341,On or near Rochester Close,E01031819,Worthing 006E,Criminal damage and arson,Investigation complete; no suspect identified,
12ff381f5e59a5a4b5c3eb5cbeaae2d8360b8951cb0df210437903b62c7bc0cc,2017-03,Sussex Police,Sussex Police,-0.425388,50.828282,On or near Walnut Tree Way,E01031819,Worthing 006E,Criminal damage and arson,Unable to prosecute suspect,
602f41fe34df44d7d481094d227cfbec66eeb5a3e77ba6d3693f33d8d2af52bd,2017-03,Sussex Police,Sussex Police,-0.429663,50.838430,On or near Forest Lane,E01031819,Worthing 006E,Other theft,Investigation complete; no suspect identified,
6ca02872852d55d08ab92f6cf0aba799ac763a1d5da1cf959cd589f78ec61212,2017-03,Sussex Police,Sussex Police,-0.424243,50.828131,On or near Romany Road,E01031819,Worthing 006E,Public order,Unable to prosecute suspect,
e0cfd565cbb9ed28eca95ab68babf85d8756126d14cd9195481311c202cf2688,2017-03,Sussex Police,Sussex Police,-0.433324,50.829612,On or near Titnore Way,E01031819,Worthing 006E,Vehicle crime,Unable to prosecute suspect,
20f35fdfc00a50dda35b99757cceffcd617f448d0db946bdc0c7c2d8668eea0b,2017-03,Sussex Police,Sussex Police,-0.433324,50.829612,On or near Titnore Way,E01031819,Worthing 006E,Violence and sexual offences,Offender given a caution,
b4896932327f07ebb5634410c4d2e2a1056c9adf5c5f5f91a315e96351984219,2017-03,Sussex Police,Sussex Police,-0.426480,50.830878,On or near Bourne Close,E01031819,Worthing 006E,Violence and sexual offences,Unable to prosecute suspect,
5ca24f162d198e49524e2c0fa6be8b1cfb868c886079501532cfa1dabf820860,2017-03,Sussex Police,Sussex Police,-0.431253,50.832525,On or near Park/Open Space,E01031819,Worthing 006E,Violence and sexual offences,Unable to prosecute suspect,
ef45c0d7f1c80f617a60163d5a3119087cc7ca81f0b2663abff5c2f7686e6fdf,2017-03,Sussex Police,Sussex Police,-0.433236,50.828001,On or near Meadow Sweet Close,E01031819,Worthing 006E,Violence and sexual offences,Unable to prosecute suspect,
,2017-03,Sussex Police,Sussex Police,-0.415755,50.820067,On or near Raleigh Crescent,E01031782,Worthing 007A,Anti-social behaviour,,
92364f312bf0c3d0788ffd3b0b1ea2f34b116512820b23e4ac8aafd0dd9bc888,2017-03,Sussex Police,Sussex Police,-0.418985,50.821963,On or near Anson Road,E01031782,Worthing 007A,Burglary,Unable to prosecute suspect,
8162eb80406c8bd6cf91fe9b9cfb4f5973ffa33821dc80b93884dc7e7c9f837d,2017-03,Sussex Police,Sussex Police,-0.418985,50.821963,On or near Anson Road,E01031782,Worthing 007A,Public order,Unable to prosecute suspect,
f007c69715e5889001b7e7d11583bc5e87dd3251a7e5d4adc75f8c2fd13ad1e1,2017-03,Sussex Police,Sussex Police,-0.415802,50.822873,On or near Harwood Avenue,E01031782,Worthing 007A,Public order,Status update unavailable,
1bd7d23e9e129af7edbc654395aedcb8d3506f050508e6ed8780f9d8065407c3,2017-03,Sussex Police,Sussex Police,-0.418985,50.821963,On or near Anson Road,E01031782,Worthing 007A,Vehicle crime,Investigation complete; no suspect identified,
d40b13f8acce4909e303a71b4f4e274eca1b73e13d224a1d48c12296dfe32312,2017-03,Sussex Police,Sussex Police,-0.418985,50.821963,On or near Anson Road,E01031782,Worthing 007A,Vehicle crime,Investigation complete; no suspect identified,
,2017-03,Sussex Police,Sussex Police,-0.411432,50.818605,On or near The Causeway,E01031784,Worthing 007B,Anti-social behaviour,,
,2017-03,Sussex Police,Sussex Police,-0.407807,50.820003,On or near Parking Area,E01031784,Worthing 007B,Anti-social behaviour,,
,2017-03,Sussex Police,Sussex Police,-0.405330,50.827281,On or near Rodmell Road,E01031784,Worthing 007B,Anti-social behaviour,,
8ca046f0e916ca138195367aff890c9f67a2939c65bb8b1fb3d9812e2f6499a4,2017-03,Sussex Police,Sussex Police,-0.411432,50.818605,On or near The Causeway,E01031784,Worthing 007B,Bicycle theft,Investigation complete; no suspect identified,
27f2613236103ee1390cc2d8082ce66ff6c159bb40485fd7154a6e6213f67bbf,2017-03,Sussex Police,Sussex Police,-0.405330,50.827281,On or near Rodmell Road,E01031784,Worthing 007B,Criminal damage and arson,Action to be taken by another organisation,
a84068e6e7fe68e4c748a835b549ceb3a26716cfcdd70f17c966a11ce3e048a5,2017-03,Sussex Police,Sussex Police,-0.411026,50.819274,On or near Supermarket,E01031784,Worthing 007B,Other theft,Investigation complete; no suspect identified,
f8faa5d7a995c7fa48d0ad13b77a47df814dc3765fa87cb05e7e59c31d96a3c3,2017-03,Sussex Police,Sussex Police,-0.411390,50.821104,On or near Petrol Station,E01031784,Worthing 007B,Other theft,Unable to prosecute suspect,
cf8a4c17d3a96e6e2af942eeb1a831b5c4368f3000fe30215083918177c0583e,2017-03,Sussex Police,Sussex Police,-0.404832,50.823974,On or near Ringmer Road,E01031784,Worthing 007B,Public order,Court result unavailable,
cb05ab6224c6c5949e6a296be2d472f1a4583ab78cae1e019b65b794d5ced9a3,2017-03,Sussex Police,Sussex Police,-0.411390,50.821104,On or near Petrol Station,E01031784,Worthing 007B,Shoplifting,Offender sent to prison,
8cf20cf0dc30212f87b30c8cf66fb70c725dd4eeb128a7a27910c70c0a7886f3,2017-03,Sussex Police,Sussex Police,-0.411390,50.821104,On or near Petrol Station,E01031784,Worthing 007B,Shoplifting,Unable to prosecute suspect,
c8b3d3e7293acdf0bf39c038425cd282cc509c12a6b04d4e2e1dea6ed9fa49da,2017-03,Sussex Police,Sussex Police,-0.411432,50.818605,On or near The Causeway,E01031784,Worthing 007B,Violence and sexual offences,Status update unavailable,
7265ae40ce9d6b8c7589f7250845d334a85bdf6aba02e679a0204545d604fb15,2017-03,Sussex Police,Sussex Police,-0.405330,50.827281,On or near Rodmell Road,E01031784,Worthing 007B,Violence and sexual offences,Unable to prosecute suspect,
b78083e5ab81a6bda176f083b579358755ce504e423610278953eba3e30009ca,2017-03,Sussex Police,Sussex Police,-0.405330,50.827281,On or near Rodmell Road,E01031784,Worthing 007B,Violence and sexual offences,Unable to prosecute suspect,
078745b2adfb431d2f8ee04b21c12f578549a1ad152ad0c31efe62a0db8f3045,2017-03,Sussex Police,Sussex Police,-0.411432,50.818605,On or near The Causeway,E01031784,Worthing 007B,Violence and sexual offences,Unable to prosecute suspect,
2f9bd6224c780b4afefdca66f78d4101813bae8c745ecf3ab3a5b84d9b6e90bc,2017-03,Sussex Police,Sussex Police,-0.405330,50.827281,On or near Rodmell Road,E01031784,Worthing 007B,Violence and sexual offences,Investigation complete; no suspect identified,
d23c5a993d13418d1602abf87ccf6b7f8711e529223cd1da41708bd5aca011db,2017-03,Sussex Police,Sussex Police,-0.405330,50.827281,On or near Rodmell Road,E01031784,Worthing 007B,Violence and sexual offences,Investigation complete; no suspect identified,
,2017-03,Sussex Police,Sussex Police,-0.402295,50.820108,On or near Lincett Avenue,E01031836,Worthing 007C,Anti-social behaviour,,
,2017-03,Sussex Police,Sussex Police,-0.403605,50.821673,On or near Radnor Road,E01031836,Worthing 007C,Anti-social behaviour,,
,2017-03,Sussex Police,Sussex Police,-0.403765,50.823213,On or near Harefield Avenue,E01031836,Worthing 007C,Anti-social behaviour,,
a1cd2ea4dd48ce6df8653dfd1ddc19606e2d540993818c4f17dd78e500e43d33,2017-03,Sussex Police,Sussex Police,-0.403605,50.821673,On or near Radnor Road,E01031836,Worthing 007C,Criminal damage and arson,Unable to prosecute suspect,
ce466567f4f4765e94707cd98509516dcc74a017d42d1a54ecd9e10a96a73942,2017-03,Sussex Police,Sussex Police,-0.403605,50.821673,On or near Radnor Road,E01031836,Worthing 007C,Criminal damage and arson,Unable to prosecute suspect,
1c727abf0486588f7b2cd6f1e73a6c8c2fdbdeeecb7f370521e93101da3fa84d,2017-03,Sussex Police,Sussex Police,-0.402295,50.820108,On or near Lincett Avenue,E01031836,Worthing 007C,Criminal damage and arson,Unable to prosecute suspect,
62970216fe5363e52eb0dc99b88edcb41d8de0b8e76d30011d92124f92de5d05,2017-03,Sussex Police,Sussex Police,-0.403605,50.821673,On or near Radnor Road,E01031836,Worthing 007C,Other theft,Status update unavailable,
9e084e02b48ef85c99a5fccd5b765f8b78a49ff3f368cd04d5d4190b47232d04,2017-03,Sussex Police,Sussex Police,-0.403605,50.821673,On or near Radnor Road,E01031836,Worthing 007C,Public order,Unable to prosecute suspect,
a9183ce3b5c183666d7ed79abca923d6cf57bdc33a598f3cbac7736a7c6cf51d,2017-03,Sussex Police,Sussex Police,-0.403605,50.821673,On or near Radnor Road,E01031836,Worthing 007C,Violence and sexual offences,Defendant found not guilty,
6c5218d8ee9cce4ffec07ba953ca63bd54b9305ff803ee7f34e977505ac20e54,2017-03,Sussex Police,Sussex Police,-0.399068,50.820243,On or near Ely Road,E01031836,Worthing 007C,Violence and sexual offences,Unable to prosecute suspect,
afa205931d93cc77c575d1bc0f9961872f857a76406f7dbad1b96cdf75bf1c06,2017-03,Sussex Police,Sussex Police,-0.403605,50.821673,On or near Radnor Road,E01031836,Worthing 007C,Violence and sexual offences,Defendant found not guilty,
ee5eea6d6539b0b69a889df2b5771526a6ce9cbce2b82f3d2bf410aefba0446c,2017-03,Sussex Police,Sussex Police,-0.399068,50.820243,On or near Ely Road,E01031836,Worthing 007C,Violence and sexual offences,Status update unavailable,
e4c8b04123869211c63e9a0368009c703d5ae67892a713fa348f2caa14f545d3,2017-03,Sussex Police,Sussex Police,-0.403605,50.821673,On or near Radnor Road,E01031836,Worthing 007C,Violence and sexual offences,Court result unavailable,
,2017-03,Sussex Police,Sussex Police,-0.394981,50.822265,On or near Parkfield Road,E01031838,Worthing 007D,Anti-social behaviour,,
fa50df3155c825d58bff1c60ceaeec32a26a035f6538dc1fe995df26714cd9c1,2017-03,Sussex Police,Sussex Police,-0.394981,50.822265,On or near Parkfield Road,E01031838,Worthing 007D,Criminal damage and arson,Investigation complete; no suspect identified,
,2017-03,Sussex Police,Sussex Police,-0.399601,50.826222,On or near Selsey Close,E01031840,Worthing 007E,Anti-social behaviour,,
,2017-03,Sussex Police,Sussex Police,-0.399285,50.824257,On or near Castle Close,E01031840,Worthing 007E,Anti-social behaviour,,
9cf7bf19e672affda9e7d68b1b7ba2554c556dfd8350a25857e3a23a03498061,2017-03,Sussex Police,Sussex Police,-0.401469,50.826014,On or near Heathfield Close,E01031840,Worthing 007E,Drugs,Local resolution,
d20539e577d9b893bd815302047bee714ffd5e7ea9ccf3ab5d75006aaa2223e9,2017-03,Sussex Police,Sussex Police,-0.403072,50.827700,On or near Park/Open Space,E01031840,Worthing 007E,Public order,Investigation complete; no suspect identified,
770f634753d28be21cf25dd0c01d0f8a23db3a081e841e16743cd11320cc8142,2017-03,Sussex Police,Sussex Police,-0.402666,50.823395,On or near Chippers Close,E01031840,Worthing 007E,Violence and sexual offences,Further investigation is not in the public interest,
,2017-03,Sussex Police,Sussex Police,-0.380798,50.817302,On or near Howard Street,E01031791,Worthing 008A,Anti-social behaviour,,
,2017-03,Sussex Police,Sussex Police,-0.381741,50.816731,On or near St Matthew'S Road,E01031791,Worthing 008A,Anti-social behaviour,,
,2017-03,Sussex Police,Sussex Police,-0.379161,50.814986,On or near Cobden Road,E01031791,Worthing 008A,Anti-social behaviour,,
,2017-03,Sussex Police,Sussex Police,-0.379969,50.816230,On or near Victoria Park Gardens,E01031791,Worthing 008A,Anti-social behaviour,,
,2017-03,Sussex Police,Sussex Police,-0.379384,50.816743,On or near Anglesea Street,E01031791,Worthing 008A,Anti-social behaviour,,
,2017-03,Sussex Police,Sussex Police,-0.379384,50.816743,On or near Anglesea Street,E01031791,Worthing 008A,Anti-social behaviour,,
,2017-03,Sussex Police,Sussex Police,-0.376430,50.817988,On or near Teville Place,E01031791,Worthing 008A,Anti-social behaviour,,
,2017-03,Sussex Police,Sussex Police,-0.380798,50.817302,On or near Howard Street,E01031791,Worthing 008A,Anti-social behaviour,,
,2017-03,Sussex Police,Sussex Police,-0.379969,50.816230,On or near Victoria Park Gardens,E01031791,Worthing 008A,Anti-social behaviour,,
160dfad57d7ab3965bd821d1b69d731708ef885581b11e53290c29ec16ea559d,2017-03,Sussex Police,Sussex Police,-0.382675,50.818057,On or near Tarring Road,E01031791,Worthing 008A,Bicycle theft,Investigation complete; no suspect identified,
2c93f8a4eb56fc307120bd907cfc01637d8b07674e77d22ea037d1d00476ad2a,2017-03,Sussex Police,Sussex Police,-0.375354,50.818324,On or near Railway Approach,E01031791,Worthing 008A,Burglary,Court result unavailable,
f3826d4c860a901502cd9973b851939d7e39d9f07255ceeb98a2dcc155064780,2017-03,Sussex Police,Sussex Police,-0.376430,50.817988,On or near Teville Place,E01031791,Worthing 008A,Criminal damage and arson,Investigation complete; no suspect identified,
ced08499d9beb6708483d962a66de9e632b342e77537db081a39f0ff1b4f081b,2017-03,Sussex Police,Sussex Police,-0.381741,50.816731,On or near St Matthew'S Road,E01031791,Worthing 008A,Criminal damage and arson,Investigation complete; no suspect identified,
ac1bf56a1c1f1194c1ad1bffa140e4fb6f50be5eefe17b126813ffa353a76f9a,2017-03,Sussex Police,Sussex Police,-0.381741,50.816731,On or near St Matthew'S Road,E01031791,Worthing 008A,Criminal damage and arson,Action to be taken by another organisation,
32a9c58d2a87e01a1bafa989d28360ff858ebebda8f8b46e2f343aa8d4f6cc1c,2017-03,Sussex Police,Sussex Police,-0.376430,50.817988,On or near Teville Place,E01031791,Worthing 008A,Criminal damage and arson,Unable to prosecute suspect,
abe3e5a195fad1633bfbc3a301e3a7b2e47a13c8964e2475d63ffd120697f91a,2017-03,Sussex Police,Sussex Police,-0.379628,50.818302,On or near Orme Road,E01031791,Worthing 008A,Criminal damage and arson,Unable to prosecute suspect,
e57d10c70d860eff86e2f5b82a407435c665e6dd71a8d2fbf9d8aa41986cbf22,2017-03,Sussex Police,Sussex Police,-0.377547,50.818534,On or near Cross Street,E01031791,Worthing 008A,Criminal damage and arson,Investigation complete; no suspect identified,
5a762d9c325f2c97e310fe4ca7ff65f9c55754cc0afd174a6e50bf590cc91cf8,2017-03,Sussex Police,Sussex Police,-0.379437,50.817265,On or near London Street,E01031791,Worthing 008A,Drugs,Offender given conditional discharge,
c6cbb54b8d4dced6116854a58d8328573814edc0b2287e2304be4c4f40dd1435,2017-03,Sussex Police,Sussex Police,-0.376430,50.817988,On or near Teville Place,E01031791,Worthing 008A,Other theft,Investigation complete; no suspect identified,
75868bc3be25792b4de6157b882ff312c08fd29a02c4e79985a91e0118192420,2017-03,Sussex Police,Sussex Police,-0.376430,50.817988,On or near Teville Place,E01031791,Worthing 008A,Public order,Further investigation is not in the public interest,
186ba08322789aee293b0f84988348cd6cc598afd15eda9940e8f5993ac44b17,2017-03,Sussex Police,Sussex Police,-0.378641,50.818118,On or near Supermarket,E01031791,Worthing 008A,Shoplifting,Unable to prosecute suspect,
a568781714dfc325a7012dae5c46576990fe00db60bd93191a50ed55e9d3d09d,2017-03,Sussex Police,Sussex Police,-0.382675,50.818057,On or near Tarring Road,E01031791,Worthing 008A,Violence and sexual offences,Investigation complete; no suspect identified,
1d520d2be35b120afa235dda272cfae2749c530878f4021c43e8e89d4692e837,2017-03,Sussex Police,Sussex Police,-0.379628,50.818302,On or near Orme Road,E01031791,Worthing 008A,Violence and sexual offences,Unable to prosecute suspect,
3e4dcd0b352071016e0b18e8729d2ec0973823f2e22f6a32963cb8169bd3650b,2017-03,Sussex Police,Sussex Police,-0.375354,50.818324,On or near Railway Approach,E01031791,Worthing 008A,Violence and sexual offences,Investigation complete; no suspect identified,
34afe582e16a5d86dce212d719f8f0993764196bfdd036191364b89a96c4688a,2017-03,Sussex Police,Sussex Police,-0.379161,50.814986,On or near Cobden Road,E01031791,Worthing 008A,Violence and sexual offences,Unable to prosecute suspect,
24b963b5d90507f28f8b2fbb5c0855a2295d1fc5bc9222c393aaaed959fc350b,2017-03,Sussex Police,Sussex Police,-0.381741,50.816731,On or near St Matthew'S Road,E01031791,Worthing 008A,Violence and sexual offences,Investigation complete; no suspect identified,
91ef34e059af082dec5ce36bd51a2f30999001314da8dd4e45f859dcfd502751,2017-03,Sussex Police,Sussex Police,-0.375354,50.818324,On or near Railway Approach,E01031791,Worthing 008A,Violence and sexual offences,Investigation complete; no suspect identified,
91df778cb00c3a9030617b461209ef567e5d467606d51da192fe048c40888ab9,2017-03,Sussex Police,Sussex Police,-0.375354,50.818324,On or near Railway Approach,E01031791,Worthing 008A,Violence and sexual offences,Unable to prosecute suspect,
b276bf5496488f02e1220bf4890475afe6d75bae7954cf01b85a60e9fac23f22,2017-03,Sussex Police,Sussex Police,-0.376430,50.817988,On or near Teville Place,E01031791,Worthing 008A,Violence and sexual offences,Unable to prosecute suspect,
47823d3674459479808d9c9bdd57b897a4b97aa3c549ec36de550cb29d22ba91,2017-03,Sussex Police,Sussex Police,-0.376430,50.817988,On or near Teville Place,E01031791,Worthing 008A,Violence and sexual offences,Investigation complete; no suspect identified,
,2017-03,Sussex Police,Sussex Police,-0.383223,50.819018,On or near Pavilion Road,E01031796,Worthing 008B,Anti-social behaviour,,
08e73dd779fb327d72887b94a644097cb914e5e3cd63bfccca349f1c9b64b3d5,2017-03,Sussex Police,Sussex Police,-0.386240,50.820049,On or near St Elmo Road,E01031796,Worthing 008B,Other crime,Unable to prosecute suspect,
,2017-03,Sussex Police,Sussex Police,-0.378463,50.829384,On or near Ardsheal Road,E01031799,Worthing 008C,Anti-social behaviour,,
,2017-03,Sussex Police,Sussex Police,-0.375729,50.828375,On or near Parking Area,E01031799,Worthing 008C,Anti-social behaviour,,
,2017-03,Sussex Police,Sussex Police,-0.375729,50.828375,On or near Parking Area,E01031799,Worthing 008C,Anti-social behaviour,,
,2017-03,Sussex Police,Sussex Police,-0.375729,50.828375,On or near Parking Area,E01031799,Worthing 008C,Anti-social behaviour,,
,2017-03,Sussex Police,Sussex Police,-0.376842,50.826169,On or near Carnegie Road,E01031799,Worthing 008C,Anti-social behaviour,,
5917c8b4b7ef494163148b7a31963dcf6bc364033c61fe5afd9bb056153bc832,2017-03,Sussex Police,Sussex Police,-0.375480,50.824936,On or near Further/Higher Educational Building,E01031799,Worthing 008C,Bicycle theft,Offender sent to prison,
6e990039c97350214234681a85f8e706f71272fb499f252d8a1b76628926bb54,2017-03,Sussex Police,Sussex Police,-0.376115,50.828308,On or near Rectory Gardens,E01031799,Worthing 008C,Violence and sexual offences,Unable to prosecute suspect,
7f133eec1ae1dc7cd47d7bb133926c9833e8fb961fb260b3519543f498a4770f,2017-03,Sussex Police,Sussex Police,-0.375480,50.824936,On or near Further/Higher Educational Building,E01031799,Worthing 008C,Violence and sexual offences,Unable to prosecute suspect,
95afa37e6a77be1b613041cfcd51097fb66cc4cdf9b7088b2cf98f0044e0d178,2017-03,Sussex Police,Sussex Police,-0.375729,50.828375,On or near Parking Area,E01031799,Worthing 008C,Violence and sexual offences,Unable to prosecute suspect,
4be2ca734074ce18568b90fe3ee526dacd823ea6112304874b1953e2611a07dc,2017-03,Sussex Police,Sussex Police,-0.376980,50.825073,On or near Cortis Avenue,E01031799,Worthing 008C,Violence and sexual offences,Unable to prosecute suspect,
6e5499a68de20df5ce8e33cc62557185db28ec106497a46ae0ee1b71497ff41b,2017-03,Sussex Police,Sussex Police,-0.376356,50.820136,On or near Westcourt Road,E01031801,Worthing 008D,Criminal damage and arson,Investigation complete; no suspect identified,
4f93f142bb1a97e7aa62c195ea3856192bf0f2e729fc614771cd3cb00bdf7ef7,2017-03,Sussex Police,Sussex Police,-0.376167,50.818614,On or near Pedestrian Subway,E01031801,Worthing 008D,Violence and sexual offences,Unable to prosecute suspect,
6d7c44862604cc5bf72ba0f5b79a05e71c9745c1fbbce3f8f93a1ab8f07eef14,2017-03,Sussex Police,Sussex Police,-0.376946,50.820738,On or near Osmonde Close,E01031801,Worthing 008D,Violence and sexual offences,Unable to prosecute suspect,
7282cbd405945d4754998e192a823d38f12eaf8ec10fcfabd4d2c7719b4835d1,2017-03,Sussex Police,Sussex Police,-0.374553,50.821775,On or near Pembury Road,E01031801,Worthing 008D,Violence and sexual offences,Unable to prosecute suspect,
4a040f37024aa575e0939eb323b486d8c17ec8427e1dd59b0e12a8298a4b5f84,2017-03,Sussex Police,Sussex Police,-0.376946,50.820738,On or near Osmonde Close,E01031801,Worthing 008D,Violence and sexual offences,Unable to prosecute suspect,
2d8e8e12753e6adbec15be9798e44a2b2f996b90c46aea623929fc53832bd9d8,2017-03,Sussex Police,Sussex Police,-0.376946,50.820738,On or near Osmonde Close,E01031801,Worthing 008D,Violence and sexual offences,Investigation complete; no suspect identified,
dbd2ff0f2a66e638efb627401bf6a5e6b97cfcf2103bdef8b882d1a2b1bb712d,2017-03,Sussex Police,Sussex Police,-0.378565,50.823594,On or near Saxony Road,E01031801,Worthing 008D,Violence and sexual offences,Status update unavailable,
a63f7391198b8005f62ce70d9a9cf02d60df18cafba79521eb2ffe10c8651163,2017-03,Sussex Police,Sussex Police,-0.376356,50.820136,On or near Westcourt Road,E01031801,Worthing 008D,Violence and sexual offences,Investigation complete; no suspect identified,
,2017-03,Sussex Police,Sussex Police,-0.392475,50.819155,On or near Supermarket,E01031837,Worthing 008E,Anti-social behaviour,,
,2017-03,Sussex Police,Sussex Police,-0.394235,50.819161,On or near Cranmer Road,E01031837,Worthing 008E,Anti-social behaviour,,
5d6177cc90062d0812329d2ae00f05d35a8b36c4f5a878c1f242446ae026ff57,2017-03,Sussex Police,Sussex Police,-0.387788,50.820034,On or near Lanfranc Road,E01031837,Worthing 008E,Criminal damage and arson,Investigation complete; no suspect identified,
c421faf20b7b53fa89aeff8f556f57e453852a34c56a7e110dd5bcd6fb8fc105,2017-03,Sussex Police,Sussex Police,-0.388670,50.822061,On or near Haynes Way,E01031837,Worthing 008E,Criminal damage and arson,Local resolution,
ab63f28e66576fa6b27c9fa9b49e4998a2e72c948f1faa0296d9f4b855a5f816,2017-03,Sussex Police,Sussex Police,-0.392343,50.820520,On or near South Street,E01031837,Worthing 008E,Criminal damage and arson,Investigation complete; no suspect identified,
4efeddc5a0ab9212fb112cc3381c5648a7e18f9698908d3ae6e89e6ed9b4e9e2,2017-03,Sussex Police,Sussex Police,-0.389842,50.818920,On or near Becket Road,E01031837,Worthing 008E,Criminal damage and arson,Investigation complete; no suspect identified,
1f20e7ee1034d2ba95cb1675353dba3b99d58ea46c4ffab5158894590d04501d,2017-03,Sussex Police,Sussex Police,-0.392343,50.820520,On or near South Street,E01031837,Worthing 008E,Criminal damage and arson,Investigation complete; no suspect identified,
57ce1ea0f4b79be037b7f070a1227aefb3d350d2519d4ef06b6a453bb78fec68,2017-03,Sussex Police,Sussex Police,-0.395830,50.819030,On or near Pilgrims Walk,E01031837,Worthing 008E,Possession of weapons,Offender given conditional discharge,
237faeab8045c336feaf84709bd78e3879104be6774e4b5c520fd165107bedf3,2017-03,Sussex Police,Sussex Police,-0.397069,50.819326,On or near Canterbury Road,E01031837,Worthing 008E,Violence and sexual offences,Status update unavailable,
f6539c6e96ef027c17c66b7acf894c3d7c011276c4daa2c9d2ab5e32329188e9,2017-03,Sussex Police,Sussex Police,-0.395830,50.819030,On or near Pilgrims Walk,E01031837,Worthing 008E,Violence and sexual offences,Unable to prosecute suspect,
d96990d9fe2e0ba7e802f6b7c440f197a89fba57e4fde8a702d188ae25a250f4,2017-03,Sussex Police,Sussex Police,-0.389842,50.818920,On or near Becket Road,E01031837,Worthing 008E,Violence and sexual offences,Unable to prosecute suspect,
c5810833dc8ef3fdbc2c614849f4df0cd404901cff9ab60462980294aafc1e40,2017-03,Sussex Police,Sussex Police,-0.392475,50.819155,On or near Supermarket,E01031837,Worthing 008E,Violence and sexual offences,Investigation complete; no suspect identified,
,2017-03,Sussex Police,Sussex Police,-0.359835,50.822450,On or near Angola Road,E01031779,Worthing 009A,Anti-social behaviour,,
,2017-03,Sussex Police,Sussex Police,-0.360814,50.821655,On or near Warner Road,E01031779,Worthing 009A,Anti-social behaviour,,
,2017-03,Sussex Police,Sussex Police,-0.357444,50.822606,On or near Thackeray Road,E01031779,Worthing 009A,Anti-social behaviour,,
,2017-03,Sussex Police,Sussex Police,-0.359835,50.822450,On or near Angola Road,E01031779,Worthing 009A,Anti-social behaviour,,
,2017-03,Sussex Police,Sussex Police,-0.359074,50.822278,On or near Ruskin Road,E01031779,Worthing 009A,Anti-social behaviour,,
,2017-03,Sussex Police,Sussex Police,-0.355763,50.821961,On or near Kingsley Close,E01031779,Worthing 009A,Anti-social behaviour,,
,2017-03,Sussex Police,Sussex Police,-0.355763,50.821961,On or near Kingsley Close,E01031779,Worthing 009A,Anti-social behaviour,,
,2017-03,Sussex Police,Sussex Police,-0.355763,50.821961,On or near Kingsley Close,E01031779,Worthing 009A,Anti-social behaviour,,
,2017-03,Sussex Police,Sussex Police,-0.355763,50.821961,On or near Kingsley Close,E01031779,Worthing 009A,Anti-social behaviour,,
e8b997301730adaaa46810259ab1d0298b3315b03cfe7b63da25e4e7f9727bb9,2017-03,Sussex Police,Sussex Police,-0.359074,50.822278,On or near Ruskin Road,E01031779,Worthing 009A,Bicycle theft,Investigation complete; no suspect identified,
e65fe11c2ced3ebacfc500dc44701589b8824c80a8e8260369adc4d41b69432c,2017-03,Sussex Police,Sussex Police,-0.359414,50.821087,On or near Ladydell Road,E01031779,Worthing 009A,Burglary,Investigation complete; no suspect identified,
3f2140186f814f842d2937bb73121b9edcebc4956b3c1ab921841ddb0cfd4b03,2017-03,Sussex Police,Sussex Police,-0.360814,50.821655,On or near Warner Road,E01031779,Worthing 009A,Criminal damage and arson,Investigation complete; no suspect identified,
f9160c6de689dca359915fde7fa2fab74d12204f7bcb167f7ead1caf673f5ab9,2017-03,Sussex Police,Sussex Police,-0.359414,50.821087,On or near Ladydell Road,E01031779,Worthing 009A,Criminal damage and arson,Investigation complete; no suspect identified,
cac9adf5e44c6525a04851166bd0650f0a6067460aa3531edcc0226eed400d66,2017-03,Sussex Police,Sussex Police,-0.360814,50.821655,On or near Warner Road,E01031779,Worthing 009A,Criminal damage and arson,Investigation complete; no suspect identified,
df539a8f0fbf3e5afd14fdc0b1288ff1aaa0363f01d825f4ebf807f5b060fe20,2017-03,Sussex Police,Sussex Police,-0.360814,50.821655,On or near Warner Road,E01031779,Worthing 009A,Criminal damage and arson,Unable to prosecute suspect,
d75558be85b523428b3c9bd1c5bf1d883bb6987b817201451f960fe848bd5141,2017-03,Sussex Police,Sussex Police,-0.357404,50.821715,On or near Meredith Road,E01031779,Worthing 009A,Drugs,Further investigation is not in the public interest,
806c47d5f88b42fa100ef3ef42d7df916d8844607b068176006acf7fe3d5f6a5,2017-03,Sussex Police,Sussex Police,-0.359414,50.821087,On or near Ladydell Road,E01031779,Worthing 009A,Other theft,Unable to prosecute suspect,
301a9b5569009f8b1cdb90d8d2ae9d5d0a3d1f33b448cf07f47668a6763d1557,2017-03,Sussex Police,Sussex Police,-0.357985,50.824178,On or near Shopping Area,E01031779,Worthing 009A,Other theft,Investigation complete; no suspect identified,
0579d7bdf605b2d674cc32638f8fe4ba26ff55e33041ad676599607958c5237b,2017-03,Sussex Police,Sussex Police,-0.359414,50.821087,On or near Ladydell Road,E01031779,Worthing 009A,Public order,Unable to prosecute suspect,
49857b4c4546285a2f31e856cb5e57fcda60d586c9ac427057d9c1d622661697,2017-03,Sussex Police,Sussex Police,-0.359835,50.822450,On or near Angola Road,E01031779,Worthing 009A,Shoplifting,Unable to prosecute suspect,
51955951a218bdc90e668a3cfb883293cc78b9148691ecce355a3fc0ed2b438f,2017-03,Sussex Police,Sussex Police,-0.359835,50.822450,On or near Angola Road,E01031779,Worthing 009A,Shoplifting,Offender fined,
e2c870c92c3e5f22f3034ec6c11760d460b35b438c0dd82616edb8f31dc9bfc3,2017-03,Sussex Police,Sussex Police,-0.359835,50.822450,On or near Angola Road,E01031779,Worthing 009A,Shoplifting,Investigation complete; no suspect identified,
dd7aaf764b84c4f911e1c143c7943b5057580edc8ccc0e88fc3e32e82e57bcfc,2017-03,Sussex Police,Sussex Police,-0.359835,50.822450,On or near Angola Road,E01031779,Worthing 009A,Shoplifting,Status update unavailable,
100ea6a064e2ecd29ff6dba68ee576fc49baba336c4ee1c41c505b8fa1615ca4,2017-03,Sussex Police,Sussex Police,-0.359835,50.822450,On or near Angola Road,E01031779,Worthing 009A,Violence and sexual offences,Unable to prosecute suspect,
ff2b33c2c4426bde8743dffa491451e19e5a109b74cdef4ba582215b61067610,2017-03,Sussex Police,Sussex Police,-0.359835,50.822450,On or near Angola Road,E01031779,Worthing 009A,Violence and sexual offences,Unable to prosecute suspect,
a664616cd37a93aa4befac9a4270090eb6d76ca929d9add7c087c02ab85ecffc,2017-03,Sussex Police,Sussex Police,-0.355763,50.821961,On or near Kingsley Close,E01031779,Worthing 009A,Violence and sexual offences,Offender given a caution,
96824b1dae02371c79726de718ddafb8423c989c1a4bd9d6d597dd155f0abbfd,2017-03,Sussex Police,Sussex Police,-0.360814,50.821655,On or near Warner Road,E01031779,Worthing 009A,Violence and sexual offences,Unable to prosecute suspect,
64bfd0c93affbd51ead6d6e996148b2a3351ca31cbd426b617028c4e3c0bf22a,2017-03,Sussex Police,Sussex Police,-0.355763,50.821961,On or near Kingsley Close,E01031779,Worthing 009A,Violence and sexual offences,Offender given a caution,
73e5be18aeb3a941f4229313c34d6b954f908d097e05328db9d283c591ed0504,2017-03,Sussex Police,Sussex Police,-0.357444,50.822606,On or near Thackeray Road,E01031779,Worthing 009A,Violence and sexual offences,Further investigation is not in the public interest,
6f86a9c7fe16e1f923b0f04d8c389408d2fb4d8d1d1d019fd176b5c6ba6f18a0,2017-03,Sussex Police,Sussex Police,-0.359074,50.822278,On or near Ruskin Road,E01031779,Worthing 009A,Violence and sexual offences,Unable to prosecute suspect,
6d41fefb03b4fdfc40fbf789c734e55b8e46c6e320aa13d1d5c3add6c5b789a6,2017-03,Sussex Police,Sussex Police,-0.356377,50.817824,On or near Colebrook Close,E01031831,Worthing 009B,Other theft,Investigation complete; no suspect identified,
95169ffba980a4c3c7b8d432fba98768644b2a3ede74d9420df2f101f1dec0c3,2017-03,Sussex Police,Sussex Police,-0.355174,50.820146,On or near Chesswood Close,E01031831,Worthing 009B,Possession of weapons,Court result unavailable,
58e5d3877d53371697810b01ec7ce30cfc4f452051f287f4dd5081ff0fefc7d1,2017-03,Sussex Police,Sussex Police,-0.355174,50.820146,On or near Chesswood Close,E01031831,Worthing 009B,Public order,Unable to prosecute suspect,
57607f4e55f390ae7f3433bf891aa398dea2b7060056bd38c8b8ba006d7c3d64,2017-03,Sussex Police,Sussex Police,-0.362380,50.817459,On or near Homefield Road,E01031831,Worthing 009B,Violence and sexual offences,Unable to prosecute suspect,
bd31eab04b402096233e245188eee8b35b904b19a586bbb451112b13a7e57663,2017-03,Sussex Police,Sussex Police,-0.359245,50.817001,On or near Eldon Road,E01031831,Worthing 009B,Violence and sexual offences,Further investigation is not in the public interest,
0dfed6d4040a835122608d2a12bee397a5622dffbb22a0ddc98748470a713ec0,2017-03,Sussex Police,Sussex Police,-0.356612,50.820822,On or near Ashwood Close,E01031831,Worthing 009B,Violence and sexual offences,Unable to prosecute suspect,
e20f72a9b8a2611e0722337c4d1fc7d55c805c9b82c0ce4510a5a6593452bbde,2017-03,Sussex Police,Sussex Police,-0.359245,50.817001,On or near Eldon Road,E01031831,Worthing 009B,Violence and sexual offences,Offender given conditional discharge,
,2017-03,Sussex Police,Sussex Police,-0.340570,50.816404,On or near Seamill Park Avenue,E01031832,Worthing 009C,Anti-social behaviour,,
d80ac69c98bdc938c34c528ad6380b27226e5fb3bbb8a419e222f0bbcad700e3,2017-03,Sussex Police,Sussex Police,-0.345368,50.818397,On or near Broughham Walk,E01031832,Worthing 009C,Criminal damage and arson,Investigation complete; no suspect identified,
3aa27c08537e5ea645650e5fd50eee33934e70d18c6c2b015836017cbabdf619,2017-03,Sussex Police,Sussex Police,-0.341519,50.817254,On or near Wychwood Gardens,E01031832,Worthing 009C,Violence and sexual offences,Unable to prosecute suspect,
a52675342548a28763b2c38b79c92781c5f78c94fdc8896e3e044d970116717e,2017-03,Sussex Police,Sussex Police,-0.344805,50.815053,On or near Newport Mews,E01031832,Worthing 009C,Violence and sexual offences,Status update unavailable,
,2017-03,Sussex Police,Sussex Police,-0.350808,50.816316,On or near Chatham Road,E01031833,Worthing 009D,Anti-social behaviour,,
fbfbff70eb8f8e7dd56702e4a25d0d0b94f3e25cdba8b1e2f7a4377cab660e5f,2017-03,Sussex Police,Sussex Police,-0.352987,50.814098,On or near Navarino Road,E01031833,Worthing 009D,Bicycle theft,Investigation complete; no suspect identified,
86320f42fee3967673337070895d51461781940af7c1f11d87680dc5df42db27,2017-03,Sussex Police,Sussex Police,-0.352987,50.814098,On or near Navarino Road,E01031833,Worthing 009D,Public order,Further investigation is not in the public interest,
4d38bddd93c57c2287ce191d2a5f7682ee5b2176326a849b9e7695867d98bd71,2017-03,Sussex Police,Sussex Police,-0.351415,50.815605,On or near Supermarket,E01031833,Worthing 009D,Shoplifting,Offender sent to prison,
b4b34d4812106976fbd4334df641f8bffd5dcdb5992da8e2027ace52f58da18a,2017-03,Sussex Police,Sussex Police,-0.352157,50.817513,On or near Ham Road,E01031833,Worthing 009D,Violence and sexual offences,Investigation complete; no suspect identified,
459b19ed3fb029b1cabc1e72deb674dc682d649955b08583e04f8b1bb954a99a,2017-03,Sussex Police,Sussex Police,-0.353319,50.817161,On or near Ten Acres,E01031833,Worthing 009D,Violence and sexual offences,Court case unable to proceed,
bb858697c9dde8d5cb2a8faf1f25b96e9ca4ab9a11fd6968c791e0d2c2511e23,2017-03,Sussex Police,Sussex Police,-0.353319,50.817161,On or near Ten Acres,E01031833,Worthing 009D,Violence and sexual offences,Unable to prosecute suspect,
ac452273607f9116a889f61dd98fd293ecb00247fdd8a125182bad5edc3fad53,2017-03,Sussex Police,Sussex Police,-0.351206,50.821124,On or near Oakleigh Road,E01031834,Worthing 009E,Burglary,Investigation complete; no suspect identified,
12eeaec3494ad5ae6144111eb48e03245085051b48d132b099aa58390bd7c64b,2017-03,Sussex Police,Sussex Police,-0.351172,50.817661,On or near Archibald Road,E01031834,Worthing 009E,Burglary,Investigation complete; no suspect identified,
b1c6bd401943ef61264b4ecf6aa903768bec571153a259698fcb29b59c836887,2017-03,Sussex Police,Sussex Police,-0.349576,50.818232,On or near Meadow Crescent,E01031834,Worthing 009E,Burglary,Investigation complete; no suspect identified,
2d041cacfc9b8006890c2867eb3f77abce64105e0983cba0aed98ec2211696ea,2017-03,Sussex Police,Sussex Police,-0.351799,50.819621,On or near Pages Lane,E01031834,Worthing 009E,Shoplifting,Investigation complete; no suspect identified,
21731c956e2271f8cb0e8c372a74534bc14c781ca2841b078db95a621074ad6e,2017-03,Sussex Police,Sussex Police,-0.351799,50.819621,On or near Pages Lane,E01031834,Worthing 009E,Violence and sexual offences,Unable to prosecute suspect,
f5070729957dd6850b3a88dc3a930d6a7bd4872927a20dc0fcf5c17acfa38fa2,2017-03,Sussex Police,Sussex Police,-0.347572,50.817916,On or near Benedict Drive,E01031834,Worthing 009E,Violence and sexual offences,Unable to prosecute suspect,
7269a6253289056c134a2600f661ef97bfa4738c7961f8b0f59f7a95e081f2f6,2017-03,Sussex Police,Sussex Police,-0.351799,50.819621,On or near Pages Lane,E01031834,Worthing 009E,Violence and sexual offences,Offender fined,
51421502f51590deb2f530cc0117e534a3064c48a84a8fc07261049fc2446690,2017-03,Sussex Police,Sussex Police,-0.347220,50.817830,On or near Benedict Close,E01031834,Worthing 009E,Violence and sexual offences,Investigation complete; no suspect identified,
,2017-03,Sussex Police,Sussex Police,-0.372227,50.816401,On or near Chapel Road,E01031790,Worthing 010A,Anti-social behaviour,,
,2017-03,Sussex Police,Sussex Police,-0.372227,50.816401,On or near Chapel Road,E01031790,Worthing 010A,Anti-social behaviour,,
,2017-03,Sussex Police,Sussex Police,-0.376968,50.815576,On or near Victoria Road,E01031790,Worthing 010A,Anti-social behaviour,,
,2017-03,Sussex Police,Sussex Police,-0.372227,50.816401,On or near Chapel Road,E01031790,Worthing 010A,Anti-social behaviour,,
,2017-03,Sussex Police,Sussex Police,-0.382404,50.813161,On or near Richmond Road,E01031790,Worthing 010A,Anti-social behaviour,,
,2017-03,Sussex Police,Sussex Police,-0.372227,50.816401,On or near Chapel Road,E01031790,Worthing 010A,Anti-social behaviour,,
,2017-03,Sussex Police,Sussex Police,-0.372227,50.816401,On or near Chapel Road,E01031790,Worthing 010A,Anti-social behaviour,,
,2017-03,Sussex Police,Sussex Police,-0.378780,50.814091,On or near Park Crescent,E01031790,Worthing 010A,Anti-social behaviour,,
,2017-03,Sussex Police,Sussex Police,-0.376099,50.816895,On or near Oxford Road,E01031790,Worthing 010A,Anti-social behaviour,,
,2017-03,Sussex Police,Sussex Police,-0.372227,50.816401,On or near Chapel Road,E01031790,Worthing 010A,Anti-social behaviour,,
,2017-03,Sussex Police,Sussex Police,-0.372830,50.818226,On or near Pedestrian Subway,E01031790,Worthing 010A,Anti-social behaviour,,
,2017-03,Sussex Police,Sussex Police,-0.376505,50.811757,On or near Crescent Road,E01031790,Worthing 010A,Anti-social behaviour,,
,2017-03,Sussex Police,Sussex Police,-0.376505,50.811757,On or near Crescent Road,E01031790,Worthing 010A,Anti-social behaviour,,
,2017-03,Sussex Police,Sussex Police,-0.378054,50.811688,On or near Gratwicke Road,E01031790,Worthing 010A,Anti-social behaviour,,
,2017-03,Sussex Police,Sussex Police,-0.378780,50.814091,On or near Park Crescent,E01031790,Worthing 010A,Anti-social behaviour,,
36302e80600ede7e850520e4478d57db1a338eae7824f32f4d79c3a60e087b7c,2017-03,Sussex Police,Sussex Police,-0.372824,50.817173,On or near A24,E01031790,Worthing 010A,Burglary,Investigation complete; no suspect identified,
83073dc0ebb6d5210593dc37d067e808ecc74f856ccc388f40b6a56cf3a570e9,2017-03,Sussex Police,Sussex Police,-0.376099,50.816895,On or near Oxford Road,E01031790,Worthing 010A,Burglary,Investigation complete; no suspect identified,
7376759c5e928eae95847bd8b96944eab5aaf01b14fed67016cbb20b1a96d282,2017-03,Sussex Police,Sussex Police,-0.381393,50.814055,On or near Wykeham Road,E01031790,Worthing 010A,Burglary,Investigation complete; no suspect identified,
c4761d48394bf34b0c750d5fb445ca2204211ec5873b25f29f6be532465e8084,2017-03,Sussex Police,Sussex Police,-0.376505,50.811757,On or near Crescent Road,E01031790,Worthing 010A,Criminal damage and arson,Investigation complete; no suspect identified,
0e8ace2000caf9a248616c89ad573d331f0cb8133697268331fee88c578064e9,2017-03,Sussex Police,Sussex Police,-0.372758,50.815410,On or near Winton Place,E01031790,Worthing 010A,Criminal damage and arson,Investigation complete; no suspect identified,
c47c74bf3c0fb03e2fb2f721404729551cd900aa0be532a131e7a4a551592275,2017-03,Sussex Police,Sussex Police,-0.372227,50.816401,On or near Chapel Road,E01031790,Worthing 010A,Drugs,Offender deprived of property,
1f3451a80c84999df85aef962807035bece06ed08ed92ae0973ac02817936b60,2017-03,Sussex Police,Sussex Police,-0.382404,50.813161,On or near Richmond Road,E01031790,Worthing 010A,Drugs,Further investigation is not in the public interest,
6fad25a0f3d049a6b54e1f741935bb7afe6e748abc32629df09fba1cb2372786,2017-03,Sussex Police,Sussex Police,-0.378054,50.811688,On or near Gratwicke Road,E01031790,Worthing 010A,Other theft,Investigation complete; no suspect identified,
354226d870868edb42695d1e345c805bb0144447ccbd4986c73323fb4f389f12,2017-03,Sussex Police,Sussex Police,-0.376099,50.816895,On or near Oxford Road,E01031790,Worthing 010A,Other theft,Status update unavailable,
df8d890ca2737aab74f3e6b5e26e92b539897e39622e77946012f506faacec7f,2017-03,Sussex Police,Sussex Police,-0.372227,50.816401,On or near Chapel Road,E01031790,Worthing 010A,Public order,Further investigation is not in the public interest,
ebb101e3461d3c19cbf5605bdd180cce954e4a5850fdc42af90577edebc4dc39,2017-03,Sussex Police,Sussex Police,-0.382404,50.813161,On or near Richmond Road,E01031790,Worthing 010A,Public order,Further investigation is not in the public interest,
9ee301819ef5cc8a9d66fb67d4d950cf499c0eb894f9d1414a65d1ffb1980e73,2017-03,Sussex Police,Sussex Police,-0.372227,50.816401,On or near Chapel Road,E01031790,Worthing 010A,Public order,Investigation complete; no suspect identified,
3609a7580c0d8f984b9a3f8818f18f67d13e7dae63d02e05441f0faa3abbf9d8,2017-03,Sussex Police,Sussex Police,-0.372227,50.816401,On or near Chapel Road,E01031790,Worthing 010A,Public order,Investigation complete; no suspect identified,
98a022595b518acaa5bb07a0ad14be237eb764538194d81471fd3059e0b5477b,2017-03,Sussex Police,Sussex Police,-0.375892,50.815507,On or near Cambridge Road,E01031790,Worthing 010A,Robbery,Unable to prosecute suspect,
1c6fc071d6da596d2ad635a2e4fc21513552594f27fdb4b4d254f5fb0a6df06e,2017-03,Sussex Police,Sussex Police,-0.372227,50.816401,On or near Chapel Road,E01031790,Worthing 010A,Shoplifting,Offender given suspended prison sentence,
e6d9c09eb9330cda9b9287d5e6128431b97c452113e5ea36a96588fc9ca3774c,2017-03,Sussex Police,Sussex Police,-0.372824,50.817173,On or near A24,E01031790,Worthing 010A,Shoplifting,Investigation complete; no suspect identified,
ccddc717f0f61932c8cd841daafb97fae2303e6309d098d8db059641176ddbd9,2017-03,Sussex Police,Sussex Police,-0.372830,50.818226,On or near Pedestrian Subway,E01031790,Worthing 010A,Theft from the person,Investigation complete; no suspect identified,
b209bd8e34304cdb729a167a7e0bdc921877b8e518f870fa89c5544bb149e51f,2017-03,Sussex Police,Sussex Police,-0.372227,50.816401,On or near Chapel Road,E01031790,Worthing 010A,Violence and sexual offences,Unable to prosecute suspect,
5a81f0a7553b38efde7bf8ea555fefd1422c14080320a98238d3c407693442da,2017-03,Sussex Police,Sussex Police,-0.372824,50.817173,On or near A24,E01031790,Worthing 010A,Violence and sexual offences,Unable to prosecute suspect,
5bf939048f15dd09ff342f6c5f06d7a592b0d8745052f9d93bf276dfb9b13977,2017-03,Sussex Police,Sussex Police,-0.376099,50.816895,On or near Oxford Road,E01031790,Worthing 010A,Violence and sexual offences,Unable to prosecute suspect,
202f078e5e45a90bbcc1eead7a0e383e86222cd7713ad5ddaf6511460e1f3ff6,2017-03,Sussex Police,Sussex Police,-0.376099,50.816895,On or near Oxford Road,E01031790,Worthing 010A,Violence and sexual offences,Unable to prosecute suspect,
169dfc29e0f27d923b39ba1469f6daa1333e734b3d94ad53f7dbf90279482fd4,2017-03,Sussex Police,Sussex Police,-0.372227,50.816401,On or near Chapel Road,E01031790,Worthing 010A,Violence and sexual offences,Offender given a caution,
672278392db696f4301d8a0aeb2104fe5c5136eebaf5cca6d76c2778e428803f,2017-03,Sussex Police,Sussex Police,-0.378054,50.811688,On or near Gratwicke Road,E01031790,Worthing 010A,Violence and sexual offences,Unable to prosecute suspect,
7ccbec21bf8a22bbdf49d6672a7c77b61983ee6b41f98d7e26cc765bb725b5de,2017-03,Sussex Police,Sussex Police,-0.381393,50.814055,On or near Wykeham Road,E01031790,Worthing 010A,Violence and sexual offences,Investigation complete; no suspect identified,
a1afa724e1a4677ad1062b1cb6b5b70c14e70bcf6612ea00d509eb8420414e86,2017-03,Sussex Police,Sussex Police,-0.374816,50.815421,On or near Christchurch Road,E01031790,Worthing 010A,Violence and sexual offences,Unable to prosecute suspect,
4604e9fb6be8799772dbe9a36e7d1eb52a904ca1d4e20699d9da71e5a9da9408,2017-03,Sussex Police,Sussex Police,-0.372227,50.816401,On or near Chapel Road,E01031790,Worthing 010A,Violence and sexual offences,Unable to prosecute suspect,
dd9d19b97ca07cdf4ab0a2f206a1c9b8ef0030639f094275654b939d742444b1,2017-03,Sussex Police,Sussex Police,-0.376505,50.811757,On or near Crescent Road,E01031790,Worthing 010A,Violence and sexual offences,Status update unavailable,
7c5b6fa56cd433698170ec9bd43fdfcb8bcdf6ce1ca4da4f27fcb26eb5f04d33,2017-03,Sussex Police,Sussex Police,-0.372227,50.816401,On or near Chapel Road,E01031790,Worthing 010A,Violence and sexual offences,Unable to prosecute suspect,
0d831b271c59585203e83ce3f5eeac833551bd37faf0f6ea50c4b3dbd0c6b02e,2017-03,Sussex Police,Sussex Police,-0.372227,50.816401,On or near Chapel Road,E01031790,Worthing 010A,Violence and sexual offences,Unable to prosecute suspect,
cfbe235ef54bb57b124b47a188b0284c582980c332ed0dbd26497ad7a8a2e3e9,2017-03,Sussex Police,Sussex Police,-0.372824,50.817173,On or near A24,E01031790,Worthing 010A,Violence and sexual offences,Unable to prosecute suspect,
628ae9f85411bb0450b7b4c1284ef22a785cb0d1d5caa68efc0654d3280d71b9,2017-03,Sussex Police,Sussex Police,-0.381393,50.814055,On or near Wykeham Road,E01031790,Worthing 010A,Violence and sexual offences,Further investigation is not in the public interest,
f41c58289fa3f9a30b57bb1f02cda2217a3c8411c0b0a197e7463e881fdcb83e,2017-03,Sussex Police,Sussex Police,-0.382404,50.813161,On or near Richmond Road,E01031790,Worthing 010A,Violence and sexual offences,Unable to prosecute suspect,
46da64ba5fa9bb7d68f724bca7a7304f7715ac4af3ccdd0301cd1f86cebbd052,2017-03,Sussex Police,Sussex Police,-0.372227,50.816401,On or near Chapel Road,E01031790,Worthing 010A,Violence and sexual offences,Unable to prosecute suspect,
,2017-03,Sussex Police,Sussex Police,-0.392499,50.815153,On or near College Gardens,E01031807,Worthing 010B,Anti-social behaviour,,
4a30ee1d8f8552fe7fb7f0486e7e7b5d2cb8111e5d9cfc699453a470200a6519,2017-03,Sussex Police,Sussex Police,-0.389350,50.814237,On or near Mill Road,E01031807,Worthing 010B,Other theft,Investigation complete; no suspect identified,
9cacebadf0d059f4cef74c54435f1e70f858b086ee9febc03a7d9051b41fa40b,2017-03,Sussex Police,Sussex Police,-0.389350,50.814237,On or near Mill Road,E01031807,Worthing 010B,Public order,Further investigation is not in the public interest,
4744a2d2a1e72cce9e4569e3d4ba2685c5353acc2db9adc8a941e658db1109cf,2017-03,Sussex Police,Sussex Police,-0.387946,50.812572,On or near St Michael'S Road,E01031807,Worthing 010B,Vehicle crime,Investigation complete; no suspect identified,
d8f1e9503209d39a45be43b47b6c041a2547daba728d5de3a8fcf23e6dae9296,2017-03,Sussex Police,Sussex Police,-0.387720,50.810482,On or near Boundary Road,E01031807,Worthing 010B,Violence and sexual offences,Status update unavailable,
,2017-03,Sussex Police,Sussex Police,-0.382127,50.809263,On or near Milton Road,E01031809,Worthing 010C,Anti-social behaviour,,
,2017-03,Sussex Police,Sussex Police,-0.384674,50.809892,On or near Rowlands Road,E01031809,Worthing 010C,Anti-social behaviour,,
7a29eaeedda73bd74b344d7ad0817c62b5820cb306f50258e32350889f1b8920,2017-03,Sussex Police,Sussex Police,-0.385327,50.808228,On or near Abbey Road,E01031809,Worthing 010C,Criminal damage and arson,Investigation complete; no suspect identified,
06ede32c9c295ebdbe009b9af15c8e7923c248e4fed08c7a65afa9bdae513b96,2017-03,Sussex Police,Sussex Police,-0.386689,50.807428,On or near West Parade,E01031809,Worthing 010C,Other theft,Investigation complete; no suspect identified,
374b18e8af9c559cb7162625517acd98c6cd644db3e7b748bcfb3756476bf6ca,2017-03,Sussex Police,Sussex Police,-0.382127,50.809263,On or near Milton Road,E01031809,Worthing 010C,Possession of weapons,Offender sent to prison,
23b50386918017cc2f4373b871c1a1b775dd734f999de69314170a1431ae2762,2017-03,Sussex Police,Sussex Police,-0.384598,50.809639,On or near Bowers Court,E01031809,Worthing 010C,Public order,Investigation complete; no suspect identified,
58a40929b1376e980d43d6996f70a68273aa113c5b8da481479216b960aa6dcf,2017-03,Sussex Police,Sussex Police,-0.383406,50.809209,On or near Heene Place,E01031809,Worthing 010C,Vehicle crime,Investigation complete; no suspect identified,
7853b5131a0c50b7793f47501de88f874295b9bc8bde0d3c8e5dbd3340d3b58b,2017-03,Sussex Police,Sussex Police,-0.385327,50.808228,On or near Abbey Road,E01031809,Worthing 010C,Vehicle crime,Investigation complete; no suspect identified,
1b7f736e98283729d0f3c5a3531d8c0957e82d049376b5b92c766e28a428a85f,2017-03,Sussex Police,Sussex Police,-0.386587,50.809163,On or near Elsie Road,E01031809,Worthing 010C,Violence and sexual offences,Status update unavailable,
a31c401da2a2314a3cc423c5ca634919c67f931d59514fb094ee3b34a98aab1f,2017-03,Sussex Police,Sussex Police,-0.386587,50.809163,On or near Elsie Road,E01031809,Worthing 010C,Violence and sexual offences,Further investigation is not in the public interest,
34f0c1f550b1a226bf39402b068f3c1e4445a53aedfe19ad91c7614a8d8ea51f,2017-03,Sussex Police,Sussex Police,-0.386587,50.809163,On or near Elsie Road,E01031809,Worthing 010C,Violence and sexual offences,Unable to prosecute suspect,
9efb46b378861555513d48f8fdcb07000be3ef64acb964444fada4b333469fc1,2017-03,Sussex Police,Sussex Police,-0.382123,50.808534,On or near Brunswick Road,E01031809,Worthing 010C,Violence and sexual offences,Unable to prosecute suspect,
785e099aefc22214f634a5c6cdd9090ecebcfba2ddc7abe48754f8ee8600970e,2017-03,Sussex Police,Sussex Police,-0.382123,50.808534,On or near Brunswick Road,E01031809,Worthing 010C,Other crime,Investigation complete; no suspect identified,
,2017-03,Sussex Police,Sussex Police,-0.392962,50.817363,On or near Valencia Road,E01031810,Worthing 010D,Anti-social behaviour,,
,2017-03,Sussex Police,Sussex Police,-0.384463,50.816418,On or near Longfellow Road,E01031810,Worthing 010D,Anti-social behaviour,,
,2017-03,Sussex Police,Sussex Police,-0.390246,50.817496,On or near Eton Road,E01031810,Worthing 010D,Anti-social behaviour,,
,2017-03,Sussex Police,Sussex Police,-0.392962,50.817363,On or near Valencia Road,E01031810,Worthing 010D,Anti-social behaviour,,
,2017-03,Sussex Police,Sussex Police,-0.389123,50.817544,On or near Harrow Road,E01031810,Worthing 010D,Anti-social behaviour,,
,2017-03,Sussex Police,Sussex Police,-0.384728,50.817366,On or near Browning Road,E01031810,Worthing 010D,Anti-social behaviour,,
,2017-03,Sussex Police,Sussex Police,-0.384463,50.816418,On or near Longfellow Road,E01031810,Worthing 010D,Anti-social behaviour,,
,2017-03,Sussex Police,Sussex Police,-0.393176,50.818157,On or near Tarring Road,E01031810,Worthing 010D,Anti-social behaviour,,
,2017-03,Sussex Police,Sussex Police,-0.389295,50.818337,On or near Tarring Road,E01031810,Worthing 010D,Anti-social behaviour,,
31671dd133283ff6f1b2f2f577f9ad984ec6f8bc6113a4532133cde5bbf408a8,2017-03,Sussex Police,Sussex Police,-0.390928,50.816651,On or near Rugby Road,E01031810,Worthing 010D,Other theft,Investigation complete; no suspect identified,
7cceaacf7d6117aefab7febae18cc782263b7c19b86dc60ab87fd5f10f1e79f6,2017-03,Sussex Police,Sussex Police,-0.392962,50.817363,On or near Valencia Road,E01031810,Worthing 010D,Public order,Investigation complete; no suspect identified,
465bd7d6ccd2a91930a5a2a861ddd7f3b3e7072e09dcb7b1f0949cdefd7d4c7b,2017-03,Sussex Police,Sussex Police,-0.379364,50.812390,On or near Tennyson Road,E01031811,Worthing 010E,Bicycle theft,Investigation complete; no suspect identified,
d757df28837ff6d9c6bfb3c36e3ef9aa24a6924958a8900e6c808996e49bee9f,2017-03,Sussex Police,Sussex Police,-0.384275,50.815696,On or near Chaucer Road,E01031811,Worthing 010E,Bicycle theft,Investigation complete; no suspect identified,
3f2a044ee3df96eed1595b78510158ec10cc798688c8a0b2d464a5f3ed5fbfd8,2017-03,Sussex Police,Sussex Police,-0.379364,50.812390,On or near Tennyson Road,E01031811,Worthing 010E,Criminal damage and arson,Offender given a caution,
1597dbeb61d02ce4d9d534640298442a30aab7229e4811573f0f52e5eb3de28f,2017-03,Sussex Police,Sussex Police,-0.382755,50.812437,On or near Winchester Road,E01031811,Worthing 010E,Other theft,Unable to prosecute suspect,
6f3161ede0f33f08634f517be0a1cb631cdb58175ada0c8c96b0b48ca0b0563c,2017-03,Sussex Police,Sussex Police,-0.386330,50.814564,On or near Mill Road,E01031811,Worthing 010E,Vehicle crime,Investigation complete; no suspect identified,
26bd05a6f805f3df6d77018d0981e13d0aae1cca5a3aab0ee29fb9bda8d11248,2017-03,Sussex Police,Sussex Police,-0.384275,50.815696,On or near Chaucer Road,E01031811,Worthing 010E,Violence and sexual offences,Unable to prosecute suspect,
,2017-03,Sussex Police,Sussex Police,-0.376217,50.809406,On or near West Buildings,E01031787,Worthing 011A,Anti-social behaviour,,
,2017-03,Sussex Police,Sussex Police,-0.374624,50.809500,On or near Prospect Place,E01031787,Worthing 011A,Anti-social behaviour,,
,2017-03,Sussex Police,Sussex Police,-0.375289,50.813655,On or near Richmond Road,E01031787,Worthing 011A,Anti-social behaviour,,
,2017-03,Sussex Police,Sussex Police,-0.375473,50.811626,On or near Shelley Road,E01031787,Worthing 011A,Anti-social behaviour,,
,2017-03,Sussex Police,Sussex Police,-0.377376,50.809952,On or near Montague Street,E01031787,Worthing 011A,Anti-social behaviour,,
,2017-03,Sussex Police,Sussex Police,-0.375083,50.810577,On or near Parking Area,E01031787,Worthing 011A,Anti-social behaviour,,
,2017-03,Sussex Police,Sussex Police,-0.368021,50.810397,On or near Library Place,E01031787,Worthing 011A,Anti-social behaviour,,
,2017-03,Sussex Police,Sussex Police,-0.373288,50.814446,On or near Hospital,E01031787,Worthing 011A,Anti-social behaviour,,
,2017-03,Sussex Police,Sussex Police,-0.371932,50.811819,On or near Liverpool Gardens,E01031787,Worthing 011A,Anti-social behaviour,,
,2017-03,Sussex Police,Sussex Police,-0.368021,50.810397,On or near Library Place,E01031787,Worthing 011A,Anti-social behaviour,,
,2017-03,Sussex Police,Sussex Police,-0.368021,50.810397,On or near Library Place,E01031787,Worthing 011A,Anti-social behaviour,,
,2017-03,Sussex Police,Sussex Police,-0.374832,50.810861,On or near Buckingham Road,E01031787,Worthing 011A,Anti-social behaviour,,
,2017-03,Sussex Police,Sussex Police,-0.373288,50.814446,On or near Hospital,E01031787,Worthing 011A,Anti-social behaviour,,
,2017-03,Sussex Police,Sussex Police,-0.373288,50.814446,On or near Hospital,E01031787,Worthing 011A,Anti-social behaviour,,
,2017-03,Sussex Police,Sussex Police,-0.373288,50.814446,On or near Hospital,E01031787,Worthing 011A,Anti-social behaviour,,
,2017-03,Sussex Police,Sussex Police,-0.374832,50.810861,On or near Buckingham Road,E01031787,Worthing 011A,Anti-social behaviour,,
,2017-03,Sussex Police,Sussex Police,-0.373288,50.814446,On or near Hospital,E01031787,Worthing 011A,Anti-social behaviour,,
,2017-03,Sussex Police,Sussex Police,-0.371932,50.811819,On or near Liverpool Gardens,E01031787,Worthing 011A,Anti-social behaviour,,
,2017-03,Sussex Police,Sussex Police,-0.373889,50.812269,On or near Grafton Road,E01031787,Worthing 011A,Anti-social behaviour,,
,2017-03,Sussex Police,Sussex Police,-0.377376,50.809952,On or near Montague Street,E01031787,Worthing 011A,Anti-social behaviour,,
,2017-03,Sussex Police,Sussex Police,-0.375289,50.813655,On or near Richmond Road,E01031787,Worthing 011A,Anti-social behaviour,,
e8d5ec65206d2324124205f66dc7462f9e250d2dd6e67fa6b79625cb4330a677,2017-03,Sussex Police,Sussex Police,-0.373900,50.809904,On or near Parking Area,E01031787,Worthing 011A,Burglary,Investigation complete; no suspect identified,
5d5d874137c07e3210f7a3f970b6617c7108249e39e5263e6d7a6d100a55cf24,2017-03,Sussex Police,Sussex Police,-0.376170,50.812822,On or near Westbrooke,E01031787,Worthing 011A,Criminal damage and arson,Unable to prosecute suspect,
2e427050353379de689cbc24d5b015ee0be017b0fff864c47b6bbd77125a01ed,2017-03,Sussex Police,Sussex Police,-0.373900,50.809904,On or near Parking Area,E01031787,Worthing 011A,Criminal damage and arson,Unable to prosecute suspect,
1cf1ee4ea5827e3dcbfba7f2f29fd446e50e102df6d2a4089a2ec46c9176c84a,2017-03,Sussex Police,Sussex Police,-0.373564,50.814693,On or near Parking Area,E01031787,Worthing 011A,Criminal damage and arson,Investigation complete; no suspect identified,
de1551d55108ab5e49bca192478ab17d4952575cb8b0985795d819498890ad0a,2017-03,Sussex Police,Sussex Police,-0.375473,50.811626,On or near Shelley Road,E01031787,Worthing 011A,Criminal damage and arson,Investigation complete; no suspect identified,
b250222badaa00b3dd116056268d3e499833d321cdfb4ba12dce9df23e57e7cd,2017-03,Sussex Police,Sussex Police,-0.374624,50.809500,On or near Prospect Place,E01031787,Worthing 011A,Drugs,Awaiting court outcome,
f394a9f62c799e658eb1fb47f98a4a8e76c30fefb8fea4254f1ee5ede7f456dc,2017-03,Sussex Police,Sussex Police,-0.374832,50.810861,On or near Buckingham Road,E01031787,Worthing 011A,Drugs,Offender given a drugs possession warning,
aa7625f0c37d542b50a579a4b804277e557fec14e1229d766986f59b64df22e9,2017-03,Sussex Police,Sussex Police,-0.374832,50.810861,On or near Buckingham Road,E01031787,Worthing 011A,Drugs,Status update unavailable,
df6e0dbcb28274e805a4db09630e9ae77f74479236c3cf579d80d0978dc1153f,2017-03,Sussex Police,Sussex Police,-0.375289,50.813655,On or near Richmond Road,E01031787,Worthing 011A,Drugs,Offender given a caution,
cf419279b606b4f7ad0320b056a5256ae89696fbbdd92a53b60cf68c518978c6,2017-03,Sussex Police,Sussex Police,-0.377376,50.809952,On or near Montague Street,E01031787,Worthing 011A,Drugs,Offender given a drugs possession warning,
206429f5a55208fd9f3b1ae99ef68e0cb3670a2e2ba7069976bead3c53c7a229,2017-03,Sussex Police,Sussex Police,-0.373889,50.812269,On or near Grafton Road,E01031787,Worthing 011A,Other theft,Further investigation is not in the public interest,
dc347c0d6ba7e53b2a172505add8f21852b3bc60b59e8a4cb7ed2760ceba5024,2017-03,Sussex Police,Sussex Police,-0.375175,50.809562,On or near Augusta Place,E01031787,Worthing 011A,Other theft,Investigation complete; no suspect identified,
f11cac0e38161c6e03f5e95d8207f81ebcd0030fe24ec93d8f6311bec7109da7,2017-03,Sussex Police,Sussex Police,-0.373900,50.809904,On or near Parking Area,E01031787,Worthing 011A,Other theft,Investigation complete; no suspect identified,
1dc727e073f9271f07d2d6b935db0305906cb7eb346165c13db81946327c1a57,2017-03,Sussex Police,Sussex Police,-0.373707,50.813436,On or near Grosvenor Road,E01031787,Worthing 011A,Other theft,Investigation complete; no suspect identified,
f6a7e0c081c246530438b9c4cc0dca139fffd4bc7ce4b6c8451f9e3d838f8114,2017-03,Sussex Police,Sussex Police,-0.375289,50.813655,On or near Richmond Road,E01031787,Worthing 011A,Other theft,Investigation complete; no suspect identified,
d12867a4fbbd04b3e45549b82394fee5ad74d9076f3bd57c31a52340d37bcab7,2017-03,Sussex Police,Sussex Police,-0.373827,50.810775,On or near Chandos Road,E01031787,Worthing 011A,Other theft,Investigation complete; no suspect identified,
debc159539cfed3737598b3f67abfa556be4ae1009ee11f83eb13ea72678dc32,2017-03,Sussex Police,Sussex Police,-0.374624,50.809500,On or near Prospect Place,E01031787,Worthing 011A,Possession of weapons,Awaiting court outcome,
d5e0f787ffa942dca0b83a44c21f548b7a1c2042c0fc2d225bf8e8e8aeabaff0,2017-03,Sussex Police,Sussex Police,-0.375289,50.813655,On or near Richmond Road,E01031787,Worthing 011A,Public order,Unable to prosecute suspect,
48daf3c15e91616485df1e0d2764f49dcb7b470f8dbfe62f21513a9c0f8c58a0,2017-03,Sussex Police,Sussex Police,-0.373288,50.814446,On or near Hospital,E01031787,Worthing 011A,Public order,Offender given community sentence,
b56f21d562892314a837863b4b513d36d48dee047fd83c5d3fe6e7eca2fa90e0,2017-03,Sussex Police,Sussex Police,-0.377376,50.809952,On or near Montague Street,E01031787,Worthing 011A,Public order,Court result unavailable,
7791eabaabf150307e69d2ede8908ddfe990588aae79ee771fd9b7eece5c08e5,2017-03,Sussex Police,Sussex Police,-0.373488,50.810321,On or near Shopping Area,E01031787,Worthing 011A,Shoplifting,Status update unavailable,
671baec410abc1614eb786563cae786cebaf63c0bb335583a192d3c3027d67d5,2017-03,Sussex Police,Sussex Police,-0.373488,50.810321,On or near Shopping Area,E01031787,Worthing 011A,Shoplifting,Unable to prosecute suspect,
ccd136a57161a4d14502c8b604b75ff993d718f059872a99b3c2b699e040a251,2017-03,Sussex Police,Sussex Police,-0.373488,50.810321,On or near Shopping Area,E01031787,Worthing 011A,Shoplifting,Status update unavailable,
1f78832ec33a5383387cd877b37b07c0a097345e5e195001178c1fe7056f4d4e,2017-03,Sussex Police,Sussex Police,-0.373488,50.810321,On or near Shopping Area,E01031787,Worthing 011A,Shoplifting,Court result unavailable,
6357bd63a8628c916927bd41eaf598ceb098db7321f8ef64788b3ea586e062b4,2017-03,Sussex Police,Sussex Police,-0.373488,50.810321,On or near Shopping Area,E01031787,Worthing 011A,Shoplifting,Status update unavailable,
4fd142f4463075de610dbe70ac67a207170393dd51c54d2fd0fa4668d56ff8d1,2017-03,Sussex Police,Sussex Police,-0.373827,50.810775,On or near Chandos Road,E01031787,Worthing 011A,Shoplifting,Unable to prosecute suspect,
6dd2fca8db612e95a8ae861db84322e114cb23b2c42419207fcf47e56c835afd,2017-03,Sussex Police,Sussex Police,-0.373827,50.810775,On or near Chandos Road,E01031787,Worthing 011A,Shoplifting,Investigation complete; no suspect identified,
8be2a9c2e18eeba89898395450a66f6a47d760658ab1d46bb287cd9140f7db70,2017-03,Sussex Police,Sussex Police,-0.373488,50.810321,On or near Shopping Area,E01031787,Worthing 011A,Shoplifting,Court result unavailable,
1301d374f52b00d1022c9d1198298946e9d4fb90b0fe25f10775731efc0d7512,2017-03,Sussex Police,Sussex Police,-0.373900,50.809904,On or near Parking Area,E01031787,Worthing 011A,Theft from the person,Investigation complete; no suspect identified,
ca99daa6486fb5299c4fa1aa23388107b9fb96df2d87d4396edfeb0059430687,2017-03,Sussex Police,Sussex Police,-0.375175,50.809562,On or near Augusta Place,E01031787,Worthing 011A,Theft from the person,Investigation complete; no suspect identified,
dd2b30be12ddfc5d708b72f527728633455700f4e29c2571d08ca03f4196f6b5,2017-03,Sussex Police,Sussex Police,-0.375812,50.810866,On or near Graham Road,E01031787,Worthing 011A,Violence and sexual offences,Unable to prosecute suspect,
8ef75b60583f449dccab82be20336e2d67a81cd84d6646f1ba01a096777c060e,2017-03,Sussex Police,Sussex Police,-0.373288,50.814446,On or near Hospital,E01031787,Worthing 011A,Violence and sexual offences,Unable to prosecute suspect,
91a108bf8cdcb0a707f869725a0c6067c3205df6c8b8936f4e77a38af0b3a89c,2017-03,Sussex Police,Sussex Police,-0.368021,50.810397,On or near Library Place,E01031787,Worthing 011A,Violence and sexual offences,Unable to prosecute suspect,
21740c6e1c3349c399a588c27a76ededf17a38ea114853d023e372c576dc6b8c,2017-03,Sussex Police,Sussex Police,-0.375812,50.810866,On or near Graham Road,E01031787,Worthing 011A,Violence and sexual offences,Court result unavailable,
af1fcda663e5dffa99f3cc6c595e08ad9ceee95d3bca0de86515b7704f300eed,2017-03,Sussex Police,Sussex Police,-0.375289,50.813655,On or near Richmond Road,E01031787,Worthing 011A,Violence and sexual offences,Further investigation is not in the public interest,
129fa196da12df8ddee91f23c7c91a759bfe1075f99ebeb736cf437cf3ffb3cc,2017-03,Sussex Police,Sussex Police,-0.373288,50.814446,On or near Hospital,E01031787,Worthing 011A,Violence and sexual offences,Status update unavailable,
b603acf294ce79434a62df9e552c96061e89c0236954bc8657d4ff2562d3fce8,2017-03,Sussex Police,Sussex Police,-0.375289,50.813655,On or near Richmond Road,E01031787,Worthing 011A,Violence and sexual offences,Investigation complete; no suspect identified,
c15d1e08e1a011c78f8d8ac7ec804d2ba0a9ebb7b84b953ec24ccb6eed24a53f,2017-03,Sussex Police,Sussex Police,-0.373609,50.812976,On or near Humphrys Road,E01031787,Worthing 011A,Violence and sexual offences,Further investigation is not in the public interest,
9e659b052ad08d12d8a3f245fa6bc04ca42f821f705c7c210a62187ab3aa4c04,2017-03,Sussex Police,Sussex Police,-0.376217,50.809406,On or near West Buildings,E01031787,Worthing 011A,Violence and sexual offences,Unable to prosecute suspect,
c306564ed6279847322b6204e29445975771ff4a70056a73afa0b8def26f575f,2017-03,Sussex Police,Sussex Police,-0.375175,50.809562,On or near Augusta Place,E01031787,Worthing 011A,Violence and sexual offences,Unable to prosecute suspect,
f268a68123b2967e6600c3c68684d8199c7889fe47fe7072dabd66d69839c5eb,2017-03,Sussex Police,Sussex Police,-0.374832,50.810861,On or near Buckingham Road,E01031787,Worthing 011A,Violence and sexual offences,Defendant found not guilty,
ad55b3b5d37e839910f69b50819a7b8b5204d3a81692dbd2651583e6259329b6,2017-03,Sussex Police,Sussex Police,-0.373128,50.814974,On or near Stoke Abbott Road,E01031787,Worthing 011A,Violence and sexual offences,Status update unavailable,
b3c45f0e1d5af524488a16ff0460bb5c36bb3a8af8cb49724e3a7e4919dce8fe,2017-03,Sussex Police,Sussex Police,-0.371932,50.811819,On or near Liverpool Gardens,E01031787,Worthing 011A,Violence and sexual offences,Further investigation is not in the public interest,
ca48be225183732da0239e31dd4e0e530a89606768f63e957aafd67504c0f34c,2017-03,Sussex Police,Sussex Police,-0.375812,50.810866,On or near Graham Road,E01031787,Worthing 011A,Violence and sexual offences,Unable to prosecute suspect,
ad4587d26e69b4dc8799bf3d03bf08f489ebc029d6a3b2182c8c48d4a7950c85,2017-03,Sussex Police,Sussex Police,-0.375289,50.813655,On or near Richmond Road,E01031787,Worthing 011A,Other crime,Unable to prosecute suspect,
5e453c5ebeb89ac69ca662c8b90698cad556219abdedb49428a153ddea80925e,2017-03,Sussex Police,Sussex Police,-0.373288,50.814446,On or near Hospital,E01031787,Worthing 011A,Other crime,Further investigation is not in the public interest,
bd78790510cce7ba3c3fdbae750023fc91cd188eae43df439f1c26cc928e068a,2017-03,Sussex Police,Sussex Police,-0.373288,50.814446,On or near Hospital,E01031787,Worthing 011A,Other crime,Unable to prosecute suspect,
77436eae7ed7f388821bf74ebad639635f6e2eb338bbfcde56ff53b5737c0583,2017-03,Sussex Police,Sussex Police,-0.375473,50.811626,On or near Shelley Road,E01031787,Worthing 011A,Other crime,Action to be taken by another organisation,
,2017-03,Sussex Police,Sussex Police,-0.369510,50.814105,On or near Further/Higher Educational Building,E01031788,Worthing 011B,Anti-social behaviour,,
,2017-03,Sussex Police,Sussex Police,-0.374312,50.816457,On or near Hertford Road,E01031788,Worthing 011B,Anti-social behaviour,,
,2017-03,Sussex Police,Sussex Police,-0.369982,50.815227,On or near North Street,E01031788,Worthing 011B,Anti-social behaviour,,
,2017-03,Sussex Police,Sussex Police,-0.369414,50.818088,On or near Newland Road,E01031788,Worthing 011B,Anti-social behaviour,,
,2017-03,Sussex Police,Sussex Police,-0.373804,50.816755,On or near Stanhope Road,E01031788,Worthing 011B,Anti-social behaviour,,
,2017-03,Sussex Police,Sussex Police,-0.368520,50.816862,On or near Upper High Street,E01031788,Worthing 011B,Anti-social behaviour,,
,2017-03,Sussex Police,Sussex Police,-0.365855,50.817975,On or near Sports/Recreation Area,E01031788,Worthing 011B,Anti-social behaviour,,
,2017-03,Sussex Police,Sussex Police,-0.374312,50.816457,On or near Hertford Road,E01031788,Worthing 011B,Anti-social behaviour,,
,2017-03,Sussex Police,Sussex Police,-0.369243,50.815649,On or near Little High Street,E01031788,Worthing 011B,Anti-social behaviour,,
,2017-03,Sussex Police,Sussex Police,-0.373804,50.816755,On or near Stanhope Road,E01031788,Worthing 011B,Anti-social behaviour,,
,2017-03,Sussex Police,Sussex Police,-0.371131,50.816475,On or near Gordon Road,E01031788,Worthing 011B,Anti-social behaviour,,
,2017-03,Sussex Police,Sussex Police,-0.369414,50.818088,On or near Newland Road,E01031788,Worthing 011B,Anti-social behaviour,,
1f4a846a9550d3dc4c2df141022986fa8d6ae6fe4256384f21369ad9f10f60a0,2017-03,Sussex Police,Sussex Police,-0.374312,50.816457,On or near Hertford Road,E01031788,Worthing 011B,Criminal damage and arson,Status update unavailable,
f34e27e7f35dc60fd2204584806321da48353424f039123921507275651e3144,2017-03,Sussex Police,Sussex Police,-0.365855,50.817975,On or near Sports/Recreation Area,E01031788,Worthing 011B,Drugs,Local resolution,
42cfb0e3466d5dcbce815fd14817b2e3eb81a37a10b5e082245bfd1767de751f,2017-03,Sussex Police,Sussex Police,-0.369510,50.814105,On or near Further/Higher Educational Building,E01031788,Worthing 011B,Other theft,Investigation complete; no suspect identified,
ccd735f6c6c0d2cf8e2e28147bf40ff632ed6a9fbb823e466795f27ece47b7d5,2017-03,Sussex Police,Sussex Police,-0.370717,50.818160,On or near Newland Street,E01031788,Worthing 011B,Other theft,Investigation complete; no suspect identified,
0d4a3d296f4e63d2f4b5886eb0751196bc2a24f5f13b6f377abe1c2c5288a5ce,2017-03,Sussex Police,Sussex Police,-0.369510,50.814105,On or near Further/Higher Educational Building,E01031788,Worthing 011B,Other theft,Investigation complete; no suspect identified,
b86f62ffd8fd44ec27bd6ecf590e3871e5031ebb4df9cda5523e21338694498d,2017-03,Sussex Police,Sussex Police,-0.369982,50.815227,On or near North Street,E01031788,Worthing 011B,Public order,Unable to prosecute suspect,
3c6da2a67b231f117f1163764460ca114c948a50c3319109f4ad43d10b122146,2017-03,Sussex Police,Sussex Police,-0.368579,50.818823,On or near Station Road,E01031788,Worthing 011B,Public order,Further investigation is not in the public interest,
1b0822fc2628b9e25ef88f9907e1c0e6441ab81e7d75f74ddb9af6c610e1ce85,2017-03,Sussex Police,Sussex Police,-0.370717,50.818160,On or near Newland Street,E01031788,Worthing 011B,Shoplifting,Investigation complete; no suspect identified,
157d3261b01053ed87899c753969f6a9d04e2cd9c43bfa79b111cded16fd377d,2017-03,Sussex Police,Sussex Police,-0.370717,50.818160,On or near Newland Street,E01031788,Worthing 011B,Shoplifting,Offender given community sentence,
fa0e84547e2b283d2b4073d49ec44655feaa97fa2f798e127b6e04cdb835204f,2017-03,Sussex Police,Sussex Police,-0.369982,50.815227,On or near North Street,E01031788,Worthing 011B,Theft from the person,Investigation complete; no suspect identified,
84fdc6b9f54ca6b251b3726107acf66cac7a53992f7d51c25d1a64fc23339c94,2017-03,Sussex Police,Sussex Police,-0.369982,50.815227,On or near North Street,E01031788,Worthing 011B,Violence and sexual offences,Further investigation is not in the public interest,
00c089e7b1156a3b10c69286976b563f7a8d184dc77a3761e8b3709fb126d11c,2017-03,Sussex Police,Sussex Police,-0.369510,50.814105,On or near Further/Higher Educational Building,E01031788,Worthing 011B,Violence and sexual offences,Status update unavailable,
46b6a45ea2882ead7bcb5d7c45c5ec15368bc19463cfb120b5c31b22cb8bedf9,2017-03,Sussex Police,Sussex Police,-0.370218,50.816597,On or near Ashdown Road,E01031788,Worthing 011B,Violence and sexual offences,Unable to prosecute suspect,
60e30583184b5b6fedf13f80261c6c8f5bbf4fb0429091fb31e5e0acfbe3f3b0,2017-03,Sussex Police,Sussex Police,-0.369414,50.818088,On or near Newland Road,E01031788,Worthing 011B,Violence and sexual offences,Status update unavailable,
,2017-03,Sussex Police,Sussex Police,-0.370648,50.812826,On or near Chapel Road,E01031789,Worthing 011C,Anti-social behaviour,,
,2017-03,Sussex Police,Sussex Police,-0.369962,50.812142,On or near Shopping Area,E01031789,Worthing 011C,Anti-social behaviour,,
,2017-03,Sussex Police,Sussex Police,-0.369281,50.812942,On or near Chatsworth Road,E01031789,Worthing 011C,Anti-social behaviour,,
,2017-03,Sussex Police,Sussex Police,-0.369281,50.812942,On or near Chatsworth Road,E01031789,Worthing 011C,Anti-social behaviour,,
,2017-03,Sussex Police,Sussex Police,-0.364655,50.811277,On or near Warwick Road,E01031789,Worthing 011C,Anti-social behaviour,,
,2017-03,Sussex Police,Sussex Police,-0.371516,50.810716,On or near Shopping Area,E01031789,Worthing 011C,Anti-social behaviour,,
,2017-03,Sussex Police,Sussex Police,-0.370072,50.809797,On or near Supermarket,E01031789,Worthing 011C,Anti-social behaviour,,
,2017-03,Sussex Police,Sussex Police,-0.370481,50.813543,On or near Theatre/Concert Hall,E01031789,Worthing 011C,Anti-social behaviour,,
,2017-03,Sussex Police,Sussex Police,-0.371651,50.809675,On or near Montague Place,E01031789,Worthing 011C,Anti-social behaviour,,
,2017-03,Sussex Police,Sussex Police,-0.367260,50.813489,On or near Charlecote Road,E01031789,Worthing 011C,Anti-social behaviour,,
,2017-03,Sussex Police,Sussex Police,-0.370675,50.810812,On or near Shopping Area,E01031789,Worthing 011C,Anti-social behaviour,,
,2017-03,Sussex Police,Sussex Police,-0.369281,50.812942,On or near Chatsworth Road,E01031789,Worthing 011C,Anti-social behaviour,,
,2017-03,Sussex Police,Sussex Police,-0.366463,50.811113,On or near Steyne Gardens,E01031789,Worthing 011C,Anti-social behaviour,,
,2017-03,Sussex Police,Sussex Police,-0.371651,50.809675,On or near Montague Place,E01031789,Worthing 011C,Anti-social behaviour,,
,2017-03,Sussex Police,Sussex Police,-0.364655,50.811277,On or near Warwick Road,E01031789,Worthing 011C,Anti-social behaviour,,
,2017-03,Sussex Police,Sussex Police,-0.362872,50.811503,On or near Park/Open Space,E01031789,Worthing 011C,Anti-social behaviour,,
,2017-03,Sussex Police,Sussex Police,-0.367260,50.813489,On or near Charlecote Road,E01031789,Worthing 011C,Anti-social behaviour,,
,2017-03,Sussex Police,Sussex Police,-0.371651,50.809675,On or near Montague Place,E01031789,Worthing 011C,Anti-social behaviour,,
,2017-03,Sussex Police,Sussex Police,-0.368592,50.811934,On or near Shopping Area,E01031789,Worthing 011C,Anti-social behaviour,,
,2017-03,Sussex Police,Sussex Police,-0.371651,50.809675,On or near Montague Place,E01031789,Worthing 011C,Anti-social behaviour,,
,2017-03,Sussex Police,Sussex Police,-0.370072,50.809797,On or near Supermarket,E01031789,Worthing 011C,Anti-social behaviour,,
,2017-03,Sussex Police,Sussex Police,-0.370675,50.810812,On or near Shopping Area,E01031789,Worthing 011C,Anti-social behaviour,,
,2017-03,Sussex Police,Sussex Police,-0.369997,50.810722,On or near South Street,E01031789,Worthing 011C,Anti-social behaviour,,
,2017-03,Sussex Police,Sussex Police,-0.370675,50.810812,On or near Shopping Area,E01031789,Worthing 011C,Anti-social behaviour,,
,2017-03,Sussex Police,Sussex Police,-0.369417,50.813097,On or near Police Station,E01031789,Worthing 011C,Anti-social behaviour,,
,2017-03,Sussex Police,Sussex Police,-0.371335,50.812233,On or near Liverpool Road,E01031789,Worthing 011C,Anti-social behaviour,,
,2017-03,Sussex Police,Sussex Police,-0.370224,50.812353,On or near Market Street,E01031789,Worthing 011C,Anti-social behaviour,,
,2017-03,Sussex Police,Sussex Police,-0.365609,50.811182,On or near York Road,E01031789,Worthing 011C,Anti-social behaviour,,
51a561ba5593e853810c5d6ac29b740f16ef789c7fad09c67878a58e051a22f2,2017-03,Sussex Police,Sussex Police,-0.364098,50.816647,On or near Worthing Hospital,E01031789,Worthing 011C,Burglary,Investigation complete; no suspect identified,
33c2a105dd80d5b657c3230c816a9888081aabcd6d757d88aee62c6405eed5a4,2017-03,Sussex Police,Sussex Police,-0.368584,50.812150,On or near Ann Street,E01031789,Worthing 011C,Criminal damage and arson,Local resolution,
50db13ca3a31a9dc763972cb952e2a7d20cfe60345e7697c0024bb33a647af91,2017-03,Sussex Police,Sussex Police,-0.369997,50.810722,On or near South Street,E01031789,Worthing 011C,Criminal damage and arson,Offender given penalty notice,
1761f0c4955cd1fe73ae6da3bd3f5f2fbefd5f5c894c21e2390835a1fcc34a4f,2017-03,Sussex Police,Sussex Police,-0.367336,50.815802,On or near Markwick Mews,E01031789,Worthing 011C,Criminal damage and arson,Court result unavailable,
b778da710ee963add388704a0378215480502ff20583f4ebcfab5304d4af0bf7,2017-03,Sussex Police,Sussex Police,-0.371651,50.809675,On or near Montague Place,E01031789,Worthing 011C,Criminal damage and arson,Investigation complete; no suspect identified,
41990d490dfccb5cdac3e5fa941261c04c0a65e2a822e623f19e6326840052cd,2017-03,Sussex Police,Sussex Police,-0.371857,50.812322,On or near Parking Area,E01031789,Worthing 011C,Criminal damage and arson,Further investigation is not in the public interest,
286a8de8de6d3316f1dd45bd0b054e9dd6ae07e48b688f1269435dccabd93d6e,2017-03,Sussex Police,Sussex Police,-0.372060,50.810984,On or near Liverpool Terrace,E01031789,Worthing 011C,Criminal damage and arson,Investigation complete; no suspect identified,
9ec36b0f455d4f53ce358d6c7de65d7f28eca7a5d3fff20261a8825ce3f00cea,2017-03,Sussex Police,Sussex Police,-0.369281,50.812942,On or near Chatsworth Road,E01031789,Worthing 011C,Drugs,Offender given a drugs possession warning,
3788c374357e43713a077499eecc5277314e2d6747709a1bb79c3cc3763364b0,2017-03,Sussex Police,Sussex Police,-0.370224,50.812353,On or near Market Street,E01031789,Worthing 011C,Other theft,Investigation complete; no suspect identified,
57a3d5f98b6ce2bfdc9e4d15b9550945f20d6ab2e8f7374238ae2c75c2a5087c,2017-03,Sussex Police,Sussex Police,-0.368584,50.812150,On or near Ann Street,E01031789,Worthing 011C,Other theft,Investigation complete; no suspect identified,
84c42304db42d28ee149bc7b8420f88b18f6eda4cb3e62cb508f8a103fce9259,2017-03,Sussex Police,Sussex Police,-0.370675,50.810812,On or near Shopping Area,E01031789,Worthing 011C,Other theft,Investigation complete; no suspect identified,
8dcf87e549dc33c8f24976e7275280b85ecba2117e5663f9381783ecd0f75aaa,2017-03,Sussex Police,Sussex Police,-0.370675,50.810812,On or near Shopping Area,E01031789,Worthing 011C,Other theft,Investigation complete; no suspect identified,
3eb93668b38d8932844c6b55b60e59ca5f71827943ae935db23e02bca179ece1,2017-03,Sussex Police,Sussex Police,-0.364098,50.816647,On or near Worthing Hospital,E01031789,Worthing 011C,Other theft,Unable to prosecute suspect,
51ffbf15b5f813495418d062a9a07c967ab017d65cdf1de8bee22b6002d3d7e3,2017-03,Sussex Police,Sussex Police,-0.371857,50.812322,On or near Parking Area,E01031789,Worthing 011C,Other theft,Investigation complete; no suspect identified,
c5ed927aaaf22adc35fd4ba8d96b01e04a9239a671bb2e6731deb2ae5bfd6e3e,2017-03,Sussex Police,Sussex Police,-0.371651,50.809675,On or near Montague Place,E01031789,Worthing 011C,Other theft,Investigation complete; no suspect identified,
30b10a984633a3c4d6e88408281f25b6b4bdde7441c5e014f65cb7ca9d1de503,2017-03,Sussex Police,Sussex Police,-0.369281,50.812942,On or near Chatsworth Road,E01031789,Worthing 011C,Other theft,Unable to prosecute suspect,
d97315ccb3aaeb69ef78d5071351c57c0ac7dc418a9d967e52e1ac6a02684e78,2017-03,Sussex Police,Sussex Police,-0.370589,50.811252,On or near Bank Passage,E01031789,Worthing 011C,Other theft,Unable to prosecute suspect,
1fc028347ae43618606e281838983ab091775b469da793008acae8948f97f56e,2017-03,Sussex Police,Sussex Police,-0.364098,50.816647,On or near Worthing Hospital,E01031789,Worthing 011C,Other theft,Investigation complete; no suspect identified,
3a48490abf14a5c7599f7b7d92d2f06ba247294f7bb12cbf797596510d02e66f,2017-03,Sussex Police,Sussex Police,-0.370481,50.813543,On or near Theatre/Concert Hall,E01031789,Worthing 011C,Other theft,Investigation complete; no suspect identified,
1fa989ed4b2dfc9dbba604703240d54eae34e6dbede357a72245bcb9c882980d,2017-03,Sussex Police,Sussex Police,-0.371651,50.809675,On or near Montague Place,E01031789,Worthing 011C,Possession of weapons,Unable to prosecute suspect,
762b068a3b9e32eb24af9331eaeb35236cb38bdee72ec0ed6c745cb017fe5a26,2017-03,Sussex Police,Sussex Police,-0.368592,50.811934,On or near Shopping Area,E01031789,Worthing 011C,Public order,Unable to prosecute suspect,
448b63671863e74055529cc8d02e255f91fc0a6c8b207b2103c9798ba923c3b4,2017-03,Sussex Police,Sussex Police,-0.371487,50.811534,On or near Shopping Area,E01031789,Worthing 011C,Public order,Status update unavailable,
7d045463cb38b83ea698c15e4f867ff0a0822fd326cbee056a6aa83f50dd21b0,2017-03,Sussex Police,Sussex Police,-0.367089,50.812696,On or near Elm Road,E01031789,Worthing 011C,Public order,Unable to prosecute suspect,
c0119e5b9c7c26041f0827c10d36ed910423522612a6b8c22d53f3dd7dd0c329,2017-03,Sussex Police,Sussex Police,-0.367260,50.813489,On or near Charlecote Road,E01031789,Worthing 011C,Public order,Unable to prosecute suspect,
432ede959d2c2ce8021f7aebb20534df8a9543a4bbf72c0ffe94debad6a130f4,2017-03,Sussex Police,Sussex Police,-0.370648,50.812826,On or near Chapel Road,E01031789,Worthing 011C,Public order,Unable to prosecute suspect,
3d086c2a1bba7df3ca9d359da7260d0511ce2413cdd41c482e7631dc54b1bf3c,2017-03,Sussex Police,Sussex Police,-0.364098,50.816647,On or near Worthing Hospital,E01031789,Worthing 011C,Public order,Court result unavailable,
2e7b1032615d9f138b53202a5bde0c1bcd804a47d43560abe9bf2db316bd21d6,2017-03,Sussex Police,Sussex Police,-0.370072,50.809797,On or near Supermarket,E01031789,Worthing 011C,Public order,Formal action is not in the public interest,
a470dde8d62b0b88191a5760c6270d7bc8d23c9870bc2c45108ed86b66c96958,2017-03,Sussex Police,Sussex Police,-0.367336,50.815802,On or near Markwick Mews,E01031789,Worthing 011C,Public order,Unable to prosecute suspect,
56afbebc1758cf8b4699cd6fcb8fb640d2daccca674d5d6d0c0b49f2465b5c09,2017-03,Sussex Police,Sussex Police,-0.370481,50.813543,On or near Theatre/Concert Hall,E01031789,Worthing 011C,Public order,Investigation complete; no suspect identified,
a98c7197a8771e5ac2a5ec839d6a0cd4bbda15f50736abd75f19278cc455a2ff,2017-03,Sussex Police,Sussex Police,-0.371651,50.809675,On or near Montague Place,E01031789,Worthing 011C,Public order,Court result unavailable,
bba5389a9e9d392dec729a676479c96d4530afaaf5b5c2f10daec7116ff19d14,2017-03,Sussex Police,Sussex Police,-0.370648,50.812826,On or near Chapel Road,E01031789,Worthing 011C,Public order,Investigation complete; no suspect identified,
2388450e9919f72dbdc782fd2af8845b92548c14869f5f2b3c91004ae262b8a5,2017-03,Sussex Police,Sussex Police,-0.371516,50.810716,On or near Shopping Area,E01031789,Worthing 011C,Shoplifting,Awaiting court outcome,
f301445f8b301c531fce359c40621ce661746b2181513d76a197da3559726e83,2017-03,Sussex Police,Sussex Police,-0.371516,50.810716,On or near Shopping Area,E01031789,Worthing 011C,Shoplifting,Investigation complete; no suspect identified,
f7e6b135252d103027d745104cef2cd47ad5ea05e05cced4fea425365de9456d,2017-03,Sussex Police,Sussex Police,-0.371516,50.810716,On or near Shopping Area,E01031789,Worthing 011C,Shoplifting,Local resolution,
f2f415b5072e707c98e3ae5a8cd0a11031d60fb2edede6386f40fcd854330b16,2017-03,Sussex Police,Sussex Police,-0.370648,50.812826,On or near Chapel Road,E01031789,Worthing 011C,Shoplifting,Investigation complete; no suspect identified,
8909ae5b284240a1e223ab4f3b7e42e7e858163b2f2fa0a099f24cfa282e0c52,2017-03,Sussex Police,Sussex Police,-0.369997,50.810722,On or near South Street,E01031789,Worthing 011C,Shoplifting,Status update unavailable,
c6c99b11da253d33976c4b7b6b8721e233ed653c6ba2fc460212ee2ec7415624,2017-03,Sussex Police,Sussex Police,-0.371487,50.811534,On or near Shopping Area,E01031789,Worthing 011C,Shoplifting,Further investigation is not in the public interest,
2aee753381aa9ebbd823706552365479c0f20f99358a20af51a60742be5ebc80,2017-03,Sussex Police,Sussex Police,-0.370072,50.809797,On or near Supermarket,E01031789,Worthing 011C,Shoplifting,Offender sent to prison,
10c24f3fb667b1434d48760dd179e93ef767f568ec44d6a81eaee75b590cd61e,2017-03,Sussex Police,Sussex Police,-0.369962,50.812142,On or near Shopping Area,E01031789,Worthing 011C,Shoplifting,Investigation complete; no suspect identified,
65e6da26c2278b7e3e2eb3f4c3a0eb53aea21cb3524c66047f982ad471146270,2017-03,Sussex Police,Sussex Police,-0.370072,50.809797,On or near Supermarket,E01031789,Worthing 011C,Shoplifting,Unable to prosecute suspect,
0cd829c03825d89b4bd33a8248c507724f2c89eb9ed887a6ca0bafcc281f37c6,2017-03,Sussex Police,Sussex Police,-0.371651,50.809675,On or near Montague Place,E01031789,Worthing 011C,Shoplifting,Offender given suspended prison sentence,
30637f1b3dc659ee140a96686e3fd06e7144ecd9500dae2d0e3963d8b3a3a145,2017-03,Sussex Police,Sussex Police,-0.371651,50.809675,On or near Montague Place,E01031789,Worthing 011C,Shoplifting,Court result unavailable,
8348023bd02ce3aa2a341ba7858c7b7b019ceb7caac6b63ee2545689f7e89697,2017-03,Sussex Police,Sussex Police,-0.364098,50.816647,On or near Worthing Hospital,E01031789,Worthing 011C,Theft from the person,Investigation complete; no suspect identified,
0af87951e555f6b742e43a7056c87af67133d032b16b4d02da89272d742d0890,2017-03,Sussex Police,Sussex Police,-0.371651,50.809675,On or near Montague Place,E01031789,Worthing 011C,Theft from the person,Investigation complete; no suspect identified,
388679215baf5dc5fea34a5ed9110e0accaf00633db4857c8be00b52db3eb384,2017-03,Sussex Police,Sussex Police,-0.367446,50.814679,On or near Supermarket,E01031789,Worthing 011C,Theft from the person,Investigation complete; no suspect identified,
89689c1a8679e7b92866d39d1a94e7a006f51eb9f90c7fd9d6ce8ae18cb052c9,2017-03,Sussex Police,Sussex Police,-0.368592,50.811934,On or near Shopping Area,E01031789,Worthing 011C,Theft from the person,Investigation complete; no suspect identified,
3daa8dd4e21c7b20d89d0bca525a259ff7b244374ff9153051d71dbb801a0c36,2017-03,Sussex Police,Sussex Police,-0.369962,50.812142,On or near Shopping Area,E01031789,Worthing 011C,Theft from the person,Investigation complete; no suspect identified,
e11664b0375d3da7549c921ecb1a9dde780402c5d808ba29840bc77380cd04b5,2017-03,Sussex Police,Sussex Police,-0.369962,50.812142,On or near Shopping Area,E01031789,Worthing 011C,Violence and sexual offences,Status update unavailable,
94d10f5999c2fa93ffa94ef33d86cb8975237ed7f946e9ac58dd76cc6dfe31a1,2017-03,Sussex Police,Sussex Police,-0.367089,50.812696,On or near Elm Road,E01031789,Worthing 011C,Violence and sexual offences,Unable to prosecute suspect,
1d7bb163b31e7e05a362562c325c8171783168cb3b59ae96d687da6266859f74,2017-03,Sussex Police,Sussex Police,-0.369281,50.812942,On or near Chatsworth Road,E01031789,Worthing 011C,Violence and sexual offences,Unable to prosecute suspect,
f81a5e4225d484974ff1a2adddc05d222785f8f71f361e77b0762478c304ba5b,2017-03,Sussex Police,Sussex Police,-0.370675,50.810812,On or near Shopping Area,E01031789,Worthing 011C,Violence and sexual offences,Unable to prosecute suspect,
a4a1100e0eb867985373b8020a65bfaa4659e66c55635be4f7fa852ad735522b,2017-03,Sussex Police,Sussex Police,-0.369281,50.812942,On or near Chatsworth Road,E01031789,Worthing 011C,Violence and sexual offences,Investigation complete; no suspect identified,
8173573fac251b1a7ab86862bc1889cf1fc63ab8344d1dc6e2b88a7717ebe613,2017-03,Sussex Police,Sussex Police,-0.370589,50.811252,On or near Bank Passage,E01031789,Worthing 011C,Violence and sexual offences,Unable to prosecute suspect,
d03f5d4ec75727ef802fe10a5ebcbdabd1fa0970152dcfb96e234eac8f680a8c,2017-03,Sussex Police,Sussex Police,-0.370481,50.813543,On or near Theatre/Concert Hall,E01031789,Worthing 011C,Violence and sexual offences,Unable to prosecute suspect,
83316d6670303d1a3d50c28baae4383c2c2098b7672e62772079631b5e9eeb4b,2017-03,Sussex Police,Sussex Police,-0.367336,50.815802,On or near Markwick Mews,E01031789,Worthing 011C,Violence and sexual offences,Unable to prosecute suspect,
e29f496f88d44943052fb2484f84a665347ee2954a34e6ac96edfc8094fc58a5,2017-03,Sussex Police,Sussex Police,-0.367089,50.812696,On or near Elm Road,E01031789,Worthing 011C,Violence and sexual offences,Status update unavailable,
9c7928572ac3eed1dad44aaac3c3054e304f1d41d4c0664aa3e5864ce84fd42e,2017-03,Sussex Police,Sussex Police,-0.371651,50.809675,On or near Montague Place,E01031789,Worthing 011C,Violence and sexual offences,Investigation complete; no suspect identified,
817634781fc6486120179adbe9130c34a20369a61a505fac9529a4edbac5d4dd,2017-03,Sussex Police,Sussex Police,-0.369605,50.810563,On or near Shopping Area,E01031789,Worthing 011C,Violence and sexual offences,Court result unavailable,
27ce66764fe7a94e78020b166bda9f7cf9db4c64b4464dc3fd10bb87a1f2a164,2017-03,Sussex Police,Sussex Police,-0.370224,50.812353,On or near Market Street,E01031789,Worthing 011C,Violence and sexual offences,Investigation complete; no suspect identified,
56644f0702caa7c800948a795c3076d6988a516c369c19aefcfa33a4925cf932,2017-03,Sussex Police,Sussex Police,-0.369605,50.810563,On or near Shopping Area,E01031789,Worthing 011C,Violence and sexual offences,Unable to prosecute suspect,
002210953acae4d984b07520353dd9ef5c30f24abf3f5f0271e8c098dd59a257,2017-03,Sussex Police,Sussex Police,-0.369281,50.812942,On or near Chatsworth Road,E01031789,Worthing 011C,Violence and sexual offences,Unable to prosecute suspect,
b20a083b642e47d9e826971a120c26041b8cc6828b997282ac282c09aa1e1a91,2017-03,Sussex Police,Sussex Police,-0.369605,50.810563,On or near Shopping Area,E01031789,Worthing 011C,Violence and sexual offences,Court result unavailable,
4fb7f132ab8a847f06d5323e90912ae3c777d8cf9b06b4d791b30da8d5ad35ea,2017-03,Sussex Police,Sussex Police,-0.371651,50.809675,On or near Montague Place,E01031789,Worthing 011C,Violence and sexual offences,Court result unavailable,
0ef5182252a642454500a82d395c88ff31bd8241879ec2fd1313940e7a4ac94f,2017-03,Sussex Police,Sussex Police,-0.369605,50.810563,On or near Shopping Area,E01031789,Worthing 011C,Violence and sexual offences,Offender given conditional discharge,
d1a779605ca7e1c0686538e85758956b826b4cdb7ad036de3ae5a865b5bb5eb0,2017-03,Sussex Police,Sussex Police,-0.367336,50.815802,On or near Markwick Mews,E01031789,Worthing 011C,Violence and sexual offences,Unable to prosecute suspect,
e961a712ecce1e973145be30e3c4c9d6fe5ab85c1b0073bed837a73cea064f03,2017-03,Sussex Police,Sussex Police,-0.369266,50.810514,On or near Marine Place,E01031789,Worthing 011C,Violence and sexual offences,Investigation complete; no suspect identified,
00d5a243def809b49d9fcc83aecd6b4908cd5628f23022d153a863a001cdc209,2017-03,Sussex Police,Sussex Police,-0.370648,50.812826,On or near Chapel Road,E01031789,Worthing 011C,Violence and sexual offences,Unable to prosecute suspect,
d07320684b70e46c2bff1ddb681a69dcd871626ea7fb3f3a2053b9f5b5cdf758,2017-03,Sussex Police,Sussex Police,-0.369266,50.810514,On or near Marine Place,E01031789,Worthing 011C,Violence and sexual offences,Unable to prosecute suspect,
e9acf33b3cc85479a3ca5eb446489a2e247ce3f6d2ba67f0e091394d96d4f0c7,2017-03,Sussex Police,Sussex Police,-0.367089,50.812696,On or near Elm Road,E01031789,Worthing 011C,Violence and sexual offences,Unable to prosecute suspect,
df2b4a3f969ab12d3544ebd59d7fff8827e6aaff7b5207f5379a1a448a57e519,2017-03,Sussex Police,Sussex Police,-0.371516,50.810716,On or near Shopping Area,E01031789,Worthing 011C,Violence and sexual offences,Status update unavailable,
216cdad4a16162fc1842f357019a53188e4ba7ee505bffd62e667ec919cedef4,2017-03,Sussex Police,Sussex Police,-0.369281,50.812942,On or near Chatsworth Road,E01031789,Worthing 011C,Violence and sexual offences,Investigation complete; no suspect identified,
2700e59140b41797e62d18ba1223f17f2661720a1e45052859245d36ebbb4356,2017-03,Sussex Police,Sussex Police,-0.364098,50.816647,On or near Worthing Hospital,E01031789,Worthing 011C,Violence and sexual offences,Awaiting court outcome,
34f4a7ad6381115277f4c2ee5f7adeee8257263d5e00baa2fa956fdf4f6025b4,2017-03,Sussex Police,Sussex Police,-0.371651,50.809675,On or near Montague Place,E01031789,Worthing 011C,Violence and sexual offences,Court result unavailable,
ccf29a244d204457da5954115ad5399ee38e788f4f808da1f876f710811a8349,2017-03,Sussex Police,Sussex Police,-0.370675,50.810812,On or near Shopping Area,E01031789,Worthing 011C,Violence and sexual offences,Unable to prosecute suspect,
f5fb0a767d7b82f1f9b6d3e1a52affdf60c68714007a306078bd4b6f5f2974ea,2017-03,Sussex Police,Sussex Police,-0.367089,50.812696,On or near Elm Road,E01031789,Worthing 011C,Violence and sexual offences,Unable to prosecute suspect,
d6710846ae37f9e354fa141bf1ef6751ec29a4171324d3c25875cf018db2f15e,2017-03,Sussex Police,Sussex Police,-0.369266,50.810514,On or near Marine Place,E01031789,Worthing 011C,Violence and sexual offences,Unable to prosecute suspect,
4b0a60b0f0b43ef3f0b7327c1b444a024281b0ff9523eb59945c696b95372ead,2017-03,Sussex Police,Sussex Police,-0.371857,50.812322,On or near Parking Area,E01031789,Worthing 011C,Violence and sexual offences,Offender given community sentence,
c00ca12e5f1a43dcefceb6d0ee7c6c5ef22771d500e97a6c1e830f9a8d1cef2c,2017-03,Sussex Police,Sussex Police,-0.365542,50.815147,On or near Lyndhurst Road,E01031789,Worthing 011C,Violence and sexual offences,Unable to prosecute suspect,
,2017-03,Sussex Police,Sussex Police,-0.380702,50.808991,On or near Thorn Road,E01031808,Worthing 011D,Anti-social behaviour,,
,2017-03,Sussex Police,Sussex Police,-0.378920,50.810037,On or near Supermarket,E01031808,Worthing 011D,Anti-social behaviour,,
,2017-03,Sussex Police,Sussex Police,-0.380062,50.809027,On or near Queen'S Road,E01031808,Worthing 011D,Anti-social behaviour,,
,2017-03,Sussex Police,Sussex Police,-0.378481,50.809212,On or near Western Place,E01031808,Worthing 011D,Anti-social behaviour,,
,2017-03,Sussex Police,Sussex Police,-0.380062,50.809027,On or near Queen'S Road,E01031808,Worthing 011D,Anti-social behaviour,,
,2017-03,Sussex Police,Sussex Police,-0.378742,50.810691,On or near Eriswell Road,E01031808,Worthing 011D,Anti-social behaviour,,
,2017-03,Sussex Police,Sussex Police,-0.378742,50.810691,On or near Eriswell Road,E01031808,Worthing 011D,Anti-social behaviour,,
,2017-03,Sussex Police,Sussex Police,-0.380702,50.808991,On or near Thorn Road,E01031808,Worthing 011D,Anti-social behaviour,,
3ded18c36001017ae585acd8103199a84f2af3a628e11af28daef53fe265c83c,2017-03,Sussex Police,Sussex Police,-0.378527,50.809914,On or near Montague Street,E01031808,Worthing 011D,Criminal damage and arson,Investigation complete; no suspect identified,
8508a64761cc46607063ff9e758c3223fe930f9a8f9d43d7fc45063a140e22d4,2017-03,Sussex Police,Sussex Police,-0.378796,50.809109,On or near Western Row,E01031808,Worthing 011D,Criminal damage and arson,Investigation complete; no suspect identified,
a0d2013e7f7a81e9a8c9204cb8e1d5e9cd6e8306c34603d17671a2bffea0af61,2017-03,Sussex Police,Sussex Police,-0.378796,50.809109,On or near Western Row,E01031808,Worthing 011D,Criminal damage and arson,Investigation complete; no suspect identified,
11b9d4428d792b92d6a90d6bb6da5dd0785caffc9a9929e7bc5e5f503b51ea3a,2017-03,Sussex Police,Sussex Police,-0.378796,50.809109,On or near Western Row,E01031808,Worthing 011D,Criminal damage and arson,Investigation complete; no suspect identified,
cf1179083d103a75df61d213579c15ee8d414f42928cf820331b055abf95f44e,2017-03,Sussex Police,Sussex Police,-0.380062,50.809027,On or near Queen'S Road,E01031808,Worthing 011D,Criminal damage and arson,Investigation complete; no suspect identified,
33a58545b62a24219b0eb8c2a0244cf11ed8e6346bc83b02fd9cd89c52a77758,2017-03,Sussex Police,Sussex Police,-0.380702,50.808991,On or near Thorn Road,E01031808,Worthing 011D,Drugs,Offender given a drugs possession warning,
3394b6c379a1df86bcdc715db22433d087523dd7049b32d26577442772eb9623,2017-03,Sussex Police,Sussex Police,-0.378920,50.810037,On or near Supermarket,E01031808,Worthing 011D,Other theft,Investigation complete; no suspect identified,
d733330942c17ef444db9cfa1d2c060b60ca0451e7f8881094ab886762dca898,2017-03,Sussex Police,Sussex Police,-0.382096,50.811367,On or near Shelley Road,E01031808,Worthing 011D,Public order,Unable to prosecute suspect,
53619d85905ef9f998932767120f890a3d69929c216b144b017732be76f22ba3,2017-03,Sussex Police,Sussex Police,-0.378920,50.810037,On or near Supermarket,E01031808,Worthing 011D,Public order,Unable to prosecute suspect,
ed682ba1190bc6572fe8aba8eaf9f5611b41349e56309dbcfeba7793046dac07,2017-03,Sussex Police,Sussex Police,-0.378920,50.810037,On or near Supermarket,E01031808,Worthing 011D,Shoplifting,Suspect charged as part of another case,
0ec6c0ca65fcb2bc13c7c099108bd7ba80c34bbb229ce995b1777b8ebc9f1738,2017-03,Sussex Police,Sussex Police,-0.378920,50.810037,On or near Supermarket,E01031808,Worthing 011D,Shoplifting,Suspect charged as part of another case,
ee55d6caf39d50ce8a3aed070fe591682dc9f03729833bd635e6a70a677a096e,2017-03,Sussex Police,Sussex Police,-0.378920,50.810037,On or near Supermarket,E01031808,Worthing 011D,Vehicle crime,Unable to prosecute suspect,
1c47e32222184095e323e7f125b33ad5885984b81fd96b7171447f181edac254,2017-03,Sussex Police,Sussex Police,-0.380702,50.808991,On or near Thorn Road,E01031808,Worthing 011D,Violence and sexual offences,Unable to prosecute suspect,
f500a723574b46319d13736d87d80ee528c1b7baf112b17d4952b4c6f7e21961,2017-03,Sussex Police,Sussex Police,-0.380062,50.809027,On or near Queen'S Road,E01031808,Worthing 011D,Violence and sexual offences,Unable to prosecute suspect,
d16ca3a6a891460399066774d06146be7f8d91c6eeda570164470eb358d146d1,2017-03,Sussex Police,Sussex Police,-0.380062,50.809027,On or near Queen'S Road,E01031808,Worthing 011D,Violence and sexual offences,Unable to prosecute suspect,
bfd79462e08abc0f3f4e89dfafbb786fa65f3f93db42104e6b86f6dfed0f3c0b,2017-03,Sussex Police,Sussex Police,-0.378920,50.810037,On or near Supermarket,E01031808,Worthing 011D,Violence and sexual offences,Unable to prosecute suspect,
bd5421c9e4868d540e51973b008f4444624c129e4aa9f4cf8453d90ef8f64aa3,2017-03,Sussex Police,Sussex Police,-0.381449,50.810387,On or near Nursery Lane,E01031808,Worthing 011D,Violence and sexual offences,Status update unavailable,
70c3d1df42141deab0be060be3854410f102259b9e814337ec47de049cf8f563,2017-03,Sussex Police,Sussex Police,-0.378920,50.810037,On or near Supermarket,E01031808,Worthing 011D,Violence and sexual offences,Unable to prosecute suspect,
7cee035a26ef49927713fddeb6f1d64cc8dfb7b7381ab18cfedd26e9a90ed7c3,2017-03,Sussex Police,Sussex Police,-0.382623,50.809674,On or near Wordsworth Road,E01031808,Worthing 011D,Violence and sexual offences,Unable to prosecute suspect,
f0aaa997bb2915a57462e6350e4bdc2ef0a42ea9257ed523b07a9b74816444d7,2017-03,Sussex Police,Sussex Police,-0.360367,50.812125,On or near Merton Road,E01031835,Worthing 011E,Bicycle theft,Investigation complete; no suspect identified,
5a76502d43a8320aa9e06184d3786874fc936dec49c35aead3b8e6cad93cdeb9,2017-03,Sussex Police,Sussex Police,-0.359309,50.814358,On or near Selden Road,E01031835,Worthing 011E,Bicycle theft,Investigation complete; no suspect identified,
661304d3efd0245102a93956e63874b57dbd1dfaeb2238b8c261553c29ec1f19,2017-03,Sussex Police,Sussex Police,-0.362613,50.815259,On or near Madeira Avenue,E01031835,Worthing 011E,Burglary,Investigation complete; no suspect identified,
caa2118ca2870c53d17fe8e615fd0ea4bcd5ad8c5bebc75c3f3cbe7f1ba5b2f5,2017-03,Sussex Police,Sussex Police,-0.356348,50.813795,On or near Alexandra Road,E01031835,Worthing 011E,Criminal damage and arson,Unable to prosecute suspect,
6bd02d0987d05c7ef96ddbaa6e9ef93aecf32d8d486ce9431fb8bd389e99cbdd,2017-03,Sussex Police,Sussex Police,-0.360367,50.812125,On or near Merton Road,E01031835,Worthing 011E,Other theft,Investigation complete; no suspect identified,
93a0d4d899f0d5ea5b565314d1ff76ee387f397d78f1535bc419376d8e488690,2017-03,Sussex Police,Sussex Police,-0.360367,50.812125,On or near Merton Road,E01031835,Worthing 011E,Other theft,Investigation complete; no suspect identified,
26014a03caddd7e75ae19f58b04241aa1a160f75c8d74a1b700923f8462213d7,2017-03,Sussex Police,Sussex Police,-0.358244,50.813570,On or near Selden Lane,E01031835,Worthing 011E,Violence and sexual offences,Offender given a caution,
,2017-03,Sussex Police,Sussex Police,-0.394527,50.815217,On or near Dorchester Gardens,E01031812,Worthing 012A,Anti-social behaviour,,
17f568d23ec167efaf32601d45c14c5f107e0da3be47ad5f385c361d57847b91,2017-03,Sussex Police,Sussex Police,-0.395269,50.813015,On or near Lansdowne Place,E01031812,Worthing 012A,Other theft,Investigation complete; no suspect identified,
583473e43a7e7a619a2bce25baeaf785e8868c3b30cb1d5a3ebec629a9ecc809,2017-03,Sussex Police,Sussex Police,-0.393601,50.811993,On or near The Rowans,E01031812,Worthing 012A,Vehicle crime,Investigation complete; no suspect identified,
6b855f01552fff306a4cb117ef8123628265ec3d5cf059ff7a286d29234f803e,2017-03,Sussex Police,Sussex Police,-0.396583,50.815263,On or near West Avenue,E01031812,Worthing 012A,Violence and sexual offences,Investigation complete; no suspect identified,
7cffc349b9393c715f25585c72d3e088874690f3e0a3511394bd287fc85c56a7,2017-03,Sussex Police,Sussex Police,-0.390756,50.812170,On or near Downview Road,E01031812,Worthing 012A,Violence and sexual offences,Unable to prosecute suspect,
91a3b90ef1c7ba60511b06fd8149deb5b757a35672b83d22d537c12e0692a7ee,2017-03,Sussex Police,Sussex Police,-0.390728,50.809265,On or near St Valerie Road,E01031812,Worthing 012A,Violence and sexual offences,Unable to prosecute suspect,
500350f00df31ce5485d6a20745fc83812cb1e99dd2e19567d24eb6c43f61677,2017-03,Sussex Police,Sussex Police,-0.395298,50.812170,On or near Lansdowne Close,E01031812,Worthing 012A,Violence and sexual offences,Offender sent to prison,
,2017-03,Sussex Police,Sussex Police,-0.401936,50.814833,On or near Douglas Avenue,E01031813,Worthing 012B,Anti-social behaviour,,
b2a56d85d6f9a7e50b1f6cd36b2514625b87c50161d145147b2ea987ab570d58,2017-03,Sussex Police,Sussex Police,-0.401129,50.813086,On or near Parking Area,E01031813,Worthing 012B,Criminal damage and arson,Investigation complete; no suspect identified,
6914224cbb00d2c15ce4245e4bc3db73be39fec9c261300ffffe970505af85b0,2017-03,Sussex Police,Sussex Police,-0.404661,50.813161,On or near Goring Road,E01031813,Worthing 012B,Other theft,Investigation complete; no suspect identified,
28178d6b849ac3a38051fddb6a7bfa65ba644eb6fe1cae2367ee534c696e1dce,2017-03,Sussex Police,Sussex Police,-0.404661,50.813161,On or near Goring Road,E01031813,Worthing 012B,Other theft,Investigation complete; no suspect identified,
5b3e2b47d5eda65d4040a13c536bfe78a908f0013df28c252af73af1225c8821,2017-03,Sussex Police,Sussex Police,-0.401276,50.813376,On or near Supermarket,E01031813,Worthing 012B,Other theft,Investigation complete; no suspect identified,
6a4144b1b06453c0ca02fd1fe5d741014660bc7ccc814e0fa9eda7f9201cf06f,2017-03,Sussex Police,Sussex Police,-0.404661,50.813161,On or near Goring Road,E01031813,Worthing 012B,Violence and sexual offences,Investigation complete; no suspect identified,
89de5cdcf50276b1f845052e8e08a0ff8d0491fd96081c17ad036665f93c0ead,2017-03,Sussex Police,Sussex Police,-0.404661,50.813161,On or near Goring Road,E01031813,Worthing 012B,Violence and sexual offences,Unable to prosecute suspect,
6782a73a500c1a4a638b03cfe0434a9449e5db84dbddf9a2e1ec0c08e02cb9da,2017-03,Sussex Police,Sussex Police,-0.404661,50.813161,On or near Goring Road,E01031813,Worthing 012B,Other crime,Further investigation is not in the public interest,
,2017-03,Sussex Police,Sussex Police,-0.401885,50.809229,On or near Phrosso Road,E01031814,Worthing 012C,Anti-social behaviour,,
,2017-03,Sussex Police,Sussex Police,-0.405557,50.808120,On or near North Avenue,E01031814,Worthing 012C,Anti-social behaviour,,
bde81b1590bac977f12799e20a1b35cc11697fb4c3b92e4a9eadbe7c87cd29b9,2017-03,Sussex Police,Sussex Police,-0.401212,50.808573,On or near Aglaia Road,E01031814,Worthing 012C,Violence and sexual offences,Status update unavailable,
8242e9bd470eaf3274fe2d74eb94822d151a640247ff22870b99ea048033c1cf,2017-03,Sussex Police,Sussex Police,-0.401212,50.808573,On or near Aglaia Road,E01031814,Worthing 012C,Violence and sexual offences,Status update unavailable,
d1fc331bd5ba5bb8f280a47c5628e5de18c9b2fddccc05264f8cf123bfba2bf6,2017-03,Sussex Police,Sussex Police,-0.393398,50.808393,On or near Albany Close,E01031815,Worthing 012D,Violence and sexual offences,Further investigation is not in the public interest,
2015431a8318f51473768425c90d6e26fe05888d603fa9f1e12c00ea97b39cc7,2017-03,Sussex Police,Sussex Police,-0.393398,50.808393,On or near Albany Close,E01031815,Worthing 012D,Violence and sexual offences,Investigation complete; no suspect identified,
e066219b25e756f94b8774293980c5b00102dba3e4056fb8a1fc1f8a9e6cc4fa,2017-03,Sussex Police,Sussex Police,-0.394704,50.808375,On or near Hythe Close,E01031815,Worthing 012D,Violence and sexual offences,Offender given community sentence,
,2017-03,Sussex Police,Sussex Police,-0.407171,50.816595,On or near Sports/Recreation Area,E01031816,Worthing 012E,Anti-social behaviour,,
,2017-03,Sussex Police,Sussex Police,-0.407171,50.816595,On or near Sports/Recreation Area,E01031816,Worthing 012E,Anti-social behaviour,,
,2017-03,Sussex Police,Sussex Police,-0.407171,50.816595,On or near Sports/Recreation Area,E01031816,Worthing 012E,Anti-social behaviour,,
e8d8da749c7c69d040c77e7ad886ba9c6e3f161a25f9bcea4b9885e9cc0eed89,2017-03,Sussex Police,Sussex Police,-0.401173,50.815560,On or near Elm Grove,E01031816,Worthing 012E,Bicycle theft,Investigation complete; no suspect identified,
277a0b267050a6c531c7f3b64a99c4802377921006aa9dee51c27784d09a11a0,2017-03,Sussex Police,Sussex Police,-0.407171,50.816595,On or near Sports/Recreation Area,E01031816,Worthing 012E,Criminal damage and arson,Local resolution,
aa87f707ea6cb996c2c5402ed021644884e09b9b22d800a824f7b568dbb3cf49,2017-03,Sussex Police,Sussex Police,-0.398085,50.817838,On or near Tarring Road,E01031816,Worthing 012E,Criminal damage and arson,Investigation complete; no suspect identified,
86f445868ff4ad3a5d9171710f3fc85e981a976cdd8f4b2df2123f90941d3e63,2017-03,Sussex Police,Sussex Police,-0.407171,50.816595,On or near Sports/Recreation Area,E01031816,Worthing 012E,Public order,Investigation complete; no suspect identified,
461194c78a7c6ba5a5d0c2b17576f101eb78ed6d0c823613e62d6b5948cfdbd1,2017-03,Sussex Police,Sussex Police,-0.407171,50.816595,On or near Sports/Recreation Area,E01031816,Worthing 012E,Violence and sexual offences,Unable to prosecute suspect,
682b7f0b4bbc784b4d72541dee23dc047498c577c91fbf3ede11635b74578b68,2017-03,Sussex Police,Sussex Police,-0.398085,50.817838,On or near Tarring Road,E01031816,Worthing 012E,Violence and sexual offences,Court result unavailable,
87f78ddeaf22c8019a023449a70582b0a6b03ac306e55e2cb9c6d27772daef75,2017-03,Sussex Police,Sussex Police,-0.407171,50.816595,On or near Sports/Recreation Area,E01031816,Worthing 012E,Violence and sexual offences,Unable to prosecute suspect,
e60c83c60ec13fb869f58a724798b45c93ab52478ecd23f0bbb45655d69375c3,2017-03,Sussex Police,Sussex Police,-0.398085,50.817838,On or near Tarring Road,E01031816,Worthing 012E,Violence and sexual offences,Court result unavailable,
8bc1c2ea00a93ea9b432ba050a6dc8f51f247f68c35e15a153793b15269b97f9,2017-03,Sussex Police,Sussex Police,-0.398085,50.817838,On or near Tarring Road,E01031816,Worthing 012E,Violence and sexual offences,Court result unavailable,
,2017-03,Sussex Police,Sussex Police,-0.432788,50.815512,On or near Goring Way,E01031802,Worthing 013A,Anti-social behaviour,,
,2017-03,Sussex Police,Sussex Police,-0.427324,50.812084,On or near Ilex Way,E01031802,Worthing 013A,Anti-social behaviour,,
,2017-03,Sussex Police,Sussex Police,-0.432772,50.812580,On or near Bodiam Avenue,E01031802,Worthing 013A,Anti-social behaviour,,
,2017-03,Sussex Police,Sussex Police,-0.428319,50.817125,On or near Ardingly Drive,E01031802,Worthing 013A,Anti-social behaviour,,
9286c0beefdc537fff847c1c284e6ddef4f759a7e50a6f6b06bf70b2252558b2,2017-03,Sussex Police,Sussex Police,-0.429182,50.815095,On or near Crowborough Drive,E01031802,Worthing 013A,Criminal damage and arson,Unable to prosecute suspect,
15f9afbdb9c907b45920efb4c90864fcb237dec1136bd2e94708b30607b63b12,2017-03,Sussex Police,Sussex Police,-0.432546,50.816804,On or near Chatsmore Crescent,E01031802,Worthing 013A,Criminal damage and arson,Investigation complete; no suspect identified,
9c960de89c3ef47c160a4724354011e063999c33c201659890cbd1a7c1005ea2,2017-03,Sussex Police,Sussex Police,-0.428319,50.817125,On or near Ardingly Drive,E01031802,Worthing 013A,Drugs,Status update unavailable,
fcc6405756d52c56021716a69173097cbd8ac15067bf860f73a633e50737845e,2017-03,Sussex Police,Sussex Police,-0.430730,50.816339,On or near Petrol Station,E01031802,Worthing 013A,Violence and sexual offences,Investigation complete; no suspect identified,
d0d4cb37cf1b7c2b87937f9c2dc5f6910a8bfb40585491c318180d3cb7bff8e0,2017-03,Sussex Police,Sussex Police,-0.425154,50.809501,On or near Falmer Close,E01031803,Worthing 013B,Bicycle theft,Investigation complete; no suspect identified,
6ea07dce1b45d8e1f835ad7958bcb472f93d3130f6c6a891e1e396bd41e897af,2017-03,Sussex Police,Sussex Police,-0.421940,50.805482,On or near Parking Area,E01031803,Worthing 013B,Burglary,Investigation complete; no suspect identified,
90f075aee52f02191c23faff5e88e5d92a997446e6510490de4ef8e1c8ba512b,2017-03,Sussex Police,Sussex Police,-0.423729,50.808825,On or near Sea Lane,E01031803,Worthing 013B,Burglary,Investigation complete; no suspect identified,
71dcaf1fb98d371dab8c33dee5b3383aa9fc6913c4870cfa2a9bdd2268156fcd,2017-03,Sussex Police,Sussex Police,-0.424872,50.811134,On or near Theatre/Concert Hall,E01031803,Worthing 013B,Other theft,Investigation complete; no suspect identified,
367eee669d7af442b62d05b078976c62a7c1ebda2f1b98e2b8cf4f9e9713b453,2017-03,Sussex Police,Sussex Police,-0.413274,50.814529,On or near Walpole Avenue,E01031804,Worthing 013C,Violence and sexual offences,Unable to prosecute suspect,
,2017-03,Sussex Police,Sussex Police,-0.415915,50.808620,On or near Alinora Crescent,E01031805,Worthing 013D,Anti-social behaviour,,
025c3982ceded3f5ba20c2d1b25801ece72d20fa39b1c349c3152400953378e8,2017-03,Sussex Police,Sussex Police,-0.419240,50.809349,On or near Keymer Way,E01031805,Worthing 013D,Violence and sexual offences,Unable to prosecute suspect,
d97ebfaf38f7141bbb36c2c6f81df5b81d984ee51eadd1ea6e04fdb9d62673cd,2017-03,Sussex Police,Sussex Police,-0.409302,50.808180,On or near Moat Way,E01031805,Worthing 013D,Violence and sexual offences,Offender sent to prison,
,2017-03,Sussex Police,Sussex Police,-0.421634,50.812862,On or near Mulberry Gardens,E01031806,Worthing 013E,Anti-social behaviour,,
,2017-03,Sussex Police,Sussex Police,-0.421634,50.812862,On or near Mulberry Gardens,E01031806,Worthing 013E,Anti-social behaviour,,
,2017-03,Sussex Police,Sussex Police,-0.423054,50.811163,On or near Jefferies Lane,E01031806,Worthing 013E,Anti-social behaviour,,
,2017-03,Sussex Police,Sussex Police,-0.420833,50.813480,On or near Sports/Recreation Area,E01031806,Worthing 013E,Anti-social behaviour,,
37054b91ea6370b3dd39f4615901f0d057b7f6e6183a0e061ee2ca1c2a64b4b0,2017-03,Sussex Police,Sussex Police,-0.423054,50.811163,On or near Jefferies Lane,E01031806,Worthing 013E,Bicycle theft,Investigation complete; no suspect identified,
aa817f55ed9064385d4303514301789e08207294c8eb9be0bd9570ee4ab1bcf5,2017-03,Sussex Police,Sussex Police,-0.423054,50.811163,On or near Jefferies Lane,E01031806,Worthing 013E,Burglary,Investigation complete; no suspect identified,
e23c8dfb9dcd90a4aa09bf860697c768a3be8981e6d45c40142313276cb7cab3,2017-03,Sussex Police,Sussex Police,-0.421634,50.812862,On or near Mulberry Gardens,E01031806,Worthing 013E,Criminal damage and arson,Investigation complete; no suspect identified,
56d9f0d939e11a23119aa1bc3e14f45670ca0c911e452785f8ec122857976864,2017-03,Sussex Police,Sussex Police,-0.424618,50.817426,On or near Pedestrian Subway,E01031806,Worthing 013E,Violence and sexual offences,Unable to prosecute suspect,
bcfd803a263a00b313d6974d0b56bf4b17f1f04a2d671a27d1520dac5b0f06ea,2017-03,Sussex Police,Sussex Police,-0.423054,50.811163,On or near Jefferies Lane,E01031806,Worthing 013E,Violence and sexual offences,Investigation complete; no suspect identified,
cd33ecdcb26c2cc2cab967ccdf986a72f4a4b1560519b75bcbbeefab4605cea0,2017-03,Sussex Police,Sussex Police,-0.424103,50.816268,On or near Mulberry Lane,E01031806,Worthing 013E,Violence and sexual offences,Unable to prosecute suspect,
699f7396a214a0a1e4a066eb9d408c28797200059372a0d7ff29c7a5c2a7e158,2017-03,Sussex Police,Sussex Police,-0.421634,50.812862,On or near Mulberry Gardens,E01031806,Worthing 013E,Violence and sexual offences,Unable to prosecute suspect,
